<?xml version="1.0"?>
<opencv_storage>
<keypoints type_id="opencv-matrix">
  <rows>29</rows>
  <cols>7</cols>
  <dt>d</dt>
  <data>
    1.0941121101379395e+01 2.3343301773071289e+01 2.0051383972167969e+00
    6.6372406005859375e+01 7.9902254045009613e-02 7995903. -1.
    1.0941121101379395e+01 2.3343301773071289e+01 2.0051383972167969e+00
    2.8487152099609375e+02 7.9902254045009613e-02 7995903. -1.
    1.2482365608215332e+01 2.0350261688232422e+01 1.9526888132095337e+00
    8.5114135742187500e+00 6.3207462430000305e-02 6029823. -1.
    1.2482365608215332e+01 2.0350261688232422e+01 1.9526888132095337e+00
    6.6087677001953125e+01 6.3207462430000305e-02 6029823. -1.
    1.4320706367492676e+01 2.9608448028564453e+01 2.3628885746002197e+00
    1.5851043701171875e+02 1.0205125063657761e-01 3146495. -1.
    1.5280359268188477e+01 2.2752079010009766e+01 3.9295754432678223e+00
    3.5309753417968750e+01 8.2014605402946472e-02 6488320. -1.
    1.5280359268188477e+01 2.2752079010009766e+01 3.9295754432678223e+00
    2.5979269409179688e+02 8.2014605402946472e-02 6488320. -1.
    2.0161663055419922e+01 2.9869903564453125e+01 4.6458239555358887e+00
    3.8995849609375000e+01 9.1560855507850647e-02 1901056. -1.
    2.0161663055419922e+01 2.9869903564453125e+01 4.6458239555358887e+00
    1.5756233215332031e+02 9.1560855507850647e-02 1901056. -1.
    2.0161663055419922e+01 2.9869903564453125e+01 4.6458239555358887e+00
    2.4665293884277344e+02 9.1560855507850647e-02 1901056. -1.
    2.0233718872070313e+01 2.1506624221801758e+01 2.7606091499328613e+00
    2.7208004760742188e+02 9.6482165157794952e-02 14353151. -1.
    2.1046175003051758e+01 3.5900032043457031e+01 2.3108434677124023e+00
    8.2661376953125000e+01 9.6715360879898071e-02 1508095. -1.
    2.1046175003051758e+01 3.5900032043457031e+01 2.3108434677124023e+00
    2.8108489990234375e+02 9.6715360879898071e-02 1508095. -1.
    2.2368602752685547e+01 1.5993722915649414e+01 4.7975478172302246e+00
    8.8598815917968750e+01 8.3340615034103394e-02 4194816. -1.
    2.2914495468139648e+01 2.7866046905517578e+01 2.6053016185760498e+00
    1.5260375976562500e+01 6.4164839684963226e-02 10224383. -1.
    2.2914495468139648e+01 2.7866046905517578e+01 2.6053016185760498e+00
    2.7357064819335938e+02 6.4164839684963226e-02 10224383. -1.
    2.5358707427978516e+01 3.9857799530029297e+01 2.0971865653991699e+00
    2.7073065185546875e+02 5.9592299163341522e-02 11207167. -1.
    2.5848049163818359e+01 3.1090028762817383e+01 2.9849717617034912e+00
    1.7079101562500000e+01 1.0670251399278641e-01 3343359. -1.
    2.5848049163818359e+01 3.1090028762817383e+01 2.9849717617034912e+00
    1.6474365234375000e+02 1.0670251399278641e-01 3343359. -1.
    2.9546937942504883e+01 1.6015975952148438e+01 4.7253937721252441e+00
    9.1745849609375000e+01 8.1728301942348480e-02 3146240. -1.
    3.1606172561645508e+01 2.9940010070800781e+01 4.6912407875061035e+00
    2.5217895507812500e+01 9.1373711824417114e-02 2621952. -1.
    3.1606172561645508e+01 2.9940010070800781e+01 4.6912407875061035e+00
    1.4091949462890625e+02 9.1373711824417114e-02 2621952. -1.
    3.1606172561645508e+01 2.9940010070800781e+01 4.6912407875061035e+00
    2.9452133178710938e+02 9.1373711824417114e-02 2621952. -1.
    3.1667282104492188e+01 2.1493547439575195e+01 2.7497227191925049e+00
    2.6856579589843750e+02 9.6389874815940857e-02 14091007. -1.
    3.6620544433593750e+01 2.2774740219116211e+01 3.9468994140625000e+00
    1.4559246826171875e+02 8.0755047500133514e-02 6816000. -1.
    3.6620544433593750e+01 2.2774740219116211e+01 3.9468994140625000e+00
    2.8075744628906250e+02 8.0755047500133514e-02 6816000. -1.
    3.7359836578369141e+01 2.9737350463867188e+01 2.4941079616546631e+00
    1.7133178710937500e+01 1.0237799584865570e-01 7013119. -1.
    4.0799835205078125e+01 2.3334194183349609e+01 1.9328100681304932e+00
    1.1870870971679688e+02 7.9447790980339050e-02 5308927. -1.
    4.0799835205078125e+01 2.3334194183349609e+01 1.9328100681304932e+00
    2.5185350036621094e+02 7.9447790980339050e-02 5308927. -1.</data></keypoints>
