<?xml version="1.0"?>
<opencv_storage>
<keypoints type_id="opencv-matrix">
  <rows>11</rows>
  <cols>7</cols>
  <dt>d</dt>
  <data>
    1.6847509384155273e+01 2.9291114807128906e+01 4.3587145805358887e+00
    3.3491018676757813e+02 5.2422575652599335e-02 14024960. -1.
    2.0057546615600586e+01 2.0863901138305664e+01 2.3477590084075928e+00
    2.0945617675781250e+01 4.5558284968137741e-02 2687743. -1.
    2.3617944717407227e+01 1.6596965789794922e+01 4.9985194206237793e+00
    3.2371643066406250e+01 5.0349000841379166e-02 7209472. -1.
    2.3617944717407227e+01 1.6596965789794922e+01 4.9985194206237793e+00
    1.3320828247070313e+02 5.0349000841379166e-02 7209472. -1.
    2.4249961853027344e+01 2.4876674652099609e+01 2.4077003002166748e+00
    5.4237701416015625e+01 4.8633892089128494e-02 4522751. -1.
    2.4249961853027344e+01 2.4876674652099609e+01 2.4077003002166748e+00
    1.7808419799804688e+02 4.8633892089128494e-02 4522751. -1.
    2.4252853393554688e+01 2.4882520675659180e+01 2.3693730831146240e+00
    1.7785504150390625e+02 4.9112152308225632e-02 3343103. -1.
    2.5608608245849609e+01 1.2447157859802246e+01 1.8969789743423462e+00
    5.7369049072265625e+01 5.0854228436946869e-02 3932671. -1.
    2.5608608245849609e+01 1.2447157859802246e+01 1.8969789743423462e+00
    1.8758789062500000e+02 5.0854228436946869e-02 3932671. -1.
    2.7549915313720703e+01 3.7517612457275391e+01 2.8977248668670654e+00
    2.5234895324707031e+02 5.0591882318258286e-02 1180671. -1.
    3.2666137695312500e+01 2.4793424606323242e+01 4.4219813346862793e+00
    1.8548107910156250e+02 4.6961572021245956e-02 15008000. -1.</data></keypoints>
<descriptors type_id="opencv-matrix">
  <rows>11</rows>
  <cols>128</cols>
  <dt>f</dt>
  <data>
    1. 0. 0. 0. 0. 0. 0. 2. 1. 0. 0. 0. 0. 0. 21. 39. 20. 4. 1. 0. 0. 0.
    31. 129. 18. 17. 10. 1. 19. 20. 82. 129. 25. 0. 0. 0. 0. 0. 0. 13.
    129. 5. 2. 1. 0. 3. 91. 129. 43. 12. 12. 7. 7. 27. 129. 129. 40. 72.
    39. 8. 38. 21. 25. 34. 44. 7. 0. 0. 0. 0. 0. 3. 129. 129. 33. 10. 0.
    2. 8. 34. 53. 82. 88. 35. 11. 18. 42. 15. 25. 14. 39. 20. 34. 27.
    63. 46. 7. 7. 0. 0. 0. 0. 0. 0. 37. 129. 24. 1. 0. 0. 0. 0. 100.
    129. 49. 3. 0. 1. 3. 8. 11. 17. 86. 48. 10. 11. 13. 7. 30. 0. 0. 0.
    0. 0. 0. 5. 139. 1. 0. 0. 0. 0. 0. 76. 86. 3. 16. 26. 4. 33. 12. 39.
    0. 9. 53. 11. 2. 46. 89. 0. 53. 0. 0. 0. 0. 0. 0. 6. 139. 15. 8. 11.
    0. 0. 0. 24. 77. 14. 41. 139. 15. 1. 2. 5. 3. 22. 130. 54. 15. 28.
    14. 7. 61. 3. 0. 0. 0. 0. 0. 16. 139. 44. 44. 35. 0. 0. 4. 31. 61.
    16. 58. 108. 3. 0. 11. 104. 32. 2. 5. 9. 63. 81. 28. 70. 44. 4. 0.
    0. 0. 0. 3. 57. 36. 13. 8. 5. 0. 0. 65. 139. 12. 1. 5. 28. 5. 1. 63.
    139. 12. 3. 8. 61. 46. 10. 7. 42. 1. 0. 0. 0. 0. 0. 0. 5. 3. 0. 0.
    0. 0. 8. 38. 39. 0. 0. 0. 0. 0. 30. 56. 3. 0. 0. 0. 0. 0. 7. 22. 3.
    37. 1. 0. 0. 0. 0. 0. 16. 144. 7. 1. 1. 0. 23. 95. 144. 11. 6. 9. 7.
    1. 116. 144. 29. 1. 4. 2. 0. 11. 144. 144. 2. 59. 8. 0. 0. 0. 0. 0.
    2. 144. 114. 14. 7. 0. 2. 8. 33. 45. 54. 54. 41. 4. 24. 68. 27. 29.
    30. 9. 9. 85. 119. 41. 11. 33. 5. 0. 0. 0. 0. 0. 2. 144. 66. 6. 1.
    0. 0. 1. 59. 50. 26. 38. 34. 8. 7. 21. 59. 8. 7. 49. 41. 42. 9. 5.
    10. 48. 7. 0. 0. 0. 0. 1. 12. 142. 7. 2. 11. 6. 1. 14. 142. 27. 16.
    32. 33. 13. 11. 53. 62. 6. 8. 4. 2. 75. 62. 17. 3. 89. 5. 0. 0. 0.
    0. 0. 12. 142. 43. 12. 9. 12. 15. 1. 28. 50. 28. 52. 67. 44. 52. 6.
    7. 11. 48. 117. 59. 33. 27. 10. 2. 43. 32. 3. 0. 0. 0. 0. 7. 119.
    142. 142. 16. 1. 1. 0. 12. 8. 18. 142. 142. 13. 6. 0. 1. 0. 10. 142.
    86. 2. 0. 0. 0. 0. 6. 2. 0. 0. 0. 0. 0. 0. 15. 41. 2. 0. 0. 0. 0. 0.
    1. 40. 14. 0. 0. 0. 0. 0. 0. 9. 4. 0. 0. 0. 0. 5. 4. 10. 44. 15. 9.
    54. 24. 0. 0. 111. 110. 7. 6. 19. 19. 16. 79. 115. 31. 2. 8. 9. 2.
    36. 77. 12. 1. 24. 26. 4. 0. 17. 48. 8. 61. 102. 1. 0. 1. 47. 11.
    21. 61. 47. 44. 62. 29. 70. 35. 25. 11. 10. 115. 71. 24. 115. 46. 1.
    6. 31. 6. 5. 21. 37. 88. 24. 76. 47. 0. 0. 5. 115. 25. 4. 33. 30.
    10. 6. 47. 61. 9. 3. 19. 81. 87. 17. 29. 85. 25. 7. 13. 45. 8. 5.
    39. 59. 42. 14. 14. 4. 0. 0. 45. 109. 2. 1. 6. 20. 4. 1. 115. 13.
    18. 11. 40. 115. 36. 7. 10. 10. 75. 45. 27. 19. 11. 13. 2. 0. 0. 12.
    43. 2. 0. 51. 80. 6. 5. 65. 68. 15. 4. 23. 35. 13. 5. 8. 26. 69. 20.
    52. 50. 49. 7. 4. 2. 7. 16. 20. 73. 8. 3. 18. 113. 75. 10. 3. 8.
    113. 29. 56. 72. 6. 2. 3. 49. 29. 6. 65. 86. 2. 2. 36. 68. 2. 1.
    113. 45. 2. 1. 11. 22. 9. 9. 1. 18. 87. 113. 12. 2. 113. 52. 21. 21.
    8. 70. 38. 18. 12. 15. 48. 113. 15. 9. 68. 33. 0. 0. 64. 47. 35. 21.
    66. 10. 0. 98. 29. 0. 2. 63. 10. 0. 4. 21. 8. 1. 0. 83. 96. 19. 1.
    1. 1. 33. 40. 9. 85. 63. 0. 0. 0. 107. 94. 10. 18. 4. 0. 0. 7. 37.
    2. 0. 52. 85. 5. 5. 66. 71. 6. 2. 24. 37. 8. 4. 15. 33. 68. 18. 44.
    38. 47. 7. 4. 1. 7. 9. 28. 79. 4. 2. 12. 110. 79. 9. 3. 10. 110. 28.
    59. 93. 11. 3. 1. 36. 48. 9. 49. 72. 1. 2. 30. 74. 2. 1. 110. 50. 1.
    1. 15. 25. 5. 12. 1. 17. 92. 110. 7. 1. 110. 44. 15. 13. 14. 93. 38.
    15. 24. 24. 46. 110. 12. 7. 51. 29. 0. 0. 61. 50. 26. 19. 75. 13. 1.
    110. 27. 0. 2. 53. 6. 0. 3. 23. 9. 0. 0. 99. 85. 11. 1. 2. 2. 19.
    23. 11. 93. 66. 0. 0. 0. 96. 90. 11. 27. 8. 1. 0. 0. 0. 0. 0. 0. 4.
    4. 0. 0. 0. 0. 8. 26. 35. 0. 0. 0. 0. 1. 38. 21. 4. 0. 0. 0. 0. 0.
    3. 4. 6. 28. 0. 0. 0. 0. 0. 0. 12. 138. 2. 0. 0. 0. 39. 48. 128. 13.
    0. 0. 0. 9. 138. 75. 29. 0. 0. 0. 0. 1. 31. 94. 126. 41. 6. 0. 0. 0.
    0. 0. 1. 138. 54. 0. 0. 0. 11. 8. 24. 91. 15. 0. 0. 2. 138. 116. 26.
    0. 0. 3. 7. 0. 29. 138. 136. 13. 5. 0. 0. 0. 0. 0. 0. 138. 113. 0.
    0. 0. 0. 0. 0. 124. 99. 0. 2. 3. 5. 13. 2. 1. 4. 8. 55. 40. 4. 13.
    5. 1. 135. 138. 0. 0. 0. 0. 0. 32. 138. 89. 0. 0. 4. 8. 1. 19. 31.
    3. 54. 29. 1. 9. 6. 0. 0. 0. 138. 138. 0. 0. 0. 32. 47. 43. 0. 0. 0.
    0. 4. 138. 110. 32. 11. 0. 0. 0. 23. 65. 29. 26. 138. 31. 0. 0. 2.
    0. 0. 0. 138. 64. 0. 0. 0. 41. 13. 1. 0. 0. 0. 0. 4. 131. 78. 95.
    41. 0. 0. 0. 11. 9. 10. 77. 138. 4. 0. 0. 0. 0. 0. 0. 62. 6. 0. 0.
    0. 2. 6. 2. 0. 0. 0. 0. 0. 1. 15. 39. 7. 0. 0. 0. 0. 0. 0. 19. 19.
    0. 0. 0. 0. 0. 0. 0. 2. 0. 0. 0. 0. 3. 0. 0. 0. 0. 0. 0. 6. 10. 0.
    0. 0. 0. 1. 40. 53. 79. 3. 1. 0. 0. 2. 40. 107. 54. 49. 23. 0. 0. 2.
    24. 81. 39. 0. 0. 0. 0. 0. 0. 11. 126. 1. 0. 0. 2. 14. 61. 126. 61.
    6. 0. 1. 19. 54. 109. 108. 54. 18. 8. 2. 13. 30. 74. 57. 52. 7. 0.
    0. 0. 0. 0. 1. 126. 73. 1. 2. 14. 5. 3. 19. 110. 48. 3. 15. 126. 22.
    6. 10. 117. 42. 2. 6. 59. 27. 4. 5. 13. 8. 0. 0. 0. 0. 0. 0. 114.
    126. 6. 2. 3. 0. 0. 0. 47. 112. 43. 18. 60. 5. 0. 0. 92. 97. 12. 2.
    13. 22. 2. 1. 21. 1. 0. 0. 0. 0. 0. 6. 136. 15. 4. 0. 0. 0. 6. 117.
    25. 7. 17. 10. 10. 28. 47. 106. 3. 0. 2. 4. 12. 74. 85. 32. 35. 4.
    0. 0. 0. 0. 1. 3. 136. 38. 1. 1. 5. 0. 2. 77. 67. 25. 24. 67. 67.
    20. 18. 92. 23. 33. 47. 50. 13. 18. 18. 26. 18. 6. 2. 2. 1. 1. 5. 8.
    136. 136. 10. 3. 4. 1. 2. 8. 42. 136. 53. 11. 50. 72. 32. 7. 10. 37.
    18. 37. 49. 41. 82. 17. 2. 4. 5. 2. 0. 0. 0. 0. 3. 69. 14. 3. 0. 0.
    0. 0. 19. 136. 68. 0. 0. 1. 2. 1. 13. 105. 59. 110. 32. 3. 9. 2.</data></descriptors>
</opencv_storage>
