<?xml version="1.0"?>
<opencv_storage>
<keypoints type_id="opencv-matrix">
  <rows>25</rows>
  <cols>7</cols>
  <dt>d</dt>
  <data>
    1.3158807754516602e+01 2.4196640014648438e+01 1.9180198907852173e+00
    2.8618988037109375e+02 7.8305318951606750e-02 4784639. -1.
    1.4414808273315430e+01 2.1540306091308594e+01 2.3499557971954346e+00
    5.4284179687500000e+01 8.0470792949199677e-02 2753279. -1.
    1.4414808273315430e+01 2.1540306091308594e+01 2.3499557971954346e+00
    1.9095567321777344e+02 8.0470792949199677e-02 2753279. -1.
    1.4414808273315430e+01 2.1540306091308594e+01 2.3499557971954346e+00
    2.8159628295898438e+02 8.0470792949199677e-02 2753279. -1.
    1.8472377777099609e+01 2.1466390609741211e+01 2.6629230976104736e+00
    1.8920855712890625e+02 8.0945186316967010e-02 11797247. -1.
    1.8472377777099609e+01 2.1466390609741211e+01 2.6629230976104736e+00
    2.9898461914062500e+02 8.0945186316967010e-02 11797247. -1.
    1.9923480987548828e+01 1.5330841064453125e+01 2.1533343791961670e+00
    6.9479858398437500e+01 6.1396997421979904e-02 13107711. -1.
    2.0886425018310547e+01 1.8326387405395508e+01 2.5361423492431641e+00
    7.0060577392578125e+01 8.6615160107612610e-02 8258303. -1.
    2.0886425018310547e+01 1.8326387405395508e+01 2.5361423492431641e+00
    2.0152020263671875e+02 8.6615160107612610e-02 8258303. -1.
    2.4329133987426758e+01 1.1900580406188965e+01 3.1850640773773193e+00
    7.9737884521484375e+01 4.6338267624378204e-02 7996415. -1.
    2.4369176864624023e+01 3.8366664886474609e+01 3.7904076576232910e+00
    2.7086380004882813e+02 6.2858164310455322e-02 3866880. -1.
    2.4592060089111328e+01 2.4108058929443359e+01 6.2207031250000000e+00
    9.0263183593750000e+01 4.3321188539266586e-02 6292224. -1.
    2.4993143081665039e+01 2.7416028976440430e+01 1.8423349857330322e+00
    9.1075256347656250e+01 7.2408594191074371e-02 1835519. -1.
    2.5103239059448242e+01 1.9157546997070313e+01 2.8736302852630615e+00
    2.0926713562011719e+02 8.2298092544078827e-02 590847. -1.
    2.5103239059448242e+01 1.9157546997070313e+01 2.8736302852630615e+00
    3.3036206054687500e+02 8.2298092544078827e-02 590847. -1.
    2.5189146041870117e+01 1.8988502502441406e+01 2.8277709484100342e+00
    1.9735131835937500e+02 8.1800214946269989e-02 16122623. -1.
    2.5189146041870117e+01 1.8988502502441406e+01 2.8277709484100342e+00
    3.4219168090820313e+02 8.1800214946269989e-02 16122623. -1.
    2.9181346893310547e+01 1.8172149658203125e+01 2.5094149112701416e+00
    1.1343733215332031e+02 8.6958535015583038e-02 7471871. -1.
    3.0279752731323242e+01 1.5449651718139648e+01 1.9382699728012085e+00
    1.1264448547363281e+02 6.4916104078292847e-02 5505535. -1.
    3.1688379287719727e+01 2.1206741333007813e+01 2.6410567760467529e+00
    2.3043794250488281e+02 8.0153621733188629e-02 11207423. -1.
    3.1688379287719727e+01 2.1206741333007813e+01 2.6410567760467529e+00
    3.4938113403320313e+02 8.0153621733188629e-02 11207423. -1.
    3.5618858337402344e+01 2.1381057739257813e+01 2.1948316097259521e+00
    1.2525885009765625e+02 8.1283874809741974e-02 14483967. -1.
    3.5618858337402344e+01 2.1381057739257813e+01 2.1948316097259521e+00
    2.5223220825195313e+02 8.1283874809741974e-02 14483967. -1.
    3.5618858337402344e+01 2.1381057739257813e+01 2.1948316097259521e+00
    3.5354473876953125e+02 8.1283874809741974e-02 14483967. -1.
    3.6963462829589844e+01 2.4067617416381836e+01 2.0444133281707764e+00
    2.5125291442871094e+02 7.5849786400794983e-02 9372159. -1.</data></keypoints>
<descriptors type_id="opencv-matrix">
  <rows>25</rows>
  <cols>128</cols>
  <dt>f</dt>
  <data>
    13. 0. 0. 0. 0. 0. 2. 28. 13. 1. 3. 4. 0. 28. 56. 51. 1. 1. 1. 1. 0.
    69. 53. 1. 0. 0. 0. 0. 0. 25. 8. 0. 45. 0. 0. 4. 4. 0. 1. 86. 48.
    24. 33. 95. 30. 9. 9. 46. 114. 45. 19. 14. 2. 85. 66. 18. 4. 1. 1.
    1. 2. 120. 41. 3. 11. 0. 0. 48. 55. 5. 11. 120. 71. 10. 6. 120. 99.
    0. 1. 48. 120. 47. 76. 45. 3. 11. 5. 41. 11. 44. 120. 34. 7. 94. 15.
    1. 3. 0. 0. 49. 120. 23. 13. 46. 30. 1. 2. 66. 54. 8. 12. 90. 29. 7.
    53. 120. 12. 0. 2. 27. 61. 63. 82. 40. 1. 1. 3. 35. 15. 0. 0. 0. 7.
    10. 5. 18. 126. 3. 10. 29. 21. 9. 6. 112. 25. 7. 117. 126. 61. 40.
    3. 14. 2. 36. 88. 21. 11. 64. 18. 2. 61. 0. 0. 0. 0. 0. 0. 7. 126.
    5. 3. 14. 34. 57. 8. 35. 9. 4. 25. 69. 94. 126. 68. 5. 8. 34. 37. 9.
    3. 29. 122. 21. 58. 6. 0. 0. 0. 0. 0. 1. 126. 60. 21. 54. 14. 12. 3.
    5. 7. 7. 42. 126. 47. 55. 57. 12. 16. 13. 37. 22. 3. 8. 84. 87. 19.
    9. 0. 0. 0. 0. 0. 0. 64. 62. 23. 8. 5. 9. 3. 1. 4. 8. 69. 25. 10.
    21. 57. 13. 7. 27. 91. 2. 0. 0. 44. 51. 1. 41. 101. 48. 13. 8. 1. 0.
    3. 86. 95. 11. 12. 34. 24. 3. 17. 64. 22. 3. 5. 62. 25. 8. 3. 1. 0.
    6. 25. 56. 12. 1. 31. 102. 17. 6. 37. 49. 7. 5. 117. 73. 4. 4. 2.
    30. 117. 47. 29. 24. 4. 58. 40. 27. 117. 39. 3. 1. 0. 71. 58. 9. 2.
    2. 47. 10. 2. 5. 11. 117. 117. 50. 117. 22. 18. 85. 3. 11. 56. 99.
    13. 4. 11. 117. 29. 7. 11. 4. 0. 0. 0. 53. 13. 0. 0. 0. 33. 4. 67.
    117. 3. 19. 38. 22. 7. 6. 90. 117. 2. 5. 16. 11. 2. 1. 12. 66. 1. 0.
    0. 0. 0. 0. 0. 3. 0. 0. 0. 0. 12. 1. 2. 1. 0. 6. 26. 55. 2. 2. 3. 1.
    0. 70. 58. 8. 0. 0. 0. 0. 0. 52. 13. 0. 0. 0. 0. 0. 0. 3. 0. 0. 26.
    9. 17. 62. 21. 3. 5. 62. 117. 39. 28. 23. 4. 58. 41. 26. 10. 4. 13.
    4. 10. 117. 31. 7. 0. 0. 2. 1. 12. 68. 1. 0. 24. 3. 3. 85. 97. 11.
    11. 34. 117. 47. 117. 74. 5. 4. 2. 29. 56. 98. 117. 24. 16. 83. 3.
    11. 17. 12. 7. 6. 88. 117. 2. 5. 2. 0. 1. 39. 103. 50. 12. 8. 7. 5.
    30. 103. 18. 6. 35. 48. 117. 49. 47. 11. 2. 5. 12. 117. 41. 23. 36.
    4. 62. 117. 3. 19. 3. 23. 111. 79. 12. 1. 0. 0. 2. 43. 111. 67. 19.
    6. 1. 0. 4. 71. 80. 15. 12. 30. 20. 3. 10. 42. 14. 3. 6. 46. 19. 6.
    61. 53. 15. 15. 51. 15. 2. 2. 38. 69. 12. 7. 56. 84. 18. 9. 111. 69.
    5. 7. 3. 27. 79. 48. 20. 13. 4. 61. 27. 19. 74. 21. 111. 17. 1. 1.
    53. 44. 19. 41. 93. 7. 18. 25. 8. 106. 111. 62. 78. 9. 39. 101. 3.
    22. 64. 70. 7. 2. 11. 111. 9. 2. 2. 2. 24. 9. 49. 33. 9. 47. 61. 49.
    32. 4. 79. 111. 1. 4. 10. 32. 13. 8. 76. 74. 1. 2. 3. 11. 2. 1. 6.
    16. 0. 0. 0. 1. 26. 16. 9. 16. 6. 9. 37. 19. 20. 15. 8. 5. 2. 76.
    86. 8. 0. 1. 4. 3. 6. 89. 36. 0. 0. 4. 17. 4. 7. 15. 1. 0. 58. 29.
    11. 40. 72. 5. 2. 16. 63. 63. 112. 103. 9. 19. 13. 7. 85. 69. 60.
    20. 11. 112. 25. 7. 7. 5. 21. 7. 25. 112. 29. 1. 11. 1. 1. 21. 98.
    78. 15. 15. 29. 9. 19. 85. 51. 8. 19. 70. 112. 44. 100. 51. 2. 11.
    4. 64. 31. 57. 112. 25. 7. 91. 24. 5. 1. 0. 0. 2. 54. 112. 14. 2. 2.
    0. 5. 50. 48. 55. 39. 30. 5. 4. 46. 87. 5. 1. 36. 49. 54. 32. 33.
    11. 7. 2. 17. 112. 0. 0. 1. 11. 44. 30. 0. 0. 123. 9. 5. 9. 19. 19.
    1. 39. 126. 15. 7. 55. 59. 12. 2. 93. 0. 16. 110. 87. 47. 23. 4. 8.
    0. 0. 0. 0. 30. 36. 0. 0. 126. 37. 0. 0. 38. 58. 2. 8. 126. 69. 1.
    10. 46. 81. 11. 18. 5. 2. 11. 25. 45. 126. 69. 2. 0. 0. 0. 0. 8. 11.
    0. 0. 77. 3. 0. 0. 21. 53. 10. 37. 126. 20. 9. 77. 33. 13. 5. 56. 5.
    3. 95. 126. 42. 42. 15. 2. 0. 0. 0. 0. 0. 1. 0. 0. 49. 8. 0. 0. 1.
    7. 3. 8. 126. 37. 0. 15. 43. 46. 9. 7. 4. 2. 10. 30. 47. 102. 80. 5.
    58. 3. 10. 21. 22. 13. 1. 21. 123. 8. 11. 39. 29. 6. 3. 123. 3. 18.
    124. 84. 43. 20. 5. 32. 1. 42. 78. 10. 28. 58. 6. 1. 75. 13. 0. 0.
    30. 50. 2. 8. 124. 43. 1. 17. 39. 66. 9. 20. 7. 8. 30. 46. 58. 124.
    64. 3. 2. 47. 40. 3. 2. 41. 78. 6. 39. 1. 0. 0. 11. 31. 7. 21. 124.
    17. 6. 60. 31. 20. 6. 40. 7. 5. 81. 124. 57. 64. 30. 4. 8. 30. 77.
    10. 2. 16. 49. 22. 23. 5. 0. 0. 0. 2. 1. 4. 124. 38. 1. 7. 19. 33.
    11. 7. 11. 5. 6. 42. 47. 115. 85. 7. 12. 8. 14. 18. 4. 7. 55. 43.
    12. 52. 35. 29. 33. 9. 0. 0. 12. 44. 21. 9. 33. 72. 11. 2. 88. 94.
    10. 2. 2. 19. 38. 31. 39. 13. 3. 47. 28. 8. 47. 27. 47. 44. 3. 1.
    70. 57. 3. 5. 121. 50. 2. 4. 4. 65. 80. 31. 58. 13. 12. 64. 7. 37.
    121. 76. 23. 7. 11. 121. 24. 0. 3. 13. 22. 6. 18. 2. 30. 121. 65.
    37. 121. 14. 14. 93. 11. 15. 51. 94. 23. 7. 57. 121. 18. 4. 16. 9.
