<?xml version="1.0"?>
<opencv_storage>
<keypoints type_id="opencv-matrix">
  <rows>12</rows>
  <cols>7</cols>
  <dt>d</dt>
  <data>
    1.0352642059326172e+01 2.4495819091796875e+01 1.9057976007461548e+00
    3.6977783203125000e+01 8.6051002144813538e-02 4325887. -1.
    1.0352642059326172e+01 2.4495819091796875e+01 1.9057976007461548e+00
    2.3197537231445313e+02 8.6051002144813538e-02 4325887. -1.
    1.6134378433227539e+01 1.8317911148071289e+01 9.0789518356323242e+00
    1.0251892089843750e+01 8.3615131676197052e-02 197121. -1.
    1.6134378433227539e+01 1.8317911148071289e+01 9.0789518356323242e+00
    5.3215576171875000e+01 8.3615131676197052e-02 197121. -1.
    1.6134378433227539e+01 1.8317911148071289e+01 9.0789518356323242e+00
    9.5229064941406250e+01 8.3615131676197052e-02 197121. -1.
    1.6134378433227539e+01 1.8317911148071289e+01 9.0789518356323242e+00
    1.8317965698242188e+02 8.3615131676197052e-02 197121. -1.
    1.6134378433227539e+01 1.8317911148071289e+01 9.0789518356323242e+00
    2.1171409606933594e+02 8.3615131676197052e-02 197121. -1.
    1.6134378433227539e+01 1.8317911148071289e+01 9.0789518356323242e+00
    2.6852911376953125e+02 8.3615131676197052e-02 197121. -1.
    1.6134378433227539e+01 1.8317911148071289e+01 9.0789518356323242e+00
    3.2922708129882813e+02 8.3615131676197052e-02 197121. -1.
    1.6228446960449219e+01 1.1120478630065918e+01 2.3544385433197021e+00
    2.4052307128906250e+01 6.9986701011657715e-02 2884351. -1.
    1.6228446960449219e+01 1.1120478630065918e+01 2.3544385433197021e+00
    1.5423658752441406e+02 6.9986701011657715e-02 2884351. -1.
    2.3399948120117188e+01 1.8280050277709961e+01 2.3167753219604492e+00
    2.4648339843750000e+02 6.9505967199802399e-02 1704703. -1.</data></keypoints>
<descriptors type_id="opencv-matrix">
  <rows>12</rows>
  <cols>128</cols>
  <dt>f</dt>
  <data>
    34. 7. 122. 57. 0. 0. 0. 52. 2. 15. 123. 74. 0. 0. 2. 5. 0. 123.
    123. 5. 2. 2. 2. 1. 0. 65. 41. 1. 77. 43. 0. 0. 23. 7. 123. 87. 0.
    0. 0. 5. 85. 12. 87. 27. 8. 17. 39. 85. 4. 102. 77. 15. 78. 53. 33.
    14. 0. 123. 102. 10. 26. 5. 0. 0. 44. 13. 7. 6. 0. 0. 0. 1. 123. 84.
    24. 37. 18. 5. 4. 22. 8. 13. 17. 123. 123. 14. 3. 4. 0. 72. 29. 12.
    14. 0. 0. 0. 9. 8. 0. 0. 0. 0. 0. 2. 18. 55. 36. 22. 2. 1. 1. 2. 0.
    4. 21. 65. 12. 0. 0. 0. 0. 2. 1. 3. 1. 0. 0. 0. 5. 0. 0. 0. 0. 0. 0.
    6. 21. 2. 0. 0. 1. 14. 30. 61. 1. 0. 0. 2. 16. 69. 26. 9. 0. 0. 0.
    0. 3. 5. 0. 1. 30. 1. 0. 0. 0. 11. 15. 9. 124. 22. 4. 3. 11. 25. 19.
    86. 15. 6. 4. 17. 124. 124. 18. 19. 0. 0. 0. 1. 25. 18. 18. 51. 20.
    4. 0. 0. 0. 99. 124. 14. 85. 73. 30. 13. 4. 47. 108. 14. 7. 20. 37.
    70. 76. 16. 79. 66. 0. 0. 0. 3. 21. 5. 106. 124. 58. 88. 0. 0. 0.
    40. 86. 9. 4. 11. 1. 0. 0. 91. 124. 5. 0. 0. 2. 2. 0. 18. 124. 111.
    0. 0. 0. 25. 43. 1. 58. 91. 0. 0. 0. 0. 0. 0. 0. 6. 0. 0. 0. 0. 0.
    4. 42. 35. 0. 0. 0. 0. 0. 38. 50. 4. 0. 0. 0. 0. 0. 7. 1. 0. 31. 2.
    0. 0. 0. 0. 1. 41. 134. 29. 6. 5. 6. 31. 139. 139. 8. 5. 6. 31. 139.
    139. 139. 38. 0. 0. 0. 4. 44. 39. 1. 0. 30. 27. 1. 0. 0. 0. 0. 5.
    139. 139. 132. 32. 6. 6. 8. 41. 9. 38. 131. 139. 139. 38. 9. 7. 0.
    0. 0. 39. 55. 4. 0. 0. 0. 5. 1. 0. 0. 0. 0. 0. 0. 42. 34. 3. 0. 0.
    0. 0. 0. 5. 30. 30. 2. 0. 0. 0. 0. 0. 0. 5. 2. 0. 0. 0. 0. 0. 0. 0.
    0. 0. 1. 3. 0. 0. 0. 0. 0. 3. 55. 37. 0. 0. 0. 0. 1. 29. 55. 6. 0.
    0. 0. 0. 1. 3. 0. 0. 51. 3. 0. 0. 0. 0. 1. 28. 137. 32. 6. 5. 6. 29.
    137. 137. 9. 7. 7. 31. 137. 137. 137. 40. 0. 0. 0. 3. 55. 42. 0. 0.
    56. 19. 0. 0. 0. 0. 0. 4. 137. 137. 137. 29. 6. 5. 7. 35. 9. 38.
    137. 137. 137. 36. 8. 7. 0. 0. 1. 19. 47. 7. 0. 0. 0. 1. 0. 0. 0. 0.
    0. 0. 1. 20. 44. 4. 0. 0. 0. 0. 0. 3. 56. 22. 0. 0. 0. 0. 0. 0. 0.
    1. 0. 0. 0. 0. 1. 0. 0. 0. 0. 0. 0. 7. 1. 0. 0. 0. 0. 4. 43. 42. 0.
    0. 0. 0. 0. 40. 52. 5. 0. 0. 0. 0. 0. 6. 2. 0. 47. 4. 0. 0. 0. 0. 0.
    38. 140. 37. 8. 5. 7. 31. 140. 140. 9. 7. 8. 37. 132. 140. 140. 39.
    0. 0. 0. 5. 30. 34. 2. 0. 42. 36. 0. 0. 0. 0. 0. 4. 140. 140. 133.
    28. 6. 5. 6. 32. 9. 40. 140. 140. 130. 32. 7. 6. 0. 0. 0. 41. 32. 3.
    0. 0. 1. 6. 0. 0. 0. 0. 0. 0. 1. 39. 29. 3. 0. 0. 0. 0. 0. 5. 31.
    31. 1. 0. 0. 0. 0. 0. 0. 5. 0. 0. 0. 0. 2. 0. 0. 0. 0. 0. 0. 6. 2.
    0. 0. 0. 0. 4. 30. 36. 0. 0. 0. 0. 1. 40. 31. 4. 0. 0. 0. 0. 0. 6.
    0. 0. 51. 5. 0. 0. 0. 0. 0. 41. 140. 39. 9. 7. 8. 36. 134. 140. 7.
    6. 9. 40. 140. 140. 130. 32. 0. 0. 0. 5. 31. 32. 0. 0. 43. 43. 1. 0.
    0. 0. 0. 4. 140. 140. 140. 38. 7. 5. 7. 31. 6. 32. 140. 140. 132.
    28. 6. 5. 0. 0. 1. 38. 28. 3. 0. 0. 0. 7. 1. 0. 0. 0. 0. 0. 0. 38.
    46. 4. 0. 0. 0. 0. 0. 4. 43. 37. 0. 0. 0. 0. 0. 0. 1. 6. 0. 0. 0. 0.
    1. 0. 0. 0. 0. 0. 0. 1. 1. 0. 0. 0. 0. 7. 41. 19. 0. 0. 0. 0. 0. 32.
    50. 2. 0. 0. 0. 0. 0. 1. 0. 0. 65. 4. 0. 0. 0. 0. 0. 26. 137. 37. 8.
    7. 9. 39. 137. 137. 6. 6. 7. 39. 137. 137. 137. 29. 0. 0. 0. 7. 39.
    17. 1. 0. 53. 33. 1. 0. 0. 0. 0. 4. 137. 137. 137. 39. 8. 6. 7. 30.
    6. 30. 137. 137. 137. 29. 6. 5. 0. 0. 0. 38. 46. 2. 0. 0. 0. 4. 1.
    0. 0. 0. 0. 0. 0. 33. 60. 4. 0. 0. 0. 0. 0. 4. 48. 30. 1. 0. 0. 0.
    0. 0. 0. 3. 1. 0. 0. 0. 0. 0. 0. 0. 0. 0. 1. 6. 0. 0. 0. 0. 0. 4.
    33. 34. 0. 0. 0. 0. 2. 35. 28. 3. 0. 0. 0. 0. 1. 5. 0. 0. 30. 4. 0.
    0. 0. 0. 1. 37. 130. 34. 7. 6. 9. 40. 140. 140. 6. 5. 7. 31. 140.
    140. 129. 30. 0. 0. 0. 3. 44. 36. 0. 0. 31. 40. 2. 0. 0. 0. 0. 4.
    133. 140. 140. 39. 10. 7. 8. 35. 6. 30. 140. 140. 140. 36. 7. 5. 0.
    0. 0. 37. 45. 4. 0. 0. 0. 7. 1. 0. 0. 0. 0. 0. 0. 41. 49. 5. 0. 0.
    0. 0. 0. 4. 44. 44. 1. 0. 0. 0. 0. 0. 0. 8. 1. 0. 0. 0. 0. 0. 0. 0.
    0. 0. 1. 1. 0. 0. 0. 0. 0. 3. 57. 23. 0. 0. 0. 0. 1. 28. 49. 4. 0.
    0. 0. 0. 1. 3. 0. 0. 39. 4. 0. 0. 0. 0. 1. 21. 136. 29. 6. 5. 7. 34.
    137. 137. 6. 5. 6. 29. 137. 137. 137. 32. 0. 0. 0. 3. 54. 39. 0. 0.
    55. 27. 0. 0. 0. 0. 0. 3. 137. 137. 137. 36. 8. 7. 9. 38. 7. 31.
    137. 137. 137. 40. 9. 7. 0. 0. 1. 29. 52. 6. 0. 0. 1. 1. 0. 0. 0. 0.
    0. 0. 1. 20. 41. 7. 0. 0. 0. 0. 0. 2. 52. 45. 0. 0. 0. 0. 0. 0. 1.
    4. 0. 0. 0. 0. 5. 0. 0. 0. 0. 0. 1. 8. 8. 0. 0. 0. 0. 16. 43. 36. 1.
    0. 0. 0. 0. 43. 23. 8. 4. 0. 0. 0. 1. 7. 24. 53. 38. 1. 0. 0. 0. 0.
    14. 12. 138. 5. 0. 0. 0. 43. 62. 87. 24. 0. 0. 0. 0. 138. 79. 37.
    53. 7. 4. 9. 20. 41. 27. 98. 27. 10. 2. 1. 3. 27. 119. 38. 138. 8.
    1. 1. 3. 28. 38. 45. 113. 2. 0. 0. 1. 138. 46. 26. 14. 7. 4. 8. 7.
    129. 138. 8. 27. 73. 29. 5. 6. 12. 15. 41. 133. 4. 7. 4. 7. 11. 7.
    138. 85. 1. 1. 0. 0. 28. 14. 43. 0. 0. 0. 28. 14. 32. 80. 1. 23. 36.
    23. 16. 5. 6. 34. 68. 140. 138. 7. 11. 5. 4. 6. 6. 83. 33. 20. 29.
    0. 0. 1. 3. 0. 2. 84. 29. 17. 28. 0. 0. 36. 30. 118. 28. 2. 1. 1. 8.
    140. 40. 37. 29. 2. 0. 0. 18. 86. 16. 79. 140. 0. 0. 0. 5. 14. 11.
    140. 102. 8. 9. 5. 10. 52. 14. 10. 0. 0. 0. 0. 1. 140. 93. 72. 65.
    0. 0. 0. 3. 22. 41. 72. 140. 0. 0. 0. 1. 51. 99. 32. 33. 26. 10. 4.
    9. 5. 10. 1. 0. 0. 0. 0. 0. 6. 30. 46. 19. 0. 0. 0. 0. 1. 12. 17.
    36. 0. 0. 0. 0. 3. 51. 29. 9. 1. 0. 0. 0. 17. 46. 10. 14. 9. 14. 48.
    48. 138. 138. 3. 8. 7. 7. 5. 1. 86. 42. 13. 30. 0. 0. 1. 1. 0. 1.
    84. 37. 11. 24. 0. 0. 24. 23. 110. 50. 7. 4. 5. 10. 138. 38. 24. 27.
    5. 2. 0. 9. 110. 26. 42. 138. 1. 0. 0. 2. 8. 5. 132. 138. 9. 14. 7.
    5. 42. 10. 19. 2. 0. 0. 0. 2. 138. 80. 61. 43. 0. 0. 0. 7. 25. 44.
    87. 138. 0. 0. 0. 0. 37. 99. 29. 36. 26. 17. 6. 7. 6. 10. 1. 0. 0.
    0. 0. 0. 9. 36. 48. 18. 0. 0. 0. 0. 1. 13. 26. 45. 0. 0. 0. 0. 3.
    60. 29. 9. 2. 0. 0. 0.</data></descriptors>
</opencv_storage>
