<?xml version="1.0"?>
<opencv_storage>
<keypoints type_id="opencv-matrix">
  <rows>10</rows>
  <cols>7</cols>
  <dt>d</dt>
  <data>
    2.4184387207031250e+01 2.0723682403564453e+01 1.8994559049606323e+00
    1.2273742675781250e+01 9.3948923051357269e-02 4063743. -1.
    2.4213256835937500e+01 2.8599857330322266e+01 1.9047746658325195e+00
    3.4273022460937500e+02 9.5569200813770294e-02 4260351. -1.
    2.4224351882934570e+01 2.4726453781127930e+01 3.5213272571563721e+00
    3.8236541748046875e+01 8.2817830145359039e-02 15270911. -1.
    2.4224351882934570e+01 2.4726453781127930e+01 3.5213272571563721e+00
    1.4165188598632813e+02 8.2817830145359039e-02 15270911. -1.
    2.4224351882934570e+01 2.4726453781127930e+01 3.5213272571563721e+00
    2.1867677307128906e+02 8.2817830145359039e-02 15270911. -1.
    2.4224351882934570e+01 2.4726453781127930e+01 3.5213272571563721e+00
    3.2134237670898438e+02 8.2817830145359039e-02 15270911. -1.
    2.4905075073242188e+01 2.5251739501953125e+01 1.6697528839111328e+01
    5.2172760009765625e+01 6.4604051411151886e-02 10879234. -1.
    2.4905075073242188e+01 2.5251739501953125e+01 1.6697528839111328e+01
    9.3638488769531250e+01 6.4604051411151886e-02 10879234. -1.
    2.4905075073242188e+01 2.5251739501953125e+01 1.6697528839111328e+01
    1.3041516113281250e+02 6.4604051411151886e-02 10879234. -1.
    2.4905075073242188e+01 2.5251739501953125e+01 1.6697528839111328e+01
    3.1253268432617188e+02 6.4604051411151886e-02 10879234. -1.</data></keypoints>
<descriptors type_id="opencv-matrix">
  <rows>10</rows>
  <cols>128</cols>
  <dt>f</dt>
  <data>
    0. 0. 18. 35. 0. 0. 42. 100. 0. 1. 102. 55. 1. 0. 48. 23. 0. 18.
    119. 26. 2. 4. 33. 4. 0. 69. 68. 0. 0. 26. 32. 0. 5. 4. 32. 119. 29.
    0. 1. 10. 72. 19. 90. 75. 4. 15. 16. 25. 9. 17. 83. 25. 50. 107. 19.
    11. 4. 119. 76. 2. 14. 13. 3. 1. 12. 4. 2. 116. 77. 3. 14. 16. 119.
    22. 2. 9. 3. 9. 16. 70. 50. 2. 0. 1. 70. 119. 29. 21. 6. 16. 3. 5.
    20. 67. 118. 11. 19. 13. 13. 9. 44. 7. 31. 58. 41. 34. 48. 1. 0. 1.
    34. 112. 20. 30. 10. 35. 27. 39. 14. 20. 0. 0. 36. 91. 27. 23. 39.
    1. 20. 52. 19. 13. 56. 7. 11. 12. 32. 103. 24. 0. 0. 5. 68. 35. 20.
    17. 9. 16. 35. 26. 22. 52. 1. 1. 12. 11. 63. 99. 23. 1. 12. 20. 13.
    3. 96. 90. 1. 3. 118. 84. 16. 7. 3. 6. 1. 22. 55. 24. 43. 118. 37.
    3. 0. 4. 3. 18. 118. 59. 14. 24. 6. 4. 6. 6. 0. 0. 48. 118. 22. 3.
    86. 42. 21. 15. 3. 71. 62. 14. 11. 16. 31. 118. 48. 17. 46. 11. 6.
    7. 20. 22. 13. 1. 56. 105. 0. 82. 30. 0. 1. 53. 20. 0. 1. 17. 25. 1.
    0. 82. 114. 1. 0. 3. 15. 5. 3. 37. 118. 26. 1. 4. 6. 0. 1. 1. 94.
    96. 18. 0. 2. 22. 2. 0. 18. 111. 1. 4. 65. 69. 5. 8. 65. 57. 4. 69.
    87. 7. 1. 43. 73. 5. 4. 32. 4. 0. 17. 111. 28. 0. 77. 6. 6. 62. 78.
    5. 1. 53. 77. 26. 24. 59. 28. 31. 45. 19. 24. 56. 26. 18. 57. 44.
    73. 14. 86. 75. 5. 6. 34. 54. 5. 7. 76. 47. 1. 4. 86. 57. 3. 5. 63.
    40. 64. 11. 31. 60. 24. 17. 22. 35. 60. 23. 78. 20. 25. 46. 106. 9.
    16. 40. 13. 12. 9. 71. 22. 111. 21. 0. 4. 25. 3. 0. 1. 53. 68. 3. 4.
    71. 83. 4. 4. 10. 65. 42. 1. 7. 83. 63. 4. 0. 26. 111. 2. 0. 5. 30.
    27. 0. 4. 32. 5. 0. 12. 111. 16. 7. 101. 79. 8. 9. 15. 43. 5. 69.
    86. 9. 5. 62. 26. 9. 4. 30. 4. 0. 18. 111. 17. 0. 74. 6. 4. 68. 84.
    6. 1. 36. 67. 19. 21. 54. 27. 13. 66. 41. 27. 47. 22. 23. 88. 24.
    51. 30. 93. 62. 5. 7. 73. 40. 1. 6. 68. 53. 1. 5. 76. 68. 8. 6. 73.
    19. 49. 37. 24. 56. 28. 22. 25. 11. 68. 43. 55. 16. 30. 62. 79. 3.
    1. 48. 70. 5. 4. 65. 14. 111. 22. 0. 1. 22. 4. 0. 0. 53. 75. 8. 4.
    61. 68. 5. 3. 3. 79. 51. 1. 6. 84. 63. 3. 0. 23. 111. 19. 0. 4. 24.
    2. 0. 5. 30. 4. 0. 25. 111. 1. 7. 84. 63. 4. 10. 66. 42. 4. 70. 83.
    4. 1. 53. 68. 3. 4. 25. 3. 0. 22. 111. 21. 0. 13. 11. 9. 71. 106. 9.
    16. 42. 78. 21. 25. 46. 22. 35. 61. 23. 31. 60. 24. 16. 63. 40. 64.
    11. 86. 58. 3. 5. 76. 47. 1. 4. 34. 54. 5. 7. 87. 75. 5. 6. 57. 43.
    73. 14. 24. 56. 26. 17. 28. 31. 46. 19. 76. 26. 24. 59. 78. 5. 1.
    53. 77. 6. 6. 62. 17. 111. 28. 0. 4. 32. 4. 0. 1. 43. 73. 5. 4. 69.
    87. 7. 5. 8. 65. 57. 1. 4. 65. 69. 2. 0. 18. 111. 18. 0. 2. 22. 19.
    0. 4. 24. 3. 0. 23. 111. 1. 6. 84. 63. 3. 3. 79. 51. 4. 61. 69. 5.
    0. 53. 75. 8. 1. 22. 4. 0. 13. 111. 22. 0. 70. 5. 4. 66. 79. 3. 1.
    48. 55. 16. 30. 62. 25. 11. 68. 43. 24. 57. 28. 22. 73. 18. 50. 37.
    76. 68. 8. 7. 67. 53. 1. 5. 72. 40. 1. 6. 93. 62. 5. 7. 88. 23. 51.
    30. 27. 47. 22. 23. 27. 14. 66. 40. 67. 18. 21. 54. 84. 6. 1. 36.
    74. 6. 4. 68. 18. 111. 16. 0. 4. 30. 4. 0. 5. 62. 25. 9. 5. 69. 86.
    9. 8. 9. 15. 43. 16. 7. 101. 79. 5. 0. 12. 111. 27. 0. 4. 32. 0. 0.
    0. 0. 0. 0. 0. 0. 0. 0. 0. 0. 0. 0. 21. 16. 0. 0. 0. 0. 0. 0. 16. 6.
    0. 0. 0. 0. 0. 0. 0. 0. 28. 3. 0. 0. 0. 0. 0. 8. 146. 51. 13. 7. 4.
    19. 146. 146. 18. 13. 20. 47. 105. 146. 146. 76. 0. 0. 0. 1. 18. 7.
    0. 0. 33. 10. 0. 0. 0. 0. 0. 2. 146. 146. 146. 25. 4. 5. 15. 54. 18.
    65. 146. 146. 94. 46. 22. 14. 0. 0. 0. 3. 14. 3. 0. 0. 0. 0. 0. 0.
    0. 0. 0. 0. 0. 11. 28. 0. 0. 0. 0. 0. 0. 4. 29. 1. 0. 0. 0. 0. 0. 0.
    0. 0. 0. 0. 0. 0. 0. 0. 0. 0. 0. 0. 0. 0. 1. 0. 0. 0. 0. 1. 4. 10.
    0. 0. 0. 0. 0. 8. 7. 3. 0. 0. 0. 0. 0. 0. 0. 0. 20. 2. 0. 0. 0. 0.
    0. 14. 152. 58. 14. 12. 8. 22. 80. 152. 18. 15. 17. 84. 120. 152.
    128. 86. 0. 0. 0. 3. 6. 6. 0. 0. 17. 16. 0. 0. 0. 0. 0. 2. 152. 152.
    152. 44. 6. 4. 6. 51. 16. 62. 152. 152. 88. 20. 8. 14. 0. 0. 1. 14.
    4. 0. 0. 0. 0. 1. 0. 0. 0. 0. 0. 0. 0. 20. 17. 2. 0. 0. 0. 0. 0. 3.
    19. 15. 0. 0. 0. 0. 0. 0. 0. 1. 0. 0. 0. 0. 0. 0. 0. 0. 0. 0. 0. 0.
    0. 0. 0. 0. 0. 2. 16. 4. 0. 0. 0. 0. 0. 5. 20. 2. 0. 0. 0. 0. 0. 0.
    0. 0. 25. 4. 0. 0. 0. 0. 0. 1. 146. 69. 16. 12. 19. 39. 99. 146. 23.
    16. 18. 72. 146. 142. 112. 50. 0. 0. 0. 6. 19. 0. 0. 0. 26. 11. 0.
    0. 0. 0. 0. 0. 146. 146. 146. 48. 13. 5. 5. 24. 15. 60. 146. 146.
    146. 19. 5. 7. 0. 0. 0. 16. 24. 0. 0. 0. 0. 0. 0. 0. 0. 0. 0. 0. 0.
    11. 31. 2. 0. 0. 0. 0. 0. 3. 30. 7. 0. 0. 0. 0. 0. 0. 0. 0. 0. 0. 0.
    0. 0. 0. 0. 0. 0. 0. 0. 0. 0. 0. 0. 0. 0. 3. 31. 8. 0. 0. 0. 0. 0.
    11. 31. 2. 0. 0. 0. 0. 0. 0. 0. 0. 26. 0. 0. 0. 0. 0. 0. 15. 146.
    20. 5. 6. 15. 60. 146. 146. 13. 5. 5. 23. 146. 146. 146. 48. 0. 0.
    0. 0. 25. 12. 0. 0. 21. 0. 0. 0. 0. 0. 0. 6. 146. 143. 111. 49. 23.
    15. 18. 71. 19. 39. 101. 146. 146. 71. 16. 12. 0. 0. 0. 1. 23. 5. 0.
    0. 0. 0. 0. 0. 0. 0. 0. 0. 0. 4. 19. 2. 0. 0. 0. 0. 0. 1. 17. 5. 0.
    0. 0. 0. 0. 0. 0. 0. 0. 0. 0. 0.</data></descriptors>
</opencv_storage>
