<?xml version="1.0"?>
<opencv_storage>
<keypoints type_id="opencv-matrix">
  <rows>96</rows>
  <cols>7</cols>
  <dt>d</dt>
  <data>
    4.7974400520324707e+00 5.3349395751953125e+01 2.2052810192108154e+00
    1.0133071899414063e+02 3.5241968929767609e-02 14877183. -1.
    5.6298289299011230e+00 4.8943767547607422e+01 3.8909020423889160e+00
    1.0298098754882813e+02 3.0926270410418510e-02 5767424. -1.
    5.6298289299011230e+00 4.8943767547607422e+01 3.8909020423889160e+00
    3.3441394042968750e+02 3.0926270410418510e-02 5767424. -1.
    6.0701155662536621e+00 3.0623834609985352e+01 6.5938577651977539e+00
    3.0031591796875000e+02 1.7733506858348846e-02 10486528. -1.
    7.9350123405456543e+00 6.3447116851806641e+01 3.2655167579650879e+00
    2.4725047302246094e+02 1.4304861426353455e-02 9831423. -1.
    7.9859313964843750e+00 1.6829725265502930e+01 3.5088768005371094e+00
    3.0100067138671875e+01 2.6013620197772980e-02 15008767. -1.
    9.4359607696533203e+00 5.4454082489013672e+01 1.9252262115478516e+00
    1.7889285278320313e+02 5.8597233146429062e-02 5046783. -1.
    1.0897171020507813e+01 4.1837730407714844e+01 6.5794777870178223e+00
    3.3892120361328125e+02 2.3069785907864571e-02 10355456. -1.
    1.1406810760498047e+01 7.5215744018554688e+01 1.8083018064498901e+00
    1.1363800048828125e+02 9.0408273041248322e-02 524799. -1.
    1.1750561714172363e+01 4.2886440277099609e+01 2.4612529277801514e+00
    2.4432336425781250e+02 2.2071314975619316e-02 6095615. -1.
    1.2777014732360840e+01 3.8254184722900391e+01 2.6193010807037354e+00
    2.4438049316406250e+01 1.6665965318679810e-02 10552063. -1.
    1.2804786682128906e+01 7.9542083740234375e+01 3.0651845932006836e+00
    6.4455596923828125e+01 3.7169102579355240e-02 5243903. -1.
    1.3373936653137207e+01 7.5040555000305176e+00 2.5308358669281006e+00
    3.5935394287109375e+01 2.3181214928627014e-02 8127231. -1.
    1.3373936653137207e+01 7.5040555000305176e+00 2.5308358669281006e+00
    2.5916259765625000e+02 2.3181214928627014e-02 8127231. -1.
    1.4280444145202637e+01 7.0277991294860840e+00 2.0757386684417725e+00
    4.2302978515625000e+01 2.3290887475013733e-02 10486271. -1.
    1.4280444145202637e+01 7.0277991294860840e+00 2.0757386684417725e+00
    2.6628305053710938e+02 2.3290887475013733e-02 10486271. -1.
    1.4999466896057129e+01 1.4887717247009277e+01 1.9012616872787476e+00
    7.4313751220703125e+01 3.1496636569499969e-02 4129279. -1.
    1.4999466896057129e+01 1.4887717247009277e+01 1.9012616872787476e+00
    1.2339169311523438e+02 3.1496636569499969e-02 4129279. -1.
    1.4999466896057129e+01 1.4887717247009277e+01 1.9012616872787476e+00
    3.5655697631835938e+02 3.1496636569499969e-02 4129279. -1.
    1.5411079406738281e+01 9.8887252807617188e+00 2.3568716049194336e+00
    3.6102416992187500e+01 2.8641836717724800e-02 2949887. -1.
    1.5989413261413574e+01 4.5734943389892578e+01 3.3312108516693115e+00
    2.3942333984375000e+02 2.0432699471712112e-02 11273215. -1.
    1.6495161056518555e+01 4.1596485137939453e+01 2.0840377807617188e+00
    2.4440502929687500e+02 2.3419598117470741e-02 10748415. -1.
    1.7928592681884766e+01 7.4449714660644531e+01 1.9952394962310791e+00
    1.8125976562500000e+01 4.4649861752986908e-02 7602687. -1.
    1.8012056350708008e+01 2.0089593887329102e+01 6.9206976890563965e+00
    1.6945024108886719e+02 2.6756312698125839e-02 14025472. -1.
    1.8012056350708008e+01 2.0089593887329102e+01 6.9206976890563965e+00
    2.2158648681640625e+02 2.6756312698125839e-02 14025472. -1.
    2.0161888122558594e+01 6.0187458038330078e+01 3.9167726039886475e+00
    3.5056600952148438e+02 3.7568811327219009e-02 6291712. -1.
    2.0387716293334961e+01 5.9969528198242188e+01 3.5429494380950928e+00
    3.4927148437500000e+02 3.8143444806337357e-02 15729663. -1.
    2.0643032073974609e+01 1.0046732902526855e+01 3.8697719573974609e+00
    1.3740179443359375e+02 2.4677541106939316e-02 5374208. -1.
    2.0643032073974609e+01 1.0046732902526855e+01 3.8697719573974609e+00
    3.0628091430664063e+02 2.4677541106939316e-02 5374208. -1.
    2.0863021850585938e+01 1.6692817687988281e+01 2.4345700740814209e+00
    1.7246797180175781e+02 3.8443829864263535e-02 5309183. -1.
    2.1048841476440430e+01 6.5252754211425781e+01 2.5088260173797607e+00
    2.7348571777343750e+01 3.5619270056486130e-02 7471871. -1.
    2.1332201004028320e+01 7.4446052551269531e+01 3.1834628582000732e+00
    1.8123840332031250e+01 5.7727776467800140e-02 7996415. -1.
    2.1332201004028320e+01 7.4446052551269531e+01 3.1834628582000732e+00
    2.0272161865234375e+02 5.7727776467800140e-02 7996415. -1.
    2.1409015655517578e+01 3.7835231781005859e+01 2.7429029941558838e+00
    2.2408642578125000e+02 3.3810988068580627e-02 13894399. -1.
    2.2645294189453125e+01 6.9828430175781250e+01 2.0421791076660156e+00
    6.5018005371093750e+00 5.5051635950803757e-02 9306623. -1.
    2.3283679962158203e+01 6.9444801330566406e+01 3.9880478382110596e+00
    1.9829786682128906e+02 5.5782288312911987e-02 7536896. -1.
    2.4598646163940430e+01 6.1384304046630859e+01 2.7550859451293945e+00
    2.2687377929687500e+00 4.3340180069208145e-02 14222079. -1.
    2.7459444046020508e+01 7.1556732177734375e+01 3.5713150501251221e+00
    1.9895803833007813e+02 3.3959962427616119e-02 16319487. -1.
    2.8893840789794922e+01 4.1625282287597656e+01 1.8130604028701782e+00
    5.2140686035156250e+01 2.9305784031748772e-02 655871. -1.
    2.9169408798217773e+01 5.5180370330810547e+01 3.2322406768798828e+00
    3.3080862426757813e+02 2.5271546095609665e-02 9110527. -1.
    3.4804977416992188e+01 1.0960364341735840e+01 4.8884091377258301e+00
    2.4814575195312500e+02 1.8867777660489082e-02 5571072. -1.
    3.6308147430419922e+01 6.5607810974121094e+01 1.0040897369384766e+01
    3.4915945434570313e+02 6.1647851020097733e-02 7537153. -1.
    3.7501415252685547e+01 4.6751930236816406e+01 1.8836202621459961e+00
    2.2232727050781250e+01 6.5715961158275604e-02 3473919. -1.
    3.7501415252685547e+01 4.6751930236816406e+01 1.8836202621459961e+00
    1.4597830200195313e+02 6.5715961158275604e-02 3473919. -1.
    3.9752048492431641e+01 5.3950988769531250e+01 3.5260708332061768e+00
    2.7153814697265625e+02 5.2546884864568710e-02 15401983. -1.
    4.0296863555908203e+01 7.4806793212890625e+01 2.5663492679595947e+00
    3.4838955688476563e+02 4.3051775544881821e-02 9110271. -1.
    4.1835754394531250e+01 7.7496047973632813e+01 2.4569556713104248e+00
    3.4036410522460938e+02 4.3335765600204468e-02 5964543. -1.
    4.3095218658447266e+01 4.5817787170410156e+01 3.0037624835968018e+00
    5.0296905517578125e+01 4.1457671672105789e-02 3802111. -1.
    4.3222400665283203e+01 2.5867792129516602e+01 1.8223026990890503e+00
    2.4693914794921875e+02 1.5879746526479721e-02 1049087. -1.
    4.3847126007080078e+01 2.3491811752319336e+00 1.9885183572769165e+00
    2.4952293395996094e+02 1.4946351759135723e-02 7340543. -1.
    4.6101371765136719e+01 6.2235137939453125e+01 3.8691208362579346e+00
    1.0057373046875000e+00 4.0882226079702377e-02 5374208. -1.
    4.7316127777099609e+01 3.6589324951171875e+01 2.3365528583526611e+00
    5.0661834716796875e+01 5.6705959141254425e-02 2294527. -1.
    4.8247737884521484e+01 4.2657165527343750e+01 2.5722320079803467e+00
    6.2392852783203125e+01 5.6472513824701309e-02 9241343. -1.
    4.8247737884521484e+01 4.2657165527343750e+01 2.5722320079803467e+00
    2.2171232604980469e+02 5.6472513824701309e-02 9241343. -1.
    5.0359920501708984e+01 3.6864379882812500e+01 4.1659874916076660e+00
    4.2007080078125000e+01 5.7715561240911484e-02 10748160. -1.
    5.0359920501708984e+01 3.6864379882812500e+01 4.1659874916076660e+00
    1.7963761901855469e+02 5.7715561240911484e-02 10748160. -1.
    5.0959751129150391e+01 3.2004035949707031e+01 1.9204866886138916e+00
    2.8538055419921875e+01 6.7427113652229309e-02 4850175. -1.
    5.0959751129150391e+01 3.2004035949707031e+01 1.9204866886138916e+00
