<?xml version="1.0"?>
<opencv_storage>
<keypoints type_id="opencv-matrix">
  <rows>92</rows>
  <cols>7</cols>
  <dt>d</dt>
  <data>
    3.1938595771789551e+00 2.9457382202148438e+01 2.4918065071105957e+00
    3.1121401977539063e+02 1.4697335660457611e-02 6947583. -1.
    6.7873420715332031e+00 3.3017601013183594e+01 3.2786004543304443e+00
    3.1198767089843750e+02 1.5479002147912979e-02 10093567. -1.
    8.5158367156982422e+00 1.1345422744750977e+01 2.2451040744781494e+00
    5.6976837158203125e+01 2.3887416347861290e-02 16122367. -1.
    9.8176422119140625e+00 2.0916152954101563e+01 3.6421718597412109e+00
    3.3578775024414063e+02 3.5073891282081604e-02 983296. -1.
    1.0318924903869629e+01 1.6274208068847656e+01 2.3372249603271484e+00
    3.0668466186523438e+02 4.6071942895650864e-02 2360063. -1.
    1.2628771781921387e+01 3.8165718078613281e+01 3.8898930549621582e+00
    3.3253906250000000e+02 2.6597522199153900e-02 5767424. -1.
    1.2874712944030762e+01 2.4035451889038086e+01 1.9037182331085205e+00
    3.1991491699218750e+02 3.4080475568771362e-02 4194815. -1.
    1.3091341018676758e+01 1.3903565406799316e+01 1.9567441940307617e+00
    1.1875949096679688e+02 4.4024068862199783e-02 6226431. -1.
    1.4434835433959961e+01 1.1077027320861816e+01 1.8394215106964111e+00
    1.4769340515136719e+02 3.3794336020946503e-02 1704447. -1.
    1.4922634124755859e+01 3.0180566787719727e+01 1.8631708621978760e+00
    1.9617187500000000e+01 2.5857940316200256e-02 2687487. -1.
    1.5071735382080078e+01 2.1583507537841797e+01 3.2096679210662842e+00
    3.3626672363281250e+02 5.1452696323394775e-02 8586239. -1.
    1.5129430770874023e+01 7.3125785827636719e+01 2.3816628456115723e+00
    2.2628877258300781e+02 2.5381965562701225e-02 3736319. -1.
    1.6983158111572266e+01 3.4864479064941406e+01 2.4080727100372314e+00
    2.0823216247558594e+02 4.5923896133899689e-02 4522751. -1.
    1.6983158111572266e+01 3.4864479064941406e+01 2.4080727100372314e+00
    3.4692581176757813e+02 4.5923896133899689e-02 4522751. -1.
    1.7519607543945313e+01 6.4276863098144531e+01 2.2211380004882813e+00
    3.4286734008789063e+02 3.0259281396865845e-02 15401471. -1.
    1.8957427978515625e+01 2.3534914016723633e+01 1.9570747613906860e+00
    4.8611938476562500e+01 6.0606498271226883e-02 6226431. -1.
    1.9117631912231445e+01 7.5627586364746094e+01 4.2743968963623047e+00
    3.1808166503906250e+01 4.3710619211196899e-02 12583168. -1.
    1.9812416076660156e+01 2.6524589538574219e+01 2.2745730876922607e+00
    4.4866149902343750e+01 6.2071654945611954e-02 393983. -1.
    1.9812416076660156e+01 2.6524589538574219e+01 2.2745730876922607e+00
    1.9824911499023438e+02 6.2071654945611954e-02 393983. -1.
    2.0534994125366211e+01 1.6251346588134766e+01 1.8072197437286377e+00
    5.6493591308593750e+01 4.3713677674531937e-02 459263. -1.
    2.0534994125366211e+01 1.6251346588134766e+01 1.8072197437286377e+00
    1.8437048339843750e+02 4.3713677674531937e-02 459263. -1.
    2.1316984176635742e+01 7.1935218811035156e+01 2.2370905876159668e+00
    1.2436798095703125e+01 3.5012401640415192e-02 15860223. -1.
    2.1316984176635742e+01 7.1935218811035156e+01 2.2370905876159668e+00
    2.2627349853515625e+02 3.5012401640415192e-02 15860223. -1.
    2.1580389022827148e+01 9.7247810363769531e+00 2.2840211391448975e+00
    1.1497470092773438e+02 2.6414537802338600e-02 656127. -1.
    2.1580389022827148e+01 9.7247810363769531e+00 2.2840211391448975e+00
    3.0731796264648438e+02 2.6414537802338600e-02 656127. -1.
    2.3197465896606445e+01 5.7838356018066406e+01 1.2343844413757324e+01
    3.5522851562500000e+02 3.8341257721185684e-02 5702401. -1.
    2.3234035491943359e+01 3.0940290451049805e+01 3.9689533710479736e+00
    1.9841723632812500e+02 2.5415962561964989e-02 7209216. -1.
    2.4169393539428711e+01 1.4167841911315918e+01 1.8023397922515869e+00
    1.8602117919921875e+02 3.1522098928689957e-02 262655. -1.
    2.4462722778320313e+01 8.0505958557128906e+01 5.6366329193115234e+00
    3.8882415771484375e+01 3.5138349980115891e-02 15860224. -1.
    2.4462722778320313e+01 8.0505958557128906e+01 5.6366329193115234e+00
    2.2844918823242188e+02 3.5138349980115891e-02 15860224. -1.
    2.5740930557250977e+01 7.4488014221191406e+01 4.0132055282592773e+00
    1.2943879699707031e+02 2.9641985893249512e-02 7995648. -1.
    2.7602163314819336e+01 8.1195304870605469e+01 2.1921277046203613e+00
    1.7500994873046875e+02 2.2837691009044647e-02 14418431. -1.
    2.7948743820190430e+01 6.4139831542968750e+01 8.6109094619750977e+00
    3.4109979248046875e+02 3.8286905735731125e-02 13107457. -1.
    2.8354063034057617e+01 2.0106891632080078e+01 6.8080315589904785e+00
    1.7132331848144531e+02 2.4622429162263870e-02 12845824. -1.
    2.9809127807617188e+01 4.8202407836914063e+01 2.4570286273956299e+00
    1.0157592773437500e+01 7.2163812816143036e-02 5964543. -1.
    2.9809127807617188e+01 4.8202407836914063e+01 2.4570286273956299e+00
    2.4756500244140625e+02 7.2163812816143036e-02 5964543. -1.
    3.0297847747802734e+01 7.1313285827636719e+01 3.5911636352539063e+00
    1.2969525146484375e+02 3.0832953751087189e-02 16712703. -1.
    3.0297847747802734e+01 7.1313285827636719e+01 3.5911636352539063e+00
    3.2544726562500000e+02 3.0832953751087189e-02 16712703. -1.
    3.0312818527221680e+01 7.1328231811523438e+01 3.6125721931457520e+00
    1.2624449157714844e+02 3.0604436993598938e-02 393472. -1.
    3.0545774459838867e+01 8.1889259338378906e+01 1.8783243894577026e+00
    1.7993125915527344e+02 3.3328577876091003e-02 3277311. -1.
    3.1190565109252930e+01 4.1597259521484375e+01 2.2083060741424561e+00
    1.2184326171875000e+01 7.7633380889892578e-02 14942719. -1.
    3.1842061996459961e+01 4.5638565063476563e+01 4.3698210716247559e+00
    6.9747924804687500e+00 6.8577133119106293e-02 14156032. -1.
    3.1842061996459961e+01 4.5638565063476563e+01 4.3698210716247559e+00
    1.4202169799804688e+02 6.8577133119106293e-02 14156032. -1.
    3.1944599151611328e+01 3.3298171997070313e+01 2.4034976959228516e+00
    3.5699868774414063e+02 2.2070387378334999e-02 4391679. -1.
    3.4060783386230469e+01 8.2518959045410156e+01 2.5954711437225342e+00
    1.6173471069335938e+02 2.6506086811423302e-02 9896703. -1.
    3.4060783386230469e+01 8.2518959045410156e+01 2.5954711437225342e+00
    2.9093652343750000e+02 2.6506086811423302e-02 9896703. -1.
    3.4060783386230469e+01 8.2518959045410156e+01 2.5954711437225342e+00
    3.3858337402343750e+02 2.6506086811423302e-02 9896703. -1.
    3.4073509216308594e+01 5.7610427856445313e+01 5.0931239128112793e+00
    3.2839044189453125e+02 5.8907251805067062e-02 8520192. -1.
    3.4801918029785156e+01 4.2176338195800781e+01 2.3598124980926514e+00
    1.4093338012695313e+02 3.8549229502677917e-02 3015423. -1.
    3.5810035705566406e+01 8.5407165527343750e+01 1.8805526494979858e+00
    4.0789611816406250e+01 2.2856302559375763e-02 3342847. -1.
    3.6203868865966797e+01 2.9949909210205078e+01 3.0882623195648193e+00
    6.4638916015625000e+01 2.1563539281487465e-02 5768191. -1.
    3.8360683441162109e+01 7.5728858947753906e+01 8.3669261932373047e+00
    3.1819970703125000e+02 2.9511328786611557e-02 11010305. -1.
    3.9716747283935547e+01 5.1259952545166016e+01 3.2068176269531250e+00
    5.2043060302734375e+01 4.9129977822303772e-02 8520703. -1.
    3.9716747283935547e+01 5.1259952545166016e+01 3.2068176269531250e+00
    1.2670614624023438e+02 4.9129977822303772e-02 8520703. -1.
    4.4303150177001953e+01 2.7621501922607422e+01 4.3459334373474121e+00
    1.1019615173339844e+02 2.3321021348237991e-02 13762816. -1.
    4.4303150177001953e+01 2.7621501922607422e+01 4.3459334373474121e+00
    2.5948703002929688e+02 2.3321021348237991e-02 13762816. -1.
    4.7722290039062500e+01 6.1693443298339844e+01 1.6930011749267578e+01
    9.4764556884765625e+01 6.9714546203613281e-02 11862274. -1.
    4.8126441955566406e+01 4.5308311462402344e+01 1.0694630622863770e+01
