<?xml version="1.0"?>
<opencv_storage>
<keypoints type_id="opencv-matrix">
  <rows>71</rows>
  <cols>7</cols>
  <dt>d</dt>
  <data>
    8.0038318634033203e+00 4.9558567047119141e+01 4.5541720390319824e+00
    8.4215270996093750e+01 2.6261527091264725e-02 459264. -1.
    8.5469636917114258e+00 1.9419162750244141e+01 2.4599015712738037e+00
    4.2096557617187500e+00 4.7533679753541946e-02 6030079. -1.
    8.5469636917114258e+00 1.9419162750244141e+01 2.4599015712738037e+00
    2.9596423339843750e+02 4.7533679753541946e-02 6030079. -1.
    9.0332126617431641e+00 5.7678707122802734e+01 3.3800239562988281e+00
    6.1175048828125000e+01 2.6469362899661064e-02 12321791. -1.
    9.8665256500244141e+00 3.8408958435058594e+01 2.1245865821838379e+00
    4.9211517333984375e+01 4.0176201611757278e-02 12124671. -1.
    9.8665256500244141e+00 3.8408958435058594e+01 2.1245865821838379e+00
    2.5687783813476563e+02 4.0176201611757278e-02 12124671. -1.
    1.1482957839965820e+01 1.2444077491760254e+01 2.4230976104736328e+00
    5.0870056152343750e+00 7.0886671543121338e-02 4981503. -1.
    1.1482957839965820e+01 1.2444077491760254e+01 2.4230976104736328e+00
    8.6881805419921875e+01 7.0886671543121338e-02 4981503. -1.
    1.1482957839965820e+01 1.2444077491760254e+01 2.4230976104736328e+00
    1.5486135864257813e+02 7.0886671543121338e-02 4981503. -1.
    1.2227554321289063e+01 1.6484085083007813e+01 2.1367902755737305e+00
    2.9460955810546875e+02 6.4779318869113922e-02 12583423. -1.
    1.2300243377685547e+01 7.3933883666992188e+01 2.6271953582763672e+00
    2.1939015197753906e+02 4.7491632401943207e-02 10814207. -1.
    1.5672779083251953e+01 1.9753652572631836e+01 2.1313397884368896e+00
    9.5942504882812500e+01 6.3551783561706543e-02 12386815. -1.
    1.5672779083251953e+01 1.9753652572631836e+01 2.1313397884368896e+00
    3.2926599121093750e+02 6.3551783561706543e-02 12386815. -1.
    1.5712640762329102e+01 1.2499656677246094e+01 2.4471416473388672e+00
    1.5383757019042969e+02 6.3033968210220337e-02 5636863. -1.
    1.5977247238159180e+01 4.8621162414550781e+01 2.0353641510009766e+00
    1.8517158508300781e+02 1.5793802216649055e-02 9044479. -1.
    1.6100809097290039e+01 5.7466480255126953e+01 1.8545124530792236e+00
    3.2322723388671875e+01 4.6890839934349060e-02 2294271. -1.
    1.6100809097290039e+01 5.7466480255126953e+01 1.8545124530792236e+00
    1.7655728149414063e+02 4.6890839934349060e-02 2294271. -1.
    1.6458089828491211e+01 3.1037721633911133e+01 2.8037261962890625e+00
    2.8467437744140625e+01 3.3002391457557678e-02 15532799. -1.
    1.6764293670654297e+01 8.3523696899414063e+01 2.6146421432495117e+00
    1.2251733398437500e+02 5.4114460945129395e-02 10486527. -1.
    1.9195373535156250e+01 1.6535783767700195e+01 2.1080906391143799e+00
    1.2054937744140625e+02 6.9135218858718872e-02 11600383. -1.
    1.9195373535156250e+01 1.6535783767700195e+01 2.1080906391143799e+00
    2.5695501708984375e+02 6.9135218858718872e-02 11600383. -1.
    1.9643592834472656e+01 1.2766064643859863e+01 2.5801496505737305e+00
    2.0213470458984375e+01 6.5672956407070160e-02 9503487. -1.
    1.9643592834472656e+01 1.2766064643859863e+01 2.5801496505737305e+00
    1.0068243408203125e+02 6.5672956407070160e-02 9503487. -1.
    1.9643592834472656e+01 1.2766064643859863e+01 2.5801496505737305e+00
    1.6937173461914063e+02 6.5672956407070160e-02 9503487. -1.
    2.0554573059082031e+01 3.1535444259643555e+01 2.6617088317871094e+00
    3.5904727172851563e+02 1.7463425174355507e-02 11731711. -1.
    2.2200088500976563e+01 4.9321594238281250e+01 1.9079250097274780e+00
    3.4738299560546875e+02 2.2074397653341293e-02 4391423. -1.
    2.2502803802490234e+01 6.4755516052246094e+01 3.8960673809051514e+00
    2.7729547119140625e+02 4.1127786040306091e-02 5898496. -1.
    2.3997514724731445e+01 1.3524477958679199e+01 2.7150542736053467e+00
    3.0257812500000000e+01 5.9952508658170700e-02 13173503. -1.
    2.4868644714355469e+01 7.6313018798828125e+01 4.0307040214538574e+00
    7.8480255126953125e+01 6.2908723950386047e-02 8323328. -1.
    2.4868644714355469e+01 7.6313018798828125e+01 4.0307040214538574e+00
    2.9547091674804688e+02 6.2908723950386047e-02 8323328. -1.
    2.7298479080200195e+01 4.4166996002197266e+01 7.0975875854492188e+00
    2.2089184570312500e+02 1.9570766016840935e-02 15860480. -1.
    2.9911163330078125e+01 8.5890518188476563e+01 2.0027318000793457e+00
    8.3022674560546875e+01 2.5827767327427864e-02 7864831. -1.
    3.0389894485473633e+01 5.6323852539062500e+01 1.9959229230880737e+00
    1.7681990051269531e+02 1.9516337662935257e-02 7668223. -1.
    3.0612424850463867e+01 7.2873329162597656e+01 4.6489195823669434e+00
    3.0659594726562500e+02 4.7451525926589966e-02 1966592. -1.
    3.1368236541748047e+01 1.4994150161743164e+01 7.1346611976623535e+00
    4.4380523681640625e+01 3.9685271680355072e-02 16188160. -1.
    3.4960411071777344e+01 6.7617095947265625e+01 6.0333352088928223e+00
    3.0651269531250000e+02 4.6424765139818192e-02 4064000. -1.
    3.7683437347412109e+01 4.8454750061035156e+01 5.7609562873840332e+00
    3.3121459960937500e+01 7.6584331691265106e-02 721664. -1.
    3.9129798889160156e+01 7.7367820739746094e+01 1.9074414968490601e+00
    3.3018081665039063e+02 3.2356675714254379e-02 4325887. -1.
    4.0444000244140625e+01 2.2783336639404297e+01 2.2275329589843750e+01
    4.3338989257812500e+01 5.5272947996854782e-02 15008258. -1.
    4.1564811706542969e+01 8.0211341857910156e+01 2.5735127925872803e+00
    3.2907717895507813e+02 3.4845553338527679e-02 9306879. -1.
    4.2374477386474609e+01 1.5222704887390137e+01 1.9926074743270874e+00
    5.7808868408203125e+01 1.7006084322929382e-02 7537151. -1.
    4.3389743804931641e+01 6.5087417602539063e+01 4.1810755729675293e+00
    1.3328086853027344e+02 2.0681869238615036e-02 11010304. -1.
    4.3389743804931641e+01 6.5087417602539063e+01 4.1810755729675293e+00
    2.8532427978515625e+02 2.0681869238615036e-02 11010304. -1.
    4.5333824157714844e+01 7.8898849487304688e+01 3.0387966632843018e+00
    2.9183135986328125e+02 3.0600728467106819e-02 4588543. -1.
    4.8660228729248047e+01 8.2681259155273438e+01 2.0091810226440430e+00
    6.4961547851562500e+00 6.3853971660137177e-02 8126975. -1.
    4.8660228729248047e+01 8.2681259155273438e+01 2.0091810226440430e+00
    1.1487815856933594e+02 6.3853971660137177e-02 8126975. -1.
    4.8660228729248047e+01 8.2681259155273438e+01 2.0091810226440430e+00
    3.0980023193359375e+02 6.3853971660137177e-02 8126975. -1.
    5.0111129760742188e+01 6.9084808349609375e+01 2.5723025798797607e+00
    1.2524008178710938e+02 3.8758665323257446e-02 9306879. -1.
    5.0495819091796875e+01 3.5464096069335938e+01 4.0271925926208496e+00
    2.0282490539550781e+02 1.5361193567514420e-02 8257792. -1.
    5.2491359710693359e+01 1.0329055786132813e+01 1.8906795978546143e+00
    1.1428993225097656e+02 3.9507973939180374e-02 3736063. -1.
    5.2491359710693359e+01 1.0329055786132813e+01 1.8906795978546143e+00
    2.5632449340820313e+02 3.9507973939180374e-02 3736063. -1.
    5.3067577362060547e+01 7.9225624084472656e+01 2.5328068733215332e+00
    1.5805813598632813e+02 1.4830624684691429e-02 8127231. -1.
    5.3628643035888672e+01 5.6190044403076172e+01 1.3661798477172852e+01
    1.3261758422851563e+02 4.3205805122852325e-02 13042433. -1.
    5.8346599578857422e+01 3.2590435028076172e+01 4.9609870910644531e+00
    2.0948141479492188e+02 1.5801515430212021e-02 6619648. -1.
    5.9864654541015625e+01 4.4815376281738281e+01 4.0957665443420410e+00
    1.4376470947265625e+02 6.7071326076984406e-02 9502976. -1.
    6.2197536468505859e+01 2.8312885284423828e+01 2.5087404251098633e+00
    1.9023669433593750e+02 2.2927930578589439e-02 7471871. -1.
    6.2197536468505859e+01 2.8312885284423828e+01 2.5087404251098633e+00
    3.1036053466796875e+02 2.2927930578589439e-02 7471871. -1.
    6.2596492767333984e+01 7.2337547302246094e+01 7.3031229972839355e+00
