<?xml version="1.0"?>
<opencv_storage>
<keypoints type_id="opencv-matrix">
  <rows>101</rows>
  <cols>7</cols>
  <dt>d</dt>
  <data>
    3.4946498870849609e+00 6.4594009399414063e+01 2.7921023368835449e+00
    9.0773651123046875e+01 5.1252730190753937e-02 15205119. -1.
    3.4946498870849609e+00 6.4594009399414063e+01 2.7921023368835449e+00
    2.3630474853515625e+02 5.1252730190753937e-02 15205119. -1.
    3.9782743453979492e+00 5.3761463165283203e+01 2.4921693801879883e+00
    3.2051251220703125e+02 3.1019315123558044e-02 7013119. -1.
    8.0198526382446289e+00 5.6386478424072266e+01 2.7643072605133057e+00
    3.0037634277343750e+02 3.5766232758760452e-02 14484223. -1.
    1.0200027465820313e+01 1.5445630073547363e+01 2.4383971691131592e+00
    3.5577352905273438e+02 5.0712082535028458e-02 5440255. -1.
    1.0659257888793945e+01 7.2514312744140625e+01 2.5155394077301025e+00
    3.4045837402343750e+01 5.4461907595396042e-02 7668479. -1.
    1.1488256454467773e+01 8.8873777389526367e+00 3.2315623760223389e+00
    5.1849822998046875e+01 3.0170651152729988e-02 9044991. -1.
    1.1760044097900391e+01 2.2333330154418945e+01 3.0951433181762695e+00
    3.0675683593750000e+02 3.9190907031297684e-02 5964799. -1.
    1.2718178749084473e+01 5.0010437011718750e+01 3.2453129291534424e+00
    2.1907771301269531e+02 2.6129024103283882e-02 9372671. -1.
    1.3339530944824219e+01 1.5932312965393066e+01 2.1063961982727051e+00
    1.7391075134277344e+02 5.4408870637416840e-02 11534847. -1.
    1.4328146934509277e+01 8.3000061035156250e+01 2.4907512664794922e+00
    2.0415951538085938e+02 4.7865066677331924e-02 6947583. -1.
    1.4328146934509277e+01 8.3000061035156250e+01 2.4907512664794922e+00
    2.8193762207031250e+02 4.7865066677331924e-02 6947583. -1.
    1.4391746520996094e+01 2.7620588302612305e+01 2.5458838939666748e+00
    1.7034945678710938e+02 1.6242925077676773e-02 8520447. -1.
    1.5428495407104492e+01 7.9292411804199219e+01 1.9132250547409058e+00
    1.4464221191406250e+02 6.5998740494251251e-02 4588031. -1.
    1.5694736480712891e+01 7.5372543334960938e+01 2.7317657470703125e+00
    1.3869485473632813e+02 4.1061937808990479e-02 13632255. -1.
    1.6893945693969727e+01 2.0328800201416016e+01 2.7620439529418945e+00
    2.3136201477050781e+02 5.6401472538709641e-02 14418687. -1.
    1.7779571533203125e+01 6.7081878662109375e+01 2.7278115749359131e+00
    2.5975494384765625e+01 2.3056140169501305e-02 13501183. -1.
    1.8010808944702148e+01 3.0351621627807617e+01 3.0641393661499023e+00
    3.9917846679687500e+01 2.8801836073398590e-02 5243903. -1.
    1.8010808944702148e+01 3.0351621627807617e+01 3.0641393661499023e+00
    1.6504907226562500e+02 2.8801836073398590e-02 5243903. -1.
    1.8023494720458984e+01 1.5911136627197266e+01 2.1006622314453125e+00
    1.3218505859375000e+01 7.6249733567237854e-02 11338239. -1.
    1.9064670562744141e+01 2.2946847915649414e+01 2.6937110424041748e+00
    2.3078341674804688e+02 4.8265486955642700e-02 12583679. -1.
    1.9565187454223633e+01 8.5861763000488281e+01 2.4580531120300293e+00
    6.8066711425781250e+00 1.8301382660865784e-02 5964543. -1.
    1.9565187454223633e+01 8.5861763000488281e+01 2.4580531120300293e+00
    1.8572431945800781e+02 1.8301382660865784e-02 5964543. -1.
    1.9565187454223633e+01 8.5861763000488281e+01 2.4580531120300293e+00
    2.2154154968261719e+02 1.8301382660865784e-02 5964543. -1.
    2.0077091217041016e+01 4.0897068977355957e+00 2.8643233776092529e+00
    2.5347128295898438e+02 1.9081983715295792e-02 328703. -1.
    2.0296457290649414e+01 7.9316360473632813e+01 3.6974391937255859e+00
    3.2081915283203125e+02 4.5288532972335815e-02 2097408. -1.
    2.1044458389282227e+01 5.6855709075927734e+01 1.3780947685241699e+01
    3.1256164550781250e+01 4.0205802768468857e-02 13697793. -1.
    2.1462171554565430e+01 3.5291652679443359e+01 2.6853134632110596e+00
    2.4425903320312500e+02 4.0661696344614029e-02 12387071. -1.
    2.1691350936889648e+01 9.9790258407592773e+00 3.0165879726409912e+00
    1.3115478515625000e+02 3.7218648940324783e-02 4064255. -1.
    2.1979015350341797e+01 8.1729499816894531e+01 4.8245959281921387e+00
    3.6159667968750000e+00 4.1684515774250031e-02 4653568. -1.
    2.4574897766113281e+01 8.4186500549316406e+01 2.7138223648071289e+00
    1.2518310546875000e+00 3.6772858351469040e-02 13173503. -1.
    2.9887601852416992e+01 7.7989387512207031e+01 2.0064604282379150e+00
    1.2866571044921875e+02 5.7026293128728867e-02 7995903. -1.
    3.0506235122680664e+01 5.0840839385986328e+01 2.0763204097747803e+00
    3.8033203125000000e+01 2.6703538373112679e-02 10486271. -1.
    3.0989839553833008e+01 3.1709615707397461e+01 4.8328742980957031e+00
    2.2467449951171875e+02 2.3764161393046379e-02 4784640. -1.
    3.2432830810546875e+01 2.6999122619628906e+01 2.9240865707397461e+00
    2.1558705139160156e+02 3.0903071165084839e-02 1836031. -1.
    3.2897079467773438e+01 1.2364776611328125e+01 2.9525640010833740e+00
    8.3590454101562500e+01 1.5910580754280090e-02 2556927. -1.
    3.3472518920898438e+01 8.4121086120605469e+01 2.4573986530303955e+00
    1.6074211120605469e+02 3.5287320613861084e-02 5964543. -1.
    3.5720664978027344e+01 4.9509349822998047e+01 2.4144251346588135e+00
    2.9316174316406250e+02 5.9408836066722870e-02 4719359. -1.
    3.6219806671142578e+01 2.9318914413452148e+01 3.0078628063201904e+00
    1.4382286071777344e+02 4.4399529695510864e-02 3867647. -1.
    3.6219806671142578e+01 2.9318914413452148e+01 3.0078628063201904e+00
    3.2259695434570313e+02 4.4399529695510864e-02 3867647. -1.
    3.7600189208984375e+01 4.5982753753662109e+01 3.0639271736145020e+00
    5.0909301757812500e+01 1.1050874739885330e-01 5243903. -1.
    3.7600189208984375e+01 4.5982753753662109e+01 3.0639271736145020e+00
    1.7361175537109375e+02 1.1050874739885330e-01 5243903. -1.
    3.7739280700683594e+01 6.8752493858337402e+00 4.7434325218200684e+00
    2.5129260253906250e+02 1.6572309657931328e-02 3408384. -1.
    4.0083332061767578e+01 5.2205955505371094e+01 4.8249907493591309e+00
    9.1120178222656250e+01 4.8643611371517181e-02 4653568. -1.
    4.0687194824218750e+01 3.1210411071777344e+01 2.5049678802490234e+01
    1.8148803710937500e+00 4.1237894445657730e-02 6816514. -1.
    4.0687194824218750e+01 3.1210411071777344e+01 2.5049678802490234e+01
    6.9611480712890625e+01 4.1237894445657730e-02 6816514. -1.
    4.1097209930419922e+01 3.3181663513183594e+01 2.0116448402404785e+00
    1.0969262695312500e+02 4.5863714069128036e-02 8192511. -1.
    4.1097209930419922e+01 3.3181663513183594e+01 2.0116448402404785e+00
    2.6898489379882813e+02 4.5863714069128036e-02 8192511. -1.
    4.1119983673095703e+01 3.7350524902343750e+01 3.3155255317687988e+00
    8.4448394775390625e+01 2.3123348131775856e-02 10945535. -1.
    4.1119983673095703e+01 3.7350524902343750e+01 3.3155255317687988e+00
    2.8104290771484375e+02 2.3123348131775856e-02 10945535. -1.
    4.1451343536376953e+01 5.3575138092041016e+01 2.4400038719177246e+00
    7.2042053222656250e+01 5.0644330680370331e-02 5440255. -1.
    4.1693336486816406e+01 8.3160858154296875e+01 2.5509073734283447e+00
    9.5282409667968750e+01 5.5576916784048080e-02 8651519. -1.
    4.1693336486816406e+01 8.3160858154296875e+01 2.5509073734283447e+00
    3.5210607910156250e+02 5.5576916784048080e-02 8651519. -1.
    4.2890438079833984e+01 7.4881919860839844e+01 4.0051112174987793e+00
    2.6258544921875000e+02 3.3227097243070602e-02 7864576. -1.
    4.3676036834716797e+01 9.6238508224487305e+00 2.2305502891540527e+00
    2.4795474243164063e+02 1.4154250733554363e-02 15663615. -1.
    4.4627754211425781e+01 6.5156265258789063e+01 1.6155071258544922e+01
    2.9600555419921875e+01 8.4345109760761261e-02 8454402. -1.
    4.4627754211425781e+01 6.5156265258789063e+01 1.6155071258544922e+01
    8.8918579101562500e+01 8.4345109760761261e-02 8454402. -1.
    4.4993862152099609e+01 5.8340297698974609e+01 5.3221597671508789e+00
