<?xml version="1.0"?>
<opencv_storage>
<keypoints type_id="opencv-matrix">
  <rows>15</rows>
  <cols>7</cols>
  <dt>d</dt>
  <data>
    1.2474925994873047e+01 2.5310930252075195e+01 3.9680593013763428e+00
    4.6238708496093750e+00 4.8632126301527023e-02 7209216. -1.
    1.3807106018066406e+01 2.8535064697265625e+01 2.0097727775573730e+00
    6.6072387695312500e+00 4.7719269990921021e-02 8126975. -1.
    1.4079126358032227e+01 2.1805883407592773e+01 2.1659204959869385e+00
    3.5929983520507813e+02 4.4309858232736588e-02 13566463. -1.
    1.9822780609130859e+01 3.5212158203125000e+01 2.2355861663818359e+00
    1.5728332519531250e+01 9.2411294579505920e-02 15860223. -1.
    1.9822780609130859e+01 3.5212158203125000e+01 2.2355861663818359e+00
    1.6441017150878906e+02 9.2411294579505920e-02 15860223. -1.
    2.0514673233032227e+01 2.9509035110473633e+01 1.9826143980026245e+00
    7.5794067382812500e+00 8.1834040582180023e-02 7143935. -1.
    2.0514673233032227e+01 2.9509035110473633e+01 1.9826143980026245e+00
    1.6155355834960938e+02 8.1834040582180023e-02 7143935. -1.
    2.1250949859619141e+01 2.2389572143554688e+01 2.1533679962158203e+00
    2.5103605651855469e+02 7.7492862939834595e-02 13107711. -1.
    2.5675844192504883e+01 1.5064994812011719e+01 2.3519511222839355e+00
    8.8860107421875000e+01 9.9499046802520752e-02 2818815. -1.
    2.5718267440795898e+01 1.9459709167480469e+01 3.1857810020446777e+00
    2.5008912658691406e+02 7.3049046099185944e-02 8061951. -1.
    2.5737157821655273e+01 3.9489009857177734e+01 3.3875916004180908e+00
    2.7960845947265625e+02 5.1613591611385345e-02 12452863. -1.
    2.7988489151000977e+01 3.8307826995849609e+01 2.1490123271942139e+00
    2.7279690551757813e+02 5.3113963454961777e-02 12976639. -1.
    2.8193357467651367e+01 3.8229904174804688e+01 2.0260884761810303e+00
    2.7270986938476563e+02 5.3832426667213440e-02 8716799. -1.
    3.0590087890625000e+01 2.8217103958129883e+01 2.0534367561340332e+00
    1.7031939697265625e+02 8.3643555641174316e-02 9699839. -1.
    3.0847263336181641e+01 3.5153865814208984e+01 2.7389168739318848e+00
    2.7494067382812500e+02 7.7965341508388519e-02 13828863. -1.</data></keypoints>
<descriptors type_id="opencv-matrix">
  <rows>15</rows>
  <cols>128</cols>
  <dt>f</dt>
  <data>
    0. 0. 0. 1. 0. 0. 0. 0. 7. 9. 9. 13. 0. 0. 1. 3. 70. 21. 6. 2. 0. 1.
    40. 91. 75. 4. 5. 3. 1. 3. 53. 147. 0. 0. 0. 7. 12. 1. 0. 0. 27. 30.
    29. 106. 68. 11. 1. 3. 147. 118. 25. 21. 6. 2. 6. 45. 105. 61. 102.
    43. 7. 5. 9. 83. 0. 0. 0. 1. 13. 7. 0. 0. 28. 3. 2. 15. 73. 100. 33.
    35. 147. 14. 2. 3. 6. 19. 28. 147. 74. 7. 17. 15. 83. 35. 15. 27. 0.
    0. 0. 0. 0. 1. 0. 0. 28. 5. 0. 0. 0. 12. 10. 17. 147. 74. 23. 0. 0.
    2. 6. 50. 43. 40. 70. 59. 57. 12. 1. 7. 0. 0. 0. 79. 36. 7. 0. 0.
    135. 20. 4. 42. 8. 3. 0. 0. 138. 19. 0. 0. 69. 9. 0. 2. 55. 26. 12.
    9. 71. 14. 4. 11. 0. 0. 0. 9. 29. 107. 8. 0. 138. 8. 0. 2. 4. 72.
    23. 13. 138. 24. 0. 2. 81. 7. 2. 9. 130. 3. 0. 1. 96. 24. 7. 27. 0.
    0. 0. 0. 0. 43. 7. 0. 58. 0. 0. 0. 0. 75. 47. 39. 138. 6. 0. 8. 65.
    2. 9. 55. 138. 13. 3. 14. 83. 5. 1. 8. 0. 0. 0. 0. 0. 1. 0. 0. 49.
    0. 0. 0. 0. 3. 4. 10. 138. 6. 1. 20. 44. 0. 1. 16. 121. 6. 2. 19.
    46. 7. 3. 31. 0. 0. 0. 0. 0. 0. 0. 0. 7. 4. 5. 6. 0. 0. 0. 3. 52. 8.
    2. 2. 10. 30. 28. 50. 30. 1. 1. 5. 22. 56. 32. 72. 0. 0. 1. 33. 0.
    0. 0. 0. 40. 21. 29. 116. 0. 0. 0. 1. 147. 37. 14. 13. 54. 8. 3. 25.
    138. 3. 1. 8. 86. 20. 15. 40. 0. 0. 1. 105. 32. 9. 0. 0. 114. 9. 13.
    121. 8. 5. 0. 7. 147. 7. 3. 9. 79. 0. 0. 42. 133. 34. 22. 19. 105.
    3. 3. 13. 0. 0. 0. 10. 33. 79. 0. 0. 107. 0. 0. 6. 9. 77. 9. 22.
    147. 0. 0. 7. 75. 1. 1. 41. 75. 3. 3. 10. 87. 23. 9. 43. 116. 29. 0.
    0. 73. 18. 0. 4. 118. 44. 6. 33. 62. 50. 6. 5. 13. 8. 8. 48. 88. 55.
    4. 24. 9. 7. 8. 22. 7. 3. 12. 56. 118. 19. 1. 8. 81. 4. 1. 6. 118.
    29. 6. 21. 67. 60. 14. 22. 25. 10. 16. 35. 100. 118. 14. 29. 23. 13.
    67. 28. 3. 4. 12. 118. 75. 35. 18. 24. 42. 3. 0. 1. 114. 83. 97. 57.
    35. 8. 2. 6. 11. 14. 112. 118. 70. 38. 4. 7. 10. 9. 118. 83. 6. 15.
    6. 16. 5. 14. 25. 14. 1. 0. 0. 0. 0. 7. 34. 19. 2. 1. 0. 0. 0. 0.
    14. 25. 11. 37. 9. 0. 1. 0. 6. 8. 3. 56. 41. 7. 2. 4. 9. 16. 5. 100.
    113. 1. 41. 44. 2. 1. 1. 37. 87. 17. 21. 15. 0. 0. 0. 6. 27. 11. 0.
    0. 0. 0. 0. 2. 2. 0. 6. 2. 100. 56. 12. 72. 71. 3. 94. 11. 16. 23.
    9. 56. 113. 87. 14. 2. 1. 35. 63. 112. 113. 40. 2. 0. 0. 5. 17. 38.
    45. 15. 18. 3. 49. 36. 8. 14. 22. 29. 113. 49. 12. 54. 26. 8. 25.
    81. 36. 14. 7. 113. 105. 16. 9. 63. 14. 0. 0. 55. 65. 13. 14. 49.
    74. 15. 7. 8. 9. 13. 17. 37. 75. 19. 3. 69. 77. 5. 28. 66. 46. 1. 1.
    80. 71. 1. 1. 71. 5. 7. 9. 93. 50. 0. 0. 13. 113. 10. 0. 0. 83. 13.
    0. 2. 61. 32. 25. 28. 43. 29. 11. 18. 12. 7. 54. 71. 12. 31. 14. 48.
    4. 2. 25. 54. 4. 4. 18. 36. 118. 15. 0. 2. 100. 10. 0. 4. 118. 6. 1.
    3. 67. 58. 16. 37. 21. 7. 19. 22. 103. 118. 13. 12. 15. 17. 25. 20.
    16. 14. 9. 11. 118. 5. 0. 8. 82. 1. 1. 20. 118. 25. 8. 30. 66. 15.
    2. 12. 23. 10. 8. 118. 118. 61. 4. 12. 12. 10. 12. 19. 16. 5. 15.
    59. 77. 5. 1. 21. 53. 0. 0. 7. 118. 11. 5. 15. 39. 25. 6. 45. 20. 6.
    8. 25. 112. 118. 9. 17. 12. 13. 24. 8. 11. 9. 14. 65. 2. 4. 57. 17.
    2. 5. 24. 10. 60. 8. 30. 28. 9. 15. 15. 26. 114. 36. 8. 60. 21. 8.
    20. 51. 8. 2. 3. 97. 62. 24. 13. 29. 18. 10. 23. 16. 15. 21. 10. 14.
    114. 10. 11. 14. 10. 6. 45. 114. 47. 15. 5. 105. 90. 8. 35. 63. 24.
    0. 1. 74. 38. 1. 1. 88. 16. 7. 28. 23. 9. 22. 54. 13. 114. 63. 15.
    49. 19. 9. 11. 21. 57. 14. 6. 114. 93. 1. 3. 49. 36. 1. 4. 114. 73.
    0. 0. 53. 2. 2. 28. 17. 4. 8. 114. 11. 30. 23. 13. 36. 44. 24. 76.
    22. 75. 3. 5. 61. 40. 1. 0. 61. 14. 2. 2. 114. 114. 0. 0. 13. 2. 33.
    37. 9. 5. 80. 49. 1. 0. 59. 69. 3. 4. 64. 51. 1. 1. 45. 48. 0. 0.
    88. 99. 1. 6. 10. 18. 6. 7. 57. 80. 7. 13. 17. 113. 43. 14. 38. 13.
    9. 122. 26. 28. 18. 13. 44. 74. 37. 18. 29. 31. 17. 23. 111. 124.
    15. 0. 14. 50. 39. 30. 67. 21. 0. 60. 14. 9. 7. 38. 22. 6. 16. 124.
    15. 2. 4. 42. 20. 6. 12. 65. 5. 10. 49. 101. 117. 32. 8. 10. 13. 22.
    22. 36. 93. 37. 16. 34. 22. 6. 14. 26. 26. 24. 7. 124. 27. 7. 11.
    17. 6. 16. 14. 61. 21. 30. 33. 50. 64. 19. 4. 14. 32. 22. 77. 94.
    36. 15. 9. 11. 1. 0. 0. 0. 0. 3. 36. 5. 1. 5. 8. 1. 4. 94. 89. 17.
    10. 8. 5. 3. 15. 95. 60. 27. 9. 14. 6. 3. 4. 49. 52. 110. 17. 3. 4.
    5. 1. 1. 41. 74. 15. 32. 94. 73. 19. 20. 73. 110. 48. 41. 34. 12.
    15. 51. 80. 35. 10. 8. 9. 60. 81. 79. 56. 107. 51. 2. 1. 5. 5. 3. 6.
    68. 94. 34. 13. 59. 84. 31. 11. 110. 92. 51. 13. 10. 33. 39. 46. 52.
    110. 51. 6. 61. 41. 4. 6. 7. 20. 5. 1. 1. 1. 1. 1. 4. 73. 98. 7. 5.
    8. 3. 1. 31. 92. 79. 10. 2. 4. 5. 13. 50. 81. 56. 7. 8. 3. 5. 6. 13.
    40. 59. 19. 13. 16. 7. 4. 51. 4. 10. 9. 17. 40. 57. 51. 1. 0. 0. 23.
    77. 91. 56. 5. 1. 2. 4. 26. 32. 26. 10. 1. 60. 17. 13. 1. 3. 30. 26.
    12. 121. 18. 6. 6. 32. 49. 18. 54. 17. 10. 10. 42. 121. 121. 21. 7.
    7. 10. 5. 10. 41. 121. 37. 2. 17. 18. 24. 9. 8. 53. 67. 23. 119. 51.
    90. 59. 13. 6. 27. 35. 18. 27. 82. 121. 121. 30. 21. 20. 23. 12. 12.
    60. 103. 23. 11. 24. 1. 55. 115. 4. 2. 18. 17. 1. 0. 18. 77. 68. 42.
    11. 3. 1. 0. 26. 121. 42. 19. 3. 6. 3. 0. 2. 44. 67. 18. 1. 3. 4. 0.
    0. 0. 1. 0. 0. 0. 0. 62. 32. 9. 12. 1. 0. 0. 9. 121. 86. 35. 19. 2.
    9. 49. 69. 2. 11. 68. 32. 7. 18. 72. 14. 0. 0. 0. 8. 13. 1. 0. 0.
    52. 53. 25. 89. 62. 16. 2. 2. 145. 145. 55. 31. 6. 32. 20. 36. 6.
    11. 86. 33. 9. 67. 26. 10. 0. 0. 0. 1. 11. 9. 0. 0. 47. 4. 1. 10.
    46. 98. 32. 20. 145. 43. 7. 4. 5. 68. 41. 84. 40. 14. 22. 23. 15.
    145. 88. 42. 0. 0. 0. 0. 0. 1. 0. 0. 11. 2. 0. 0. 0. 9. 7. 5. 145.
    112. 21. 4. 1. 4. 5. 20. 36. 43. 71. 55. 5. 11. 24. 37. 0. 0. 0. 47.
    21. 2. 0. 0. 71. 19. 13. 90. 13. 2. 0. 2. 155. 40. 27. 10. 11. 38.
    10. 33. 15. 14. 36. 23. 17. 48. 12. 13. 0. 0. 0. 13. 37. 57. 1. 0.
    112. 6. 1. 15. 20. 98. 15. 11. 155. 11. 0. 0. 26. 69. 13. 38. 29.
