<?xml version="1.0"?>
<opencv_storage>
<keypoints type_id="opencv-matrix">
  <rows>74</rows>
  <cols>7</cols>
  <dt>d</dt>
  <data>
    4.0438737869262695e+00 4.3836734771728516e+01 2.8058955669403076e+00
    1.7693002319335938e+02 1.7147649079561234e-02 15532799. -1.
    7.0813231468200684e+00 1.7567384719848633e+01 2.0819160938262939e+00
    3.1166479492187500e+02 3.0660143122076988e-02 10682879. -1.
    8.6492137908935547e+00 1.1810150146484375e+01 3.0818409919738770e+00
    5.7042266845703125e+01 3.5714369267225266e-02 5637119. -1.
    1.0265631675720215e+01 9.9940538406372070e+00 4.2365527153015137e+00
    4.7644500732421875e+01 3.6249246448278427e-02 11927808. -1.
    1.0353286743164063e+01 4.6991374969482422e+01 6.5582590103149414e+00
    3.5234790039062500e+02 2.1118773147463799e-02 10093312. -1.
    1.0540891647338867e+01 1.5612493515014648e+01 2.9394268989562988e+00
    5.7876281738281250e+01 7.1230091154575348e-02 2229247. -1.
    1.0540891647338867e+01 1.5612493515014648e+01 2.9394268989562988e+00
    3.0063757324218750e+02 7.1230091154575348e-02 2229247. -1.
    1.1409480094909668e+01 6.2142135620117188e+01 2.0129168033599854e+00
    5.7433349609375000e+01 2.4064816534519196e-02 8258047. -1.
    1.1409480094909668e+01 6.2142135620117188e+01 2.0129168033599854e+00
    2.0144476318359375e+02 2.4064816534519196e-02 8258047. -1.
    1.1640130043029785e+01 8.3231956481933594e+01 3.6456916332244873e+00
    2.5584655761718750e+01 4.1551996022462845e-02 1048832. -1.
    1.4724903106689453e+01 5.8159961700439453e+01 5.3186550140380859e+00
    3.4249142456054688e+02 1.9404288381338120e-02 11665920. -1.
    1.4828159332275391e+01 6.2392066955566406e+01 2.0808207988739014e+00
    5.8032440185546875e+01 1.5659278258681297e-02 10617343. -1.
    1.4828159332275391e+01 6.2392066955566406e+01 2.0808207988739014e+00
    1.3671286010742188e+02 1.5659278258681297e-02 10617343. -1.
    1.6014095306396484e+01 2.3581428527832031e+01 1.8411430120468140e+00
    1.9698608398437500e+01 7.6302170753479004e-02 1769983. -1.
    1.6159875869750977e+01 9.9567022323608398e+00 2.9174656867980957e+00
    3.1643707275390625e+01 6.2269926071166992e-02 1639423. -1.
    1.6159875869750977e+01 9.9567022323608398e+00 2.9174656867980957e+00
    1.4747413635253906e+02 6.2269926071166992e-02 1639423. -1.
    1.8295843124389648e+01 7.2534308433532715e+00 1.8620780706405640e+00
    1.4166442871093750e+02 3.3766414970159531e-02 2621951. -1.
    2.1734498977661133e+01 1.0247361183166504e+01 4.1442518234252930e+00
    2.0248840332031250e+01 4.3250486254692078e-02 10354944. -1.
    2.2617418289184570e+01 6.6375373840332031e+01 3.4785974025726318e+00
    3.8791778564453125e+01 3.8205169141292572e-02 14418943. -1.
    2.2617418289184570e+01 6.6375373840332031e+01 3.4785974025726318e+00
    3.0726599121093750e+02 3.8205169141292572e-02 14418943. -1.
    2.3329387664794922e+01 6.0936447143554688e+01 3.1594078540802002e+00
    3.0900070190429688e+02 2.9652955010533333e-02 7406591. -1.
    2.3984090805053711e+01 1.2949885368347168e+01 2.2960574626922607e+00
    1.0509338378906250e+01 4.1171137243509293e-02 1049343. -1.
    2.3984090805053711e+01 1.2949885368347168e+01 2.2960574626922607e+00
    1.0820153808593750e+02 4.1171137243509293e-02 1049343. -1.
    2.8586084365844727e+01 6.8633300781250000e+01 2.1271343231201172e+00
    1.5435571289062500e+02 3.8623008877038956e-02 12255743. -1.
    2.8586084365844727e+01 6.8633300781250000e+01 2.1271343231201172e+00
    1.8175912475585938e+02 3.8623008877038956e-02 12255743. -1.
    3.0554122924804688e+01 1.0717113494873047e+01 1.9957802295684814e+00
    6.4685852050781250e+01 2.7765600010752678e-02 7602687. -1.
    3.1728412628173828e+01 5.3973316192626953e+01 7.2343254089355469e+00
    3.1095046997070313e+02 3.2532822340726852e-02 524545. -1.
    3.2103878021240234e+01 6.8908943176269531e+01 2.8755614757537842e+00
    3.2958905029296875e+02 3.5770136862993240e-02 656383. -1.
    3.3866252899169922e+01 1.2761887550354004e+01 9.9122838973999023e+00
    4.1964782714843750e+01 2.4237373843789101e-02 6554113. -1.
    3.4959571838378906e+01 5.5229583740234375e+01 3.8702213764190674e+00
    3.0349847412109375e+02 4.7032892704010010e-02 5374208. -1.
    3.6785102844238281e+01 4.9816799163818359e+01 3.8075795173645020e+00
    3.0860424804687500e+02 2.2390570491552353e-02 4194560. -1.
    3.6989677429199219e+01 3.5233116149902344e+00 2.4851078987121582e+00
    1.0805467224121094e+02 3.7781503051519394e-02 6750975. -1.
    3.7211997985839844e+01 6.7558532714843750e+01 4.6767334938049316e+00
    3.1680532836914063e+02 4.0814884006977081e-02 2359808. -1.
    3.7938785552978516e+01 3.9902937412261963e+00 2.1667723655700684e+00
    1.1242872619628906e+02 3.7843149155378342e-02 13566463. -1.
    3.9100959777832031e+01 5.1707740783691406e+01 2.6289772987365723e+00
    3.0987771606445313e+02 2.4142419919371605e-02 10879743. -1.
    4.0273277282714844e+01 6.2538406372070313e+01 3.3076615333557129e+00
    2.7210266113281250e+01 4.0258113294839859e-02 10748927. -1.
    4.0273277282714844e+01 6.2538406372070313e+01 3.3076615333557129e+00
    1.1646919250488281e+02 4.0258113294839859e-02 10748927. -1.
    4.1226306915283203e+01 1.8167613983154297e+01 2.3302440643310547e+00
    5.0575836181640625e+01 5.2600335329771042e-02 2097919. -1.
    4.1226306915283203e+01 1.8167613983154297e+01 2.3302440643310547e+00
    2.3201881408691406e+02 5.2600335329771042e-02 2097919. -1.
    4.1659378051757813e+01 3.3813591003417969e+01 5.9452686309814453e+00
    1.7296801757812500e+02 2.2475486621260643e-02 3015424. -1.
    4.3760204315185547e+01 7.9005462646484375e+01 5.0105319023132324e+00
    2.9808666992187500e+02 5.2963834255933762e-02 7340544. -1.
    4.5214729309082031e+01 3.1556001663208008e+01 2.5677852630615234e+00
    1.8562049865722656e+02 2.2321483120322227e-02 9175807. -1.
    4.8874923706054688e+01 7.6044410705566406e+01 3.9328961372375488e+00
    2.9919165039062500e+02 4.6646766364574432e-02 6553856. -1.
    4.9880737304687500e+01 3.3075435638427734e+01 4.5730929374694824e+00
    1.8014549255371094e+02 4.4239021837711334e-02 786944. -1.
    5.0553287506103516e+01 3.6591152191162109e+01 2.0978999137878418e+00
    8.4442260742187500e+01 4.4602356851100922e-02 11272703. -1.
    5.1718368530273438e+01 6.7081359863281250e+01 1.3409422874450684e+01
    2.2769297790527344e+02 5.8314010500907898e-02 11731713. -1.
    5.2027210235595703e+01 3.3403530120849609e+01 2.8359172344207764e+00
    8.9891662597656250e+01 3.9659596979618073e-02 16319231. -1.
    5.2027210235595703e+01 3.3403530120849609e+01 2.8359172344207764e+00
    3.1322048950195313e+02 3.9659596979618073e-02 16319231. -1.
    5.2869731903076172e+01 4.1201694488525391e+01 5.5080475807189941e+00
    9.2762786865234375e+01 3.7493139505386353e-02 14221824. -1.
    5.2869731903076172e+01 4.1201694488525391e+01 5.5080475807189941e+00
    2.6864617919921875e+02 3.7493139505386353e-02 14221824. -1.
    5.3205978393554688e+01 8.2807403564453125e+01 3.9971644878387451e+00
    3.1679003906250000e+02 3.4426223486661911e-02 7733504. -1.
    5.5360851287841797e+01 4.8392959594726563e+01 2.1685359477996826e+00
    2.5639047241210938e+02 6.1467655003070831e-02 13631999. -1.
    5.5877899169921875e+01 4.1546772003173828e+01 3.4519927501678467e+00
    1.2574012756347656e+02 2.5601681321859360e-02 13829119. -1.
    5.6431850433349609e+01 2.7113075256347656e+01 5.0729689598083496e+00
    3.3367462158203125e+02 2.7548594400286674e-02 8258048. -1.
    5.6661926269531250e+01 7.0270759582519531e+01 2.4368331432342529e+00
    2.1959872436523438e+02 2.5761064141988754e-02 5374719. -1.
    5.7143997192382813e+01 2.1427413940429688e+01 2.0270984172821045e+00
    1.0961254882812500e+02 3.9536643773317337e-02 8782335. -1.
    5.7143997192382813e+01 2.1427413940429688e+01 2.0270984172821045e+00
    3.0792224121093750e+02 3.9536643773317337e-02 8782335. -1.
    5.7194904327392578e+01 4.2037181854248047e+01 2.5308172702789307e+00
