<?xml version="1.0"?>
<opencv_storage>
<keypoints type_id="opencv-matrix">
  <rows>20</rows>
  <cols>7</cols>
  <dt>d</dt>
  <data>
    1.4727599143981934e+01 2.3339387893676758e+01 2.6289460659027100e+00
    2.8977328491210938e+02 8.0873809754848480e-02 10879743. -1.
    1.5363323211669922e+01 2.7303009033203125e+01 2.9266757965087891e+00
    2.8803778076171875e+02 5.0620902329683304e-02 1901567. -1.
    1.9720766067504883e+01 2.5326547622680664e+01 2.5079121589660645e+00
    2.8761334228515625e+02 7.7930666506290436e-02 7471871. -1.
    2.1712879180908203e+01 1.8496330261230469e+01 3.1960599422454834e+00
    4.4020935058593750e+01 6.2189977616071701e-02 8258559. -1.
    2.2275903701782227e+01 2.8454158782958984e+01 3.0195381641387939e+00
    2.7144927978515625e+02 6.4848698675632477e-02 4129791. -1.
    2.5149427413940430e+01 1.3659193038940430e+01 2.1681871414184570e+00
    2.3167845153808594e+02 3.1370043754577637e-02 13631999. -1.
    2.5351289749145508e+01 3.6407890319824219e+01 2.4802422523498535e+00
    2.7212817382812500e+02 5.2841030061244965e-02 6619903. -1.
    2.5521076202392578e+01 3.2891765594482422e+01 3.2029969692230225e+00
    2.7393289184570313e+02 8.1035405397415161e-02 8455167. -1.
    2.5614324569702148e+01 2.2627292633056641e+01 4.7371687889099121e+00
    6.4667510986328125e+01 7.9895243048667908e-02 3277312. -1.
    2.5614324569702148e+01 2.2627292633056641e+01 4.7371687889099121e+00
    1.1209352111816406e+02 7.9895243048667908e-02 3277312. -1.
    2.5696844100952148e+01 1.8410654067993164e+01 2.2943229675292969e+00
    3.5374511718750000e+01 6.9165855646133423e-02 983807. -1.
    2.5696844100952148e+01 1.8410654067993164e+01 2.2943229675292969e+00
    1.4277616882324219e+02 6.9165855646133423e-02 983807. -1.
    2.5708873748779297e+01 2.6697887420654297e+01 2.0439000129699707e+00
    3.2962966918945313e+02 5.8782368898391724e-02 9372159. -1.
    2.9693819046020508e+01 2.9041135787963867e+01 3.4976203441619873e+00
    2.7086376953125000e+02 6.7660331726074219e-02 14812159. -1.
    2.9740905761718750e+01 1.8374956130981445e+01 3.3575141429901123e+00
    1.3688523864746094e+02 6.1191469430923462e-02 11863039. -1.
    3.0000955581665039e+01 2.9238836288452148e+01 3.6302304267883301e+00
    2.6391583251953125e+02 6.7487858235836029e-02 786688. -1.
    3.1548992156982422e+01 2.5355379104614258e+01 2.4590101242065430e+00
    2.6549114990234375e+02 7.6628901064395905e-02 6030079. -1.
    3.3028049468994141e+01 2.8260452270507813e+01 2.0931625366210938e+00
    2.5794793701171875e+02 4.1026286780834198e-02 11076095. -1.
    3.6493732452392578e+01 2.3193122863769531e+01 2.7292931079864502e+00
    9.8046936035156250e+01 7.5427442789077759e-02 13566719. -1.
    3.6493732452392578e+01 2.3193122863769531e+01 2.7292931079864502e+00
    2.5577444458007813e+02 7.5427442789077759e-02 13566719. -1.</data></keypoints>
<descriptors type_id="opencv-matrix">
  <rows>20</rows>
  <cols>128</cols>
  <dt>f</dt>
  <data>
    0. 0. 1. 3. 0. 0. 0. 0. 5. 2. 2. 2. 0. 2. 11. 11. 0. 0. 0. 0. 0. 13.
    14. 3. 0. 0. 0. 0. 0. 1. 0. 0. 9. 5. 5. 36. 12. 0. 0. 0. 145. 18. 7.
    14. 3. 22. 44. 86. 22. 1. 0. 0. 48. 145. 60. 31. 0. 3. 5. 2. 20. 22.
    0. 0. 31. 7. 3. 71. 46. 0. 0. 1. 145. 38. 3. 16. 11. 8. 5. 40. 85.
    10. 1. 11. 145. 113. 7. 15. 0. 11. 25. 19. 128. 42. 1. 0. 30. 10. 1.
    36. 59. 6. 6. 1. 145. 137. 4. 4. 7. 2. 3. 22. 58. 61. 8. 7. 107. 67.
    21. 16. 0. 2. 4. 5. 73. 145. 92. 2. 0. 0. 0. 1. 0. 0. 0. 0. 7. 3. 5.
    15. 2. 0. 0. 2. 29. 4. 3. 2. 0. 15. 37. 48. 0. 0. 0. 0. 6. 47. 25.
    5. 0. 0. 0. 12. 8. 0. 0. 0. 59. 16. 10. 74. 25. 0. 0. 3. 149. 17. 5.
    6. 15. 36. 31. 83. 17. 0. 1. 3. 137. 133. 22. 13. 0. 0. 0. 26. 40.
    1. 0. 0. 105. 24. 4. 74. 69. 5. 2. 3. 149. 91. 2. 3. 27. 6. 1. 24.
    30. 14. 1. 4. 149. 104. 15. 4. 7. 1. 1. 15. 30. 8. 12. 10. 37. 12.
    0. 8. 30. 54. 131. 31. 149. 109. 1. 0. 2. 11. 44. 81. 71. 31. 5. 7.
    16. 76. 53. 41. 7. 3. 2. 37. 15. 0. 0. 0. 129. 16. 4. 13. 3. 5. 10.
    36. 49. 3. 0. 2. 69. 109. 22. 22. 0. 3. 6. 5. 47. 30. 0. 0. 27. 5.
    1. 54. 43. 0. 0. 1. 129. 33. 2. 8. 5. 1. 0. 42. 77. 13. 2. 13. 129.
    35. 2. 16. 0. 4. 10. 15. 129. 53. 6. 0. 18. 7. 0. 18. 42. 24. 39. 4.
    129. 129. 3. 1. 2. 6. 21. 30. 79. 92. 9. 4. 40. 43. 26. 42. 2. 0. 0.
    3. 36. 129. 110. 7. 31. 5. 0. 1. 7. 53. 98. 31. 40. 22. 16. 7. 6.
    32. 76. 91. 81. 66. 33. 3. 0. 2. 7. 85. 5. 10. 14. 74. 33. 26. 24.
    8. 0. 0. 0. 3. 7. 0. 0. 0. 6. 0. 14. 37. 31. 0. 2. 9. 11. 1. 44. 18.
    2. 14. 76. 31. 32. 10. 23. 2. 0. 7. 62. 77. 0. 0. 0. 1. 20. 1. 0. 0.
    55. 12. 1. 10. 87. 8. 6. 19. 126. 24. 1. 1. 3. 13. 126. 98. 28. 3.
    5. 15. 22. 36. 126. 71. 1. 0. 0. 0. 9. 3. 2. 8. 21. 1. 0. 0. 25. 19.
    63. 126. 126. 21. 20. 25. 7. 2. 36. 126. 29. 23. 109. 96. 60. 12. 9.
    5. 27. 6. 1. 0. 0. 0. 1. 21. 60. 21. 49. 30. 0. 0. 18. 126. 4. 1.
    104. 126. 13. 1. 18. 50. 32. 39. 71. 126. 14. 1. 2. 3. 0. 0. 0. 21.
    8. 0. 0. 0. 30. 3. 6. 73. 12. 0. 0. 10. 118. 4. 4. 9. 7. 3. 4. 108.
    19. 0. 0. 18. 108. 29. 7. 24. 8. 1. 2. 23. 18. 19. 22. 15. 76. 4. 1.
    22. 21. 68. 58. 28. 118. 38. 1. 5. 16. 7. 11. 81. 15. 5. 1. 28. 118.
    80. 9. 10. 113. 15. 6. 9. 4. 16. 24. 44. 31. 19. 23. 36. 15. 96. 86.
    48. 117. 74. 13. 4. 1. 9. 29. 118. 16. 13. 11. 54. 30. 118. 24. 24.
    42. 27. 23. 17. 4. 5. 3. 6. 32. 32. 70. 102. 11. 7. 2. 3. 118. 97.
    24. 11. 5. 2. 1. 20. 14. 15. 17. 108. 63. 13. 0. 3. 0. 3. 36. 28.
    136. 136. 2. 0. 54. 13. 8. 33. 136. 136. 1. 2. 135. 25. 1. 0. 1. 3.
    0. 1. 5. 1. 0. 0. 0. 0. 0. 0. 0. 79. 136. 57. 80. 47. 0. 0. 38. 11.
    75. 101. 136. 101. 5. 7. 136. 21. 0. 4. 11. 5. 2. 11. 11. 1. 0. 0.
    0. 0. 0. 0. 1. 37. 105. 11. 2. 1. 97. 37. 8. 10. 47. 38. 11. 1. 100.
    85. 57. 2. 0. 2. 2. 0. 33. 74. 6. 0. 0. 0. 0. 0. 0. 3. 0. 0. 0. 0.
    0. 0. 65. 20. 0. 0. 0. 0. 0. 0. 35. 23. 0. 0. 0. 0. 0. 0. 7. 8. 0.
    0. 0. 0. 0. 0. 0. 0. 0. 0. 0. 1. 0. 0. 0. 0. 2. 1. 4. 34. 2. 0. 0.
    1. 10. 1. 4. 58. 40. 36. 48. 31. 43. 4. 0. 31. 31. 98. 65. 13. 0. 0.
    0. 8. 12. 1. 0. 0. 49. 8. 12. 88. 49. 14. 2. 6. 145. 21. 10. 20. 13.
    51. 76. 145. 27. 7. 8. 16. 45. 145. 145. 50. 0. 0. 0. 1. 9. 7. 0. 0.
    45. 2. 0. 7. 37. 80. 22. 14. 145. 133. 61. 43. 13. 15. 14. 30. 27.
    46. 126. 145. 53. 18. 7. 7. 0. 0. 0. 0. 0. 1. 0. 0. 2. 0. 0. 0. 0.
    12. 6. 1. 12. 26. 35. 32. 20. 25. 5. 2. 21. 8. 43. 104. 28. 52. 16.
    5. 0. 0. 0. 6. 1. 0. 0. 0. 1. 0. 1. 41. 31. 14. 12. 4. 112. 9. 3.
    46. 27. 27. 23. 24. 123. 26. 1. 7. 31. 7. 2. 60. 6. 2. 3. 25. 17. 3.
    0. 1. 123. 13. 6. 20. 13. 35. 55. 67. 66. 17. 9. 18. 16. 123. 123.
    78. 123. 60. 7. 4. 6. 17. 31. 123. 6. 0. 0. 3. 16. 21. 5. 3. 123.
    60. 37. 30. 9. 14. 10. 21. 54. 65. 109. 123. 20. 22. 12. 13. 123.
    123. 38. 20. 8. 3. 3. 32. 0. 0. 0. 0. 0. 3. 1. 0. 3. 6. 9. 11. 9.
    16. 3. 1. 46. 10. 15. 36. 15. 45. 23. 8. 123. 76. 2. 2. 10. 9. 6.
    14. 0. 0. 8. 22. 1. 0. 0. 1. 51. 10. 19. 11. 0. 0. 4. 56. 53. 2. 0.
    11. 49. 33. 46. 100. 0. 2. 2. 19. 57. 28. 8. 0. 32. 1. 3. 24. 29. 6.
    2. 23. 132. 11. 6. 10. 7. 4. 51. 132. 38. 2. 1. 79. 132. 29. 36.
    112. 8. 10. 6. 56. 83. 22. 22. 6. 57. 2. 0. 0. 15. 19. 10. 49. 132.
    33. 17. 88. 13. 3. 8. 108. 13. 39. 73. 132. 106. 25. 16. 8. 2. 20.
    24. 40. 49. 46. 36. 4. 46. 21. 8. 1. 0. 1. 2. 25. 50. 26. 46. 132.
    21. 2. 3. 31. 9. 30. 34. 132. 27. 4. 15. 22. 7. 20. 19. 22. 6. 0. 5.
    14. 43. 21. 2. 1. 0. 0. 3. 21. 61. 35. 1. 0. 26. 100. 48. 40. 5. 7.
    9. 7. 60. 107. 17. 15. 6. 7. 5. 1. 6. 12. 14. 16. 48. 42. 10. 21.
    19. 0. 0. 3. 137. 107. 6. 3. 19. 67. 12. 42. 20. 7. 12. 23. 110.
    137. 59. 38. 3. 3. 35. 48. 58. 36. 30. 26. 33. 20. 1. 6. 36. 20. 3.
    3. 137. 137. 34. 4. 8. 10. 5. 20. 33. 104. 35. 44. 137. 56. 2. 4.
    24. 11. 40. 43. 110. 26. 3. 12. 0. 2. 0. 0. 3. 22. 9. 0. 58. 70. 4.
    0. 0. 9. 17. 10. 51. 94. 37. 37. 92. 12. 0. 1. 7. 0. 3. 15. 72. 22.
    7. 18. 0. 0. 11. 31. 19. 0. 0. 2. 1. 1. 61. 16. 3. 7. 17. 13. 1. 10.
    81. 4. 1. 18. 15. 2. 15. 21. 37. 0. 0. 1. 2. 25. 17. 4. 1. 27. 62.
