<?xml version="1.0"?>
<opencv_storage>
<keypoints type_id="opencv-matrix">
  <rows>12</rows>
  <cols>7</cols>
  <dt>d</dt>
  <data>
    1.7123907089233398e+01 1.5745621681213379e+01 2.2023491859436035e+00
    4.0321350097656250e+00 7.8629165887832642e-02 14746111. -1.
    1.7123907089233398e+01 1.5745621681213379e+01 2.2023491859436035e+00
    1.0056475830078125e+02 7.8629165887832642e-02 14746111. -1.
    1.7157325744628906e+01 3.4318347930908203e+01 2.1746337413787842e+00
    2.9452899169921875e+02 6.8417266011238098e-02 13828607. -1.
    1.7157325744628906e+01 3.4318347930908203e+01 2.1746337413787842e+00
    3.5400906372070313e+02 6.8417266011238098e-02 13828607. -1.
    2.0159658432006836e+01 2.0281476974487305e+01 7.1795916557312012e+00
    3.0607299804687500e+00 8.8698260486125946e-02 16646912. -1.
    2.1961132049560547e+01 2.5999910354614258e+01 1.2454305648803711e+01
    2.2977888488769531e+02 9.9004290997982025e-02 6357761. -1.
    2.1961132049560547e+01 2.5999910354614258e+01 1.2454305648803711e+01
    3.5981988525390625e+02 9.9004290997982025e-02 6357761. -1.
    3.1714683532714844e+01 2.5937047958374023e+01 4.8517718315124512e+00
    2.5110389709472656e+02 8.8677823543548584e-02 5046784. -1.
    3.2457504272460938e+01 1.5110855102539063e+01 1.9800777435302734e+00
    9.5359466552734375e+01 9.4560861587524414e-02 7078399. -1.
    3.2457504272460938e+01 1.5110855102539063e+01 1.9800777435302734e+00
    1.7306373596191406e+02 9.4560861587524414e-02 7078399. -1.
    3.6762542724609375e+01 2.5838163375854492e+01 2.7276828289031982e+00
    1.0469577026367188e+02 1.0088846832513809e-01 13501183. -1.
    3.6762542724609375e+01 2.5838163375854492e+01 2.7276828289031982e+00
    2.5614486694335938e+02 1.0088846832513809e-01 13501183. -1.</data></keypoints>
<descriptors type_id="opencv-matrix">
  <rows>12</rows>
  <cols>128</cols>
  <dt>f</dt>
  <data>
    0. 0. 0. 0. 0. 0. 0. 1. 0. 0. 0. 0. 0. 1. 16. 8. 0. 0. 0. 0. 0. 4.
    26. 6. 0. 0. 0. 0. 0. 0. 37. 17. 16. 0. 0. 0. 0. 0. 0. 5. 116. 1. 0.
    0. 0. 10. 103. 126. 14. 0. 0. 0. 0. 76. 159. 51. 6. 4. 0. 0. 0. 45.
    159. 67. 33. 2. 0. 0. 0. 0. 0. 1. 159. 29. 0. 0. 0. 1. 17. 41. 126.
    8. 0. 0. 0. 45. 142. 28. 1. 2. 0. 0. 3. 102. 153. 2. 18. 2. 0. 0. 0.
    0. 0. 0. 159. 36. 0. 0. 0. 0. 0. 0. 155. 15. 0. 0. 0. 0. 1. 0. 1. 0.
    0. 0. 9. 6. 4. 0. 51. 43. 1. 0. 0. 0. 0. 0. 154. 73. 7. 7. 1. 0. 0.
    40. 148. 1. 0. 0. 0. 0. 2. 53. 1. 0. 2. 1. 0. 0. 3. 2. 32. 15. 0. 0.
    0. 0. 0. 2. 154. 67. 16. 1. 0. 0. 0. 33. 133. 28. 144. 31. 0. 0. 0.
    18. 0. 0. 154. 60. 0. 0. 0. 0. 17. 8. 0. 0. 0. 0. 0. 1. 110. 125.
    117. 5. 0. 0. 0. 5. 15. 34. 154. 81. 0. 0. 0. 0. 0. 0. 154. 80. 0.
    0. 0. 0. 0. 1. 0. 0. 0. 0. 0. 0. 0. 6. 15. 1. 0. 0. 0. 0. 0. 0. 23.
    5. 0. 0. 0. 0. 0. 0. 6. 2. 0. 0. 0. 0. 0. 0. 0. 0. 0. 0. 0. 0. 0. 0.
    0. 0. 0. 0. 10. 17. 0. 0. 0. 0. 0. 0. 66. 80. 0. 0. 0. 0. 0. 0. 119.
    142. 11. 0. 0. 0. 0. 0. 0. 6. 97. 1. 0. 0. 0. 0. 46. 147. 21. 0. 0.
    0. 0. 0. 147. 147. 0. 0. 0. 0. 0. 0. 116. 139. 28. 4. 0. 0. 0. 0. 0.
    1. 147. 53. 0. 0. 0. 0. 2. 49. 136. 24. 0. 0. 0. 0. 15. 52. 1. 0. 1.
    1. 0. 0. 4. 5. 9. 3. 0. 0. 0. 0. 0. 0. 147. 73. 0. 0. 0. 0. 0. 0.
    147. 51. 14. 10. 0. 0. 0. 0. 1. 1. 52. 59. 0. 0. 0. 0. 14. 0. 0. 0.
    0. 0. 0. 2. 153. 0. 0. 0. 0. 0. 0. 49. 153. 0. 0. 0. 0. 0. 0. 25. 1.
    0. 0. 1. 6. 0. 0. 0. 28. 1. 0. 0. 0. 0. 0. 3. 153. 52. 3. 0. 0. 0.
    0. 39. 140. 55. 20. 0. 0. 0. 0. 13. 0. 6. 8. 3. 14. 0. 0. 0. 12. 5.
    0. 0. 0. 0. 0. 0. 102. 153. 45. 0. 0. 0. 0. 1. 19. 153. 153. 0. 0.
    0. 0. 0. 0. 129. 153. 9. 10. 0. 0. 0. 0. 0. 0. 0. 0. 0. 0. 0. 0. 18.
    11. 0. 0. 0. 0. 0. 0. 61. 76. 0. 0. 0. 0. 0. 0. 103. 123. 3. 0. 0.
    0. 0. 0. 0. 0. 0. 0. 0. 0. 1. 0. 0. 0. 0. 0. 0. 22. 14. 0. 0. 0. 0.
    0. 4. 55. 5. 0. 0. 0. 0. 1. 11. 13. 0. 20. 0. 0. 0. 0. 0. 0. 7. 133.
    1. 0. 0. 1. 13. 98. 133. 14. 0. 0. 0. 27. 133. 133. 36. 0. 0. 0. 0.
    34. 108. 33. 0. 38. 3. 0. 0. 0. 0. 0. 1. 133. 48. 3. 3. 8. 9. 8. 29.
    71. 15. 25. 88. 104. 106. 33. 11. 0. 0. 35. 101. 62. 90. 23. 0. 11.
    5. 0. 0. 0. 0. 0. 0. 115. 133. 50. 7. 2. 0. 0. 0. 17. 51. 109. 133.
    58. 0. 0. 0. 0. 0. 28. 81. 14. 0. 0. 0. 0. 0. 0. 0. 0. 0. 0. 1. 0.
    0. 0. 0. 0. 7. 41. 14. 0. 0. 0. 0. 0. 21. 26. 1. 0. 0. 0. 0. 0. 1.
    0. 0. 47. 1. 0. 0. 0. 0. 1. 16. 139. 20. 5. 4. 6. 63. 139. 139. 8.
    5. 5. 20. 102. 139. 128. 22. 0. 0. 0. 2. 29. 30. 0. 0. 70. 17. 0. 0.
    0. 0. 0. 3. 139. 139. 139. 34. 8. 13. 10. 30. 10. 29. 139. 139. 139.
    73. 9. 5. 0. 0. 0. 28. 50. 9. 0. 0. 2. 4. 1. 0. 0. 0. 0. 0. 3. 34.
    70. 7. 0. 0. 0. 0. 0. 3. 60. 47. 1. 0. 0. 0. 0. 0. 0. 5. 1. 0. 0. 0.
    1. 0. 0. 0. 0. 0. 0. 4. 3. 0. 0. 0. 0. 3. 45. 42. 0. 0. 0. 0. 1. 40.
    61. 7. 0. 0. 0. 0. 1. 10. 1. 0. 35. 2. 0. 0. 0. 0. 0. 15. 147. 29.
    6. 8. 6. 30. 121. 147. 19. 8. 7. 58. 126. 147. 147. 49. 0. 0. 0. 11.
    48. 57. 2. 0. 33. 15. 0. 0. 0. 0. 0. 1. 147. 147. 114. 43. 5. 5. 4.
    24. 18. 44. 137. 147. 97. 33. 5. 7. 0. 0. 3. 58. 33. 6. 0. 0. 1. 3.
    0. 0. 0. 0. 0. 0. 2. 32. 26. 5. 0. 0. 0. 0. 0. 4. 28. 34. 0. 0. 0.
    0. 0. 0. 1. 5. 0. 0. 0. 0. 91. 70. 6. 0. 0. 0. 0. 38. 76. 119. 43.
    0. 0. 6. 32. 58. 4. 47. 64. 5. 1. 65. 95. 2. 0. 1. 27. 41. 55. 119.
    75. 0. 42. 55. 6. 0. 0. 0. 0. 3. 119. 119. 27. 7. 6. 0. 1. 48. 35.
    45. 119. 97. 59. 1. 2. 15. 3. 14. 119. 115. 58. 2. 0. 1. 42. 13. 0.
    0. 0. 0. 0. 1. 119. 113. 57. 39. 3. 0. 0. 9. 14. 30. 100. 119. 38.
    0. 0. 3. 5. 17. 53. 69. 28. 0. 0. 3. 3. 6. 0. 0. 0. 0. 0. 0. 6. 40.
    45. 11. 0. 0. 0. 0. 0. 7. 54. 32. 0. 0. 0. 0. 0. 5. 31. 14. 1. 0. 0.
    0. 0. 0. 0. 0. 0. 0. 0. 1. 0. 0. 0. 0. 0. 0. 20. 13. 0. 0. 0. 0. 0.
    1. 67. 9. 5. 0. 0. 0. 0. 5. 42. 7. 19. 0. 0. 0. 0. 0. 0. 9. 108. 2.
    0. 3. 1. 0. 90. 149. 11. 0. 18. 52. 8. 27. 149. 72. 13. 9. 19. 46.
    21. 62. 117. 21. 44. 4. 0. 0. 0. 0. 0. 1. 149. 38. 2. 15. 25. 1. 6.
    38. 47. 8. 52. 149. 149. 11. 20. 14. 23. 34. 73. 95. 21. 7. 2. 1.
    24. 3. 0. 0. 0. 0. 0. 0. 149. 39. 0. 1. 28. 4. 0. 0. 54. 8. 1. 8.
    149. 55. 18. 5. 4. 6. 3. 4. 22. 14. 105. 26. 14. 0. 0. 0. 0. 0. 0.
    5. 117. 8. 3. 1. 8. 15. 14. 96. 13. 7. 47. 27. 105. 68. 17. 25. 44.
    3. 41. 23. 14. 5. 3. 7. 43. 2. 0. 0. 0. 0. 0. 6. 143. 41. 7. 0. 17.
    25. 4. 72. 34. 15. 24. 1. 122. 143. 81. 18. 30. 2. 7. 0. 9. 53. 143.
    20. 19. 10. 0. 0. 0. 0. 0. 0. 102. 143. 93. 0. 1. 3. 0. 2. 9. 96.
    143. 1. 3. 39. 33. 1. 0. 43. 143. 0. 0. 18. 95. 2. 0. 1. 0. 0. 0. 0.
    0. 0. 0. 12. 19. 0. 0. 0. 0. 0. 0. 14. 66. 0. 0. 0. 0. 0. 0. 14. 80.
    0. 0. 0. 0. 0. 0. 0. 0. 0. 0. 0. 0. 1. 0. 0. 0. 0. 0. 1. 16. 8. 0.
    0. 0. 0. 0. 8. 14. 1. 0. 0. 0. 0. 0. 1. 0. 0. 20. 1. 0. 0. 0. 0. 1.
    14. 89. 4. 0. 0. 4. 28. 107. 135. 6. 0. 0. 0. 62. 135. 97. 23. 0. 0.
    0. 0. 9. 27. 7. 0. 37. 2. 0. 0. 0. 4. 54. 32. 135. 29. 0. 0. 10. 23.
    20. 111. 55. 5. 0. 0. 119. 135. 51. 18. 0. 0. 0. 3. 80. 126. 40. 0.
    13. 17. 10. 55. 23. 19. 69. 27. 135. 123. 8. 6. 2. 3. 6. 81. 38. 35.
    17. 28. 91. 72. 15. 18. 0. 0. 0. 28. 135. 42. 25. 5. 44. 16. 0. 0.
    0. 0. 0. 28. 135. 89. 1. 1. 0. 0. 2. 135. 47. 24. 11. 68. 75. 34.
    16. 40. 1. 4. 22. 43. 135. 47. 12. 4. 36. 29. 0. 0. 0. 0. 0. 2. 135.
    127. 10. 14. 6. 0. 0. 26. 76. 27. 41. 135. 118. 0. 0. 6. 8. 42. 69.
    103. 53. 7. 15. 11. 16. 9. 0. 0. 0. 0. 0. 0. 102. 135. 94. 18. 2. 0.
    0. 4. 11. 34. 116. 135. 62. 0. 0. 1. 0. 18. 25. 31. 14. 0. 0. 0. 0.
    1. 0. 0. 0. 0. 0. 0. 0. 9. 15. 1. 0. 0. 0. 0. 0. 2. 19. 9. 0. 0. 0.
    0. 0. 0. 0. 1. 0. 0. 0. 0.</data></descriptors>
</opencv_storage>
