<?xml version="1.0"?>
<opencv_storage>
<keypoints type_id="opencv-matrix">
  <rows>68</rows>
  <cols>7</cols>
  <dt>d</dt>
  <data>
    8.0480804443359375e+00 1.6705337524414063e+01 3.4259464740753174e+00
    2.7095520019531250e+01 2.6413783431053162e-02 13304831. -1.
    1.1057805061340332e+01 2.1139186859130859e+01 1.8232853412628174e+00
    3.4346051025390625e+02 6.0940328985452652e-02 1114623. -1.
    1.3439106941223145e+01 7.4659161567687988e+00 2.4594161510467529e+00
    3.7682464599609375e+01 2.3807412013411522e-02 6030079. -1.
    1.4374355316162109e+01 6.9801321029663086e+00 2.0030822753906250e+00
    4.3540649414062500e+01 2.4049187079071999e-02 7864831. -1.
    1.4961524009704590e+01 1.4888743400573730e+01 1.8303829431533813e+00
    7.9076416015625000e+01 4.2296372354030609e-02 1376767. -1.
    1.4961524009704590e+01 1.4888743400573730e+01 1.8303829431533813e+00
    3.5702310180664063e+02 4.2296372354030609e-02 1376767. -1.
    1.5420194625854492e+01 9.8558082580566406e+00 2.4873161315917969e+00
    3.6608947753906250e+01 3.8278236985206604e-02 6816511. -1.
    1.6036651611328125e+01 5.2238967895507813e+01 1.9005273580551147e+00
    2.2181701660156250e+00 2.0482165738940239e-02 4063743. -1.
    2.2478414535522461e+01 2.5017841339111328e+01 1.8897379636764526e+00
    8.0523559570312500e+01 3.3224832266569138e-02 3670527. -1.
    2.2478414535522461e+01 2.5017841339111328e+01 1.8897379636764526e+00
    2.0876304626464844e+02 3.3224832266569138e-02 3670527. -1.
    2.3369180679321289e+01 1.3552256584167480e+01 3.1933610439300537e+00
    4.1524566650390625e+01 4.8589188605546951e-02 8193023. -1.
    2.4080015182495117e+01 7.3206298828125000e+01 2.3992037773132324e+00
    3.4877087402343750e+02 3.0908027663826942e-02 4260607. -1.
    2.5048099517822266e+01 3.6358551025390625e+01 6.9206337928771973e+00
    3.4263912963867188e+02 1.6366222873330116e-02 14025472. -1.
    2.7097700119018555e+01 1.5300365447998047e+01 2.8164424896240234e+00
    3.9119689941406250e+01 6.5053313970565796e-02 15860479. -1.
    2.7233324050903320e+01 7.3434745788574219e+01 2.3443074226379395e+00
    1.5049609375000000e+02 3.7975411862134933e-02 2556671. -1.
    2.7233324050903320e+01 7.3434745788574219e+01 2.3443074226379395e+00
    3.4519946289062500e+02 3.7975411862134933e-02 2556671. -1.
    3.8171630859375000e+01 8.1106178283691406e+01 2.0465583801269531e+00
    6.1335784912109375e+01 5.9060417115688324e-02 9437695. -1.
    3.8875370025634766e+01 3.1903459548950195e+01 3.7554180622100830e+00
    2.6450576782226563e+02 1.3531820848584175e-02 3211520. -1.
    3.8875370025634766e+01 3.1903459548950195e+01 3.7554180622100830e+00
    2.9537438964843750e+02 1.3531820848584175e-02 3211520. -1.
    3.9004043579101563e+01 6.5076217651367188e+01 2.0874497890472412e+00
    1.3915556335449219e+02 3.3159989863634109e-02 10879487. -1.
    3.9004043579101563e+01 6.5076217651367188e+01 2.0874497890472412e+00
    3.4200201416015625e+02 3.3159989863634109e-02 10879487. -1.
    3.9136272430419922e+01 7.4282407760620117e+00 3.0011785030364990e+00
    7.2713836669921875e+01 3.2475825399160385e-02 3736575. -1.
    3.9857421875000000e+01 7.2370613098144531e+01 2.3781497478485107e+00
    1.3636039733886719e+02 3.2628186047077179e-02 3605247. -1.
    4.2078830718994141e+01 7.7694107055664063e+01 2.9731159210205078e+00
    1.3337562561035156e+02 2.5171734392642975e-02 3015679. -1.
    4.4649307250976563e+01 8.3388198852539063e+01 2.0183212757110596e+00
    1.0308636474609375e+02 4.1003793478012085e-02 8454655. -1.
    4.7121688842773438e+01 5.1985202789306641e+01 2.8636934757232666e+00
    1.6101205444335938e+02 1.4779944904148579e-02 328703. -1.
    4.7233676910400391e+01 7.5540779113769531e+01 3.0381050109863281e+00
    1.3648744201660156e+02 3.7328820675611496e-02 4588543. -1.
    4.7282890319824219e+01 4.5386169433593750e+01 3.1694960594177246e+00
    3.5505334472656250e+02 2.3426100611686707e-02 7668735. -1.
    4.7849624633789063e+01 2.9025083541870117e+01 2.3590996265411377e+00
    1.8037001037597656e+02 1.8506756052374840e-02 3015423. -1.
    4.7849624633789063e+01 2.9025083541870117e+01 2.3590996265411377e+00
    3.5417660522460938e+02 1.8506756052374840e-02 3015423. -1.
    5.0409744262695313e+01 8.5379323959350586e+00 1.9786509275436401e+00
    9.7225311279296875e+01 5.1619917154312134e-02 7012863. -1.
    5.1181526184082031e+01 7.1425399780273438e+01 2.8836531639099121e+00
    1.7759957885742188e+02 2.1408135071396828e-02 852991. -1.
    5.1211925506591797e+01 7.4766036987304688e+01 2.6166002750396729e+00
    3.4185235595703125e+02 2.2525696083903313e-02 10486527. -1.
    5.1402023315429688e+01 5.1007217407226563e+01 2.0745093822479248e+00
    2.8721801757812500e+01 5.0690218806266785e-02 10420735. -1.
    5.1801193237304688e+01 2.4809097290039063e+01 2.4485194683074951e+00
    2.8149542236328125e+02 1.6134757548570633e-02 5702399. -1.
    5.2080478668212891e+01 7.3103652954101563e+01 1.0004111289978027e+01
    8.8156402587890625e+01 2.5254610925912857e-02 7275009. -1.
    5.2080478668212891e+01 7.3103652954101563e+01 1.0004111289978027e+01
    3.0801495361328125e+02 2.5254610925912857e-02 7275009. -1.
    5.3394683837890625e+01 4.1713447570800781e+01 3.7773041725158691e+00
    2.4123498535156250e+02 5.5623922497034073e-02 3670272. -1.
    5.4327232360839844e+01 1.9526042938232422e+01 1.7218099594116211e+01
    1.3757072448730469e+02 4.0114026516675949e-02 13107458. -1.
    5.4692817687988281e+01 4.6874259948730469e+01 3.0097453594207764e+00
    3.8751983642578125e+01 6.5984979271888733e-02 3933183. -1.
    5.4692817687988281e+01 4.6874259948730469e+01 3.0097453594207764e+00
    2.3272662353515625e+02 6.5984979271888733e-02 3933183. -1.
    5.4825599670410156e+01 6.8612861633300781e+01 3.5618133544921875e+00
    3.2394525146484375e+02 2.6760060340166092e-02 16122879. -1.
    5.6075115203857422e+01 7.2486526489257813e+01 4.7207670211791992e+00
    3.1059548950195313e+02 3.0602402985095978e-02 3080704. -1.
    5.6271766662597656e+01 2.5282659530639648e+01 2.1846864223480225e+00
    1.9238203430175781e+02 2.1592374891042709e-02 14156287. -1.
    5.7347190856933594e+01 8.3238479614257813e+01 2.0019979476928711e+00
    7.5421875000000000e+01 3.9631351828575134e-02 7864831. -1.
    5.7347190856933594e+01 8.3238479614257813e+01 2.0019979476928711e+00
    2.9675561523437500e+02 3.9631351828575134e-02 7864831. -1.
    5.7438385009765625e+01 1.7603982925415039e+01 2.3327322006225586e+00
    1.2453222656250000e+02 2.2702708840370178e-02 2228991. -1.
    5.7438385009765625e+01 1.7603982925415039e+01 2.3327322006225586e+00
    1.6379127502441406e+02 2.2702708840370178e-02 2228991. -1.
    5.7438385009765625e+01 1.7603982925415039e+01 2.3327322006225586e+00
    3.5112298583984375e+02 2.2702708840370178e-02 2228991. -1.
    5.8129615783691406e+01 3.9671524047851563e+01 3.2804753780364990e+00
    1.6487983703613281e+02 1.8457839265465736e-02 10159103. -1.
    5.9227718353271484e+01 8.2777023315429688e+01 6.2012591361999512e+00
    1.8464190673828125e+02 4.0408812463283539e-02 6095616. -1.
    6.0592021942138672e+01 7.3219398498535156e+01 2.4620006084442139e+00
    2.8267187500000000e+02 4.7890290617942810e-02 6095615. -1.
    6.1140937805175781e+01 4.1007099151611328e+01 5.8773593902587891e+00
    5.9249206542968750e+01 2.9029089957475662e-02 2163456. -1.
    6.1936229705810547e+01 6.6913085937500000e+01 1.9924932718276978e+00
    1.3003247070312500e+02 3.8860127329826355e-02 7537151. -1.
    6.1936229705810547e+01 6.6913085937500000e+01 1.9924932718276978e+00
    2.6609579467773438e+02 3.8860127329826355e-02 7537151. -1.
    6.2986061096191406e+01 1.3497342109680176e+01 2.7557954788208008e+00
    1.2046684265136719e+02 2.8344184160232544e-02 14287615. -1.
    6.5577850341796875e+01 8.2900421142578125e+01 2.0001254081726074e+00
    1.7465258789062500e+02 6.8097218871116638e-02 7799295. -1.
    6.6936325073242188e+01 6.7837371826171875e+01 2.9338691234588623e+00
