<?xml version="1.0"?>
<opencv_storage>
<keypoints type_id="opencv-matrix">
  <rows>6</rows>
  <cols>7</cols>
  <dt>d</dt>
  <data>
    2.1761142730712891e+01 1.0457436561584473e+01 2.5287511348724365e+00
    1.4540899658203125e+02 8.8603824377059937e-02 8061695. -1.
    2.1761142730712891e+01 1.0457436561584473e+01 2.5287511348724365e+00
    3.3489678955078125e+02 8.8603824377059937e-02 8061695. -1.
    2.4714612960815430e+01 1.5696004867553711e+01 2.8162958621978760e+00
    1.4824394226074219e+02 7.5356394052505493e-02 15860479. -1.
    2.4714612960815430e+01 1.5696004867553711e+01 2.8162958621978760e+00
    3.2899533081054688e+02 7.5356394052505493e-02 15860479. -1.
    2.9901470184326172e+01 2.4925197601318359e+01 2.6319873332977295e+00
    1.5211581420898438e+02 9.2592112720012665e-02 10945279. -1.
    2.9901470184326172e+01 2.4925197601318359e+01 2.6319873332977295e+00
    3.2538204956054688e+02 9.2592112720012665e-02 10945279. -1.</data></keypoints>
<descriptors type_id="opencv-matrix">
  <rows>6</rows>
  <cols>128</cols>
  <dt>f</dt>
  <data>
    23. 0. 0. 0. 0. 0. 0. 2. 165. 3. 0. 2. 11. 0. 0. 24. 96. 2. 0. 31.
    165. 2. 0. 7. 0. 0. 0. 9. 100. 0. 0. 0. 36. 2. 0. 0. 0. 0. 0. 4.
    165. 33. 4. 10. 22. 0. 0. 40. 81. 11. 5. 97. 165. 0. 0. 7. 0. 0. 0.
    18. 83. 0. 0. 0. 17. 10. 0. 0. 0. 0. 0. 0. 126. 165. 61. 21. 7. 0.
    0. 2. 15. 46. 80. 165. 132. 0. 0. 0. 0. 0. 0. 18. 30. 0. 0. 0. 0. 1.
    0. 0. 0. 0. 0. 0. 0. 22. 19. 2. 0. 0. 0. 0. 0. 6. 28. 22. 1. 0. 0.
    0. 0. 0. 0. 3. 1. 0. 0. 0. 1. 0. 0. 0. 0. 0. 0. 3. 1. 0. 0. 0. 0. 6.
    30. 19. 0. 0. 0. 0. 0. 20. 19. 1. 0. 0. 0. 0. 0. 1. 0. 0. 35. 0. 0.
    0. 0. 0. 0. 15. 152. 1. 0. 0. 11. 52. 93. 142. 9. 0. 0. 0. 111. 173.
    66. 17. 0. 0. 0. 0. 17. 11. 0. 0. 70. 2. 0. 0. 0. 0. 0. 1. 173. 15.
    0. 0. 50. 19. 5. 24. 48. 2. 0. 0. 173. 86. 4. 6. 0. 0. 0. 0. 56. 7.
    0. 0. 43. 5. 0. 0. 0. 0. 0. 0. 173. 49. 0. 0. 29. 6. 0. 0. 54. 9. 0.
    0. 173. 61. 0. 0. 0. 0. 0. 0. 65. 10. 0. 0. 20. 0. 0. 0. 0. 0. 0. 3.
    170. 1. 0. 3. 29. 0. 0. 27. 50. 0. 0. 30. 170. 0. 0. 4. 0. 0. 0. 4.
    33. 0. 0. 0. 37. 0. 0. 0. 0. 0. 0. 3. 170. 6. 0. 2. 53. 2. 0. 25.
    46. 1. 0. 16. 170. 10. 0. 4. 0. 0. 0. 2. 34. 1. 0. 0. 41. 1. 0. 0.
    0. 0. 0. 2. 170. 13. 0. 7. 55. 1. 0. 13. 41. 3. 0. 33. 170. 3. 0. 1.
    0. 0. 0. 3. 29. 0. 0. 0. 22. 6. 0. 0. 0. 0. 0. 1. 148. 92. 28. 23.
    26. 0. 0. 4. 12. 15. 23. 78. 156. 0. 0. 0. 0. 0. 0. 3. 12. 0. 0. 0.
    13. 0. 0. 0. 0. 0. 0. 3. 158. 0. 0. 0. 13. 17. 24. 76. 24. 0. 0. 3.
    148. 92. 28. 21. 0. 0. 0. 1. 20. 6. 0. 0. 30. 0. 0. 0. 0. 0. 0. 3.
    171. 4. 0. 1. 43. 3. 0. 28. 54. 1. 0. 9. 171. 16. 0. 6. 0. 0. 0. 2.
    39. 1. 0. 0. 33. 1. 0. 0. 0. 0. 0. 1. 171. 13. 0. 3. 45. 1. 0. 12.
    54. 3. 0. 20. 171. 7. 0. 2. 0. 0. 0. 3. 38. 1. 0. 0. 30. 0. 0. 0. 0.
    0. 0. 3. 171. 0. 0. 3. 46. 0. 0. 25. 33. 0. 0. 22. 171. 1. 0. 3. 0.
    0. 0. 2. 23. 0. 0. 0. 0. 0. 0. 0. 0. 0. 0. 1. 0. 0. 0. 0. 0. 3. 18.
    13. 0. 0. 0. 0. 0. 14. 17. 1. 0. 0. 0. 0. 0. 1. 0. 0. 20. 0. 0. 0.
    0. 0. 0. 12. 123. 3. 0. 0. 6. 35. 88. 159. 11. 0. 0. 0. 95. 180. 88.
    28. 0. 0. 0. 0. 19. 15. 0. 0. 46. 3. 0. 0. 0. 0. 0. 2. 180. 29. 0.
    0. 38. 12. 8. 34. 69. 5. 0. 4. 180. 65. 8. 8. 0. 0. 0. 1. 71. 5. 0.
    0. 37. 0. 0. 0. 0. 0. 0. 1. 180. 1. 0. 1. 37. 0. 0. 6. 66. 0. 0. 8.
    180. 3. 0. 1. 0. 0. 0. 2. 58. 0. 0. 0. 24. 0. 0. 0. 0. 0. 0. 6. 170.
    0. 0. 4. 22. 0. 0. 65. 77. 0. 0. 63. 170. 0. 0. 14. 0. 0. 0. 14. 68.
    0. 0. 0. 52. 3. 0. 0. 0. 0. 0. 7. 170. 50. 8. 13. 49. 0. 0. 50. 53.
    11. 8. 74. 170. 0. 0. 8. 0. 0. 0. 8. 60. 0. 0. 0. 19. 14. 0. 0. 0.
    0. 0. 0. 106. 170. 87. 30. 10. 0. 0. 1. 8. 34. 86. 170. 121. 0. 0.
    0. 0. 0. 0. 13. 20. 0. 0. 0. 0. 1. 0. 0. 0. 0. 0. 0. 0. 15. 17. 2.
    0. 0. 0. 0. 0. 3. 18. 14. 0. 0. 0. 0. 0. 0. 0. 1. 0. 0. 0. 0.</data></descriptors>
</opencv_storage>
