<?xml version="1.0"?>
<opencv_storage>
<keypoints type_id="opencv-matrix">
  <rows>93</rows>
  <cols>7</cols>
  <dt>d</dt>
  <data>
    3.5160586833953857e+00 5.8773765563964844e+01 2.6513421535491943e+00
    1.5901657104492188e+02 2.2142888978123665e-02 11469567. -1.
    9.1717815399169922e+00 2.0958425521850586e+01 2.1417596340179443e+00
    3.2601055908203125e+02 2.8352685272693634e-02 12714495. -1.
    9.1887331008911133e+00 1.2519515991210938e+01 4.7105345726013184e+00
    3.6917999267578125e+01 2.6581339538097382e-02 2884096. -1.
    1.1186032295227051e+01 1.8603593826293945e+01 2.4806997776031494e+00
    6.3910949707031250e+01 6.4813643693923950e-02 6619903. -1.
    1.1186032295227051e+01 1.8603593826293945e+01 2.4806997776031494e+00
    3.3406561279296875e+02 6.4813643693923950e-02 6619903. -1.
    1.3552414894104004e+01 2.5175054550170898e+01 4.9414534568786621e+00
    3.4127075195312500e+01 3.5612881183624268e-02 6357504. -1.
    1.5183544158935547e+01 1.0309414863586426e+01 2.9217977523803711e+00
    2.4610412597656250e+01 3.4822687506675720e-02 1770495. -1.
    1.7902145385742188e+01 1.5490500450134277e+01 1.9280232191085815e+00
    3.5911010742187500e+01 5.1555301994085312e-02 5112319. -1.
    1.8471570968627930e+01 1.1944641113281250e+01 2.0994040966033936e+00
    1.2507037353515625e+02 3.4163851290941238e-02 11272703. -1.
    1.9350156784057617e+01 8.6891508102416992e+00 2.8140611648559570e+00
    1.2907014465332031e+02 2.8005043044686317e-02 15794943. -1.
    1.9607074737548828e+01 8.6795949935913086e+00 2.9311788082122803e+00
    1.3068403625488281e+02 2.7882352471351624e-02 2032639. -1.
    1.9634729385375977e+01 6.0057853698730469e+01 1.6486143112182617e+01
    3.4858599853515625e+02 2.1239643916487694e-02 9961730. -1.
    2.0900432586669922e+01 1.5413370132446289e+01 2.2605190277099609e+00
    2.8197448730468750e+01 4.7862131148576736e-02 16646655. -1.
    2.0900432586669922e+01 1.5413370132446289e+01 2.2605190277099609e+00
    1.5011584472656250e+02 4.7862131148576736e-02 16646655. -1.
    2.0900432586669922e+01 1.5413370132446289e+01 2.2605190277099609e+00
    1.7651062011718750e+02 4.7862131148576736e-02 16646655. -1.
    2.1115068435668945e+01 2.8353197097778320e+01 6.1970944404602051e+00
    3.0503692626953125e+01 2.3555172607302666e-02 6030080. -1.
    2.3543544769287109e+01 8.4494087219238281e+01 2.7298371791839600e+00
    4.0808258056640625e+01 4.1281245648860931e-02 13566719. -1.
    2.3543544769287109e+01 8.4494087219238281e+01 2.7298371791839600e+00
    3.5144305419921875e+02 4.1281245648860931e-02 13566719. -1.
    2.6883337020874023e+01 1.6925281524658203e+01 2.1064593791961670e+00
    2.8041259765625000e+01 4.1190467774868011e-02 11534847. -1.
    2.7199108123779297e+01 7.2195190429687500e+01 1.9190853834152222e+00
    8.6769531250000000e+01 3.7902615964412689e-02 4784639. -1.
    2.7347000122070313e+01 4.0772392272949219e+01 2.2696144580841064e+00
    3.4684451293945313e+02 1.8814858049154282e-02 197375. -1.
    2.7407402038574219e+01 4.0559452056884766e+01 2.4108939170837402e+00
    3.5170495605468750e+02 1.8577059730887413e-02 4588287. -1.
    2.8347822189331055e+01 5.4356143951416016e+01 1.9519592523574829e+00
    3.1045257568359375e+02 3.3272482454776764e-02 6029823. -1.
    2.9090560913085938e+01 5.0604373931884766e+01 2.2934668064117432e+00
    2.4685852050781250e+02 5.8144014328718185e-02 983807. -1.
    3.1247089385986328e+01 4.5006729125976563e+01 2.5960893630981445e+00
    2.5096125793457031e+02 6.7755915224552155e-02 9962239. -1.
    3.5182975769042969e+01 1.3116647720336914e+01 1.9323589801788330e+00
    4.2010742187500000e+01 2.2698245942592621e-02 5308927. -1.
    3.6684310913085938e+01 7.2826187133789063e+01 7.6188988685607910e+00
    1.0305972290039063e+02 6.2476348131895065e-02 4260097. -1.
    3.6684310913085938e+01 7.2826187133789063e+01 7.6188988685607910e+00
    2.9003479003906250e+02 6.2476348131895065e-02 4260097. -1.
    3.8030826568603516e+01 5.3246040344238281e+01 4.0854845046997070e+00
    5.2771911621093750e+01 3.2040443271398544e-02 9306368. -1.
    4.0596977233886719e+01 6.3639282226562500e+01 6.0433077812194824e+00
    2.9356375122070313e+02 4.9509257078170776e-02 4195072. -1.
    4.0865272521972656e+01 6.4118161201477051e+00 2.5168604850769043e+00
    9.4678161621093750e+01 3.3981248736381531e-02 7668479. -1.
    4.2593204498291016e+01 1.9730556488037109e+01 3.6271557807922363e+00
    2.4929736328125000e+02 1.3931895606219769e-02 721152. -1.
    4.2776069641113281e+01 1.9598016738891602e+01 3.4044513702392578e+00
    2.4825335693359375e+02 1.4002409763634205e-02 12846079. -1.
    4.2895381927490234e+01 5.2573284149169922e+01 1.8292280435562134e+00
    1.6163330078125000e+00 1.6726890578866005e-02 1311231. -1.
    4.2895381927490234e+01 5.2573284149169922e+01 1.8292280435562134e+00
    9.0722442626953125e+01 1.6726890578866005e-02 1311231. -1.
    4.5709987640380859e+01 6.0732303619384766e+01 2.5999002456665039e+00
    1.4327705383300781e+02 6.1229422688484192e-02 10027775. -1.
    4.5709987640380859e+01 6.0732303619384766e+01 2.5999002456665039e+00
    2.4699069213867188e+02 6.1229422688484192e-02 10027775. -1.
    4.5719078063964844e+01 8.5003471374511719e+01 3.5757713317871094e+00
    1.8655770874023438e+02 6.7703768610954285e-02 16385023. -1.
    4.6227870941162109e+01 7.6382171630859375e+01 8.0688352584838867e+00
    2.8180343627929688e+02 5.2738059312105179e-02 8388865. -1.
    4.6472827911376953e+01 8.0551475524902344e+01 3.0933756828308105e+00
    1.7210266113281250e+01 6.4989335834980011e-02 5899263. -1.
    4.6472827911376953e+01 8.0551475524902344e+01 3.0933756828308105e+00
    1.6992562866210938e+02 6.4989335834980011e-02 5899263. -1.
    4.6881057739257813e+01 5.3453685760498047e+01 5.3732848167419434e+00
    6.4237121582031250e+01 3.0234010890126228e-02 12452352. -1.
    4.6881057739257813e+01 5.3453685760498047e+01 5.3732848167419434e+00
    2.4970100402832031e+02 3.0234010890126228e-02 12452352. -1.
    4.7040916442871094e+01 4.3347412109375000e+01 1.9446327686309814e+00
    3.2336035156250000e+02 4.1518341749906540e-02 5767679. -1.
    4.7738460540771484e+01 7.5114418029785156e+01 2.1268587112426758e+00
    2.0033023071289063e+02 2.6953198015689850e-02 12255743. -1.
    4.8965507507324219e+01 6.0588497161865234e+01 5.8487753868103027e+00
    2.5996466064453125e+02 4.6827960759401321e-02 1835776. -1.
    4.8965507507324219e+01 6.0588497161865234e+01 5.8487753868103027e+00
    2.7901977539062500e+02 4.6827960759401321e-02 1835776. -1.
    4.9542049407958984e+01 8.2423393249511719e+01 1.8944536447525024e+00
    9.3852539062500000e+00 5.7633530348539352e-02 3867135. -1.
    4.9832225799560547e+01 3.7407520294189453e+01 2.1626667976379395e+00
    2.1839555358886719e+02 6.2853835523128510e-02 13435391. -1.
    5.0239955902099609e+01 4.4880550384521484e+01 2.7915761470794678e+00
    1.0978668212890625e+02 4.1661385446786880e-02 15205119. -1.
    5.1187255859375000e+01 6.8998107910156250e+01 4.6054053306579590e+00
    2.6334686279296875e+02 5.5867090821266174e-02 1245696. -1.
    5.1993511199951172e+01 3.9721862792968750e+01 2.5392358303070068e+00
    2.1717817687988281e+02 6.8002335727214813e-02 8323839. -1.
    5.2221202850341797e+01 8.2583320617675781e+01 4.9877734184265137e+00
    1.0078289794921875e+02 6.4099222421646118e-02 7012864. -1.
    5.2453125000000000e+01 7.4873069763183594e+01 4.2881913185119629e+00
    2.6123504638671875e+02 6.6202998161315918e-02 12845312. -1.
    5.3522289276123047e+01 1.6186653137207031e+01 3.3019950389862061e+00
    1.0241729736328125e+02 1.7388584092259407e-02 10617855. -1.
    5.6740249633789063e+01 3.8690471649169922e+01 6.2625670433044434e+00
    8.1050048828125000e+01 5.6446138769388199e-02 6816512. -1.
    5.7673286437988281e+01 7.4616360664367676e+00 5.2698364257812500e+00
    1.1143324279785156e+02 3.2318197190761566e-02 11010560. -1.
    5.7795902252197266e+01 3.3460453033447266e+01 3.0829770565032959e+00
