<?xml version="1.0"?>
<opencv_storage>
<keypoints type_id="opencv-matrix">
  <rows>34</rows>
  <cols>7</cols>
  <dt>d</dt>
  <data>
    1.5004818916320801e+01 3.9859550476074219e+01 5.5891637802124023e+00
    2.7753448486328125e+01 9.8493665456771851e-02 15270400. -1.
    1.5004818916320801e+01 3.9859550476074219e+01 5.5891637802124023e+00
    3.2950872802734375e+02 9.8493665456771851e-02 15270400. -1.
    2.5152496337890625e+01 4.0204475402832031e+01 3.4108474254608154e+00
    1.8187760925292969e+02 8.9525327086448669e-02 12977151. -1.
    2.5152496337890625e+01 4.0204475402832031e+01 3.4108474254608154e+00
    2.1554415893554688e+02 8.9525327086448669e-02 12977151. -1.
    2.5152496337890625e+01 4.0204475402832031e+01 3.4108474254608154e+00
    3.5293365478515625e+02 8.9525327086448669e-02 12977151. -1.
    2.6568546295166016e+01 3.1916599273681641e+01 3.2393872737884521e+00
    6.1652557373046875e+01 6.8493776023387909e-02 9241599. -1.
    2.6568546295166016e+01 3.1916599273681641e+01 3.2393872737884521e+00
    2.9842071533203125e+02 6.8493776023387909e-02 9241599. -1.
    2.7428674697875977e+01 3.6513225555419922e+01 2.5054936408996582e+00
    3.0089068603515625e+02 7.8894734382629395e-02 7340799. -1.
    2.9397401809692383e+01 5.2649990081787109e+01 2.5351355075836182e+00
    1.4181396484375000e+02 7.0595152676105499e-02 8192767. -1.
    3.2403972625732422e+01 3.1687862396240234e+01 6.2328243255615234e+00
    6.1763763427734375e+01 7.2533935308456421e-02 6423296. -1.
    3.2403972625732422e+01 3.1687862396240234e+01 6.2328243255615234e+00
    3.2267315673828125e+02 7.2533935308456421e-02 6423296. -1.
    3.6000995635986328e+01 5.6876064300537109e+01 2.5031077861785889e+00
    3.4790484619140625e+02 4.4275872409343719e-02 7275263. -1.
    3.6957714080810547e+01 2.2308794021606445e+01 2.0670096874237061e+00
    5.1577362060546875e+01 5.3494136780500412e-02 10158591. -1.
    3.6957714080810547e+01 2.2308794021606445e+01 2.0670096874237061e+00
    3.0960342407226563e+02 5.3494136780500412e-02 10158591. -1.
    3.7664321899414063e+01 2.6153842926025391e+01 2.4365422725677490e+00
    3.2373193359375000e+02 7.2295464575290680e-02 5374719. -1.
    4.1068687438964844e+01 1.8603347778320313e+01 2.1829626560211182e+00
    4.1077514648437500e+01 6.2527529895305634e-02 14090751. -1.
    4.1078968048095703e+01 1.0721570014953613e+01 2.6077477931976318e+00
    5.6706207275390625e+01 7.2364762425422668e-02 10289919. -1.
    4.1078968048095703e+01 1.0721570014953613e+01 2.6077477931976318e+00
    1.2363705444335938e+02 7.2364762425422668e-02 10289919. -1.
    4.1115959167480469e+01 2.2407999038696289e+01 4.3920574188232422e+00
    6.8774780273437500e+01 8.3257265388965607e-02 14549248. -1.
    4.1138317108154297e+01 4.7148487091064453e+01 1.0160654067993164e+01
    2.0677320861816406e+02 5.3265042603015900e-02 8389121. -1.
    4.4421470642089844e+01 1.8514732360839844e+01 2.2156398296356201e+00
    1.3581964111328125e+02 7.9111710190773010e-02 15204863. -1.
    4.4421470642089844e+01 1.8514732360839844e+01 2.2156398296356201e+00
    3.1911056518554688e+02 7.9111710190773010e-02 15204863. -1.
    4.4611110687255859e+01 2.6184932708740234e+01 2.4976494312286377e+00
    2.1582254028320313e+02 6.8228989839553833e-02 7144191. -1.
    4.5824356079101563e+01 5.6462490081787109e+01 2.9625842571258545e+00
    1.9509931945800781e+02 4.1311826556921005e-02 2753535. -1.
    4.9881477355957031e+01 3.1650869369506836e+01 6.2074222564697266e+00
    1.1837446594238281e+02 7.2234295308589935e-02 6161152. -1.
    4.9881477355957031e+01 3.1650869369506836e+01 6.2074222564697266e+00
    2.1725813293457031e+02 7.2234295308589935e-02 6161152. -1.
    5.2805137634277344e+01 5.2751186370849609e+01 2.5332682132720947e+00
    4.0139587402343750e+01 7.0251196622848511e-02 8192767. -1.
    5.2805137634277344e+01 5.2751186370849609e+01 2.5332682132720947e+00
    2.2953565979003906e+02 7.0251196622848511e-02 8192767. -1.
    5.5838470458984375e+01 3.1952404022216797e+01 3.2074947357177734e+00
    1.1803540039062500e+02 6.7626856267452240e-02 8520703. -1.
    5.5838470458984375e+01 3.1952404022216797e+01 3.2074947357177734e+00
    2.4106549072265625e+02 6.7626856267452240e-02 8520703. -1.
    5.7192153930664063e+01 4.0162895202636719e+01 3.3989803791046143e+00
    1.9195358276367188e+02 9.0036243200302124e-02 12715007. -1.
    5.7192153930664063e+01 4.0162895202636719e+01 3.3989803791046143e+00
    3.2432116699218750e+02 9.0036243200302124e-02 12715007. -1.
    6.7286590576171875e+01 3.9837303161621094e+01 5.6077122688293457e+00
    1.5211349487304688e+02 9.7590424120426178e-02 15532544. -1.
    6.7286590576171875e+01 3.9837303161621094e+01 5.6077122688293457e+00
    2.1077238464355469e+02 9.7590424120426178e-02 15532544. -1.</data></keypoints>
