<?xml version="1.0"?>
<opencv_storage>
<keypoints type_id="opencv-matrix">
  <rows>91</rows>
  <cols>7</cols>
  <dt>d</dt>
  <data>
    3.5418403148651123e+00 3.1348791122436523e+01 2.1442813873291016e+00
    2.7414758300781250e+02 2.3581758141517639e-02 12845567. -1.
    3.6868095397949219e+00 5.8907604217529297e+01 3.0147340297698975e+00
    2.9937072753906250e+01 2.4511890485882759e-02 4064255. -1.
    3.7256798744201660e+00 4.6060771942138672e+01 3.2259938716888428e+00
    2.0823631286621094e+02 2.3199271410703659e-02 8913919. -1.
    7.1082272529602051e+00 5.1659408569335938e+01 1.9831275939941406e+00
    4.3664337158203125e+01 5.3892165422439575e-02 7143935. -1.
    8.5469541549682617e+00 1.9405025482177734e+01 2.4464523792266846e+00
    4.0686645507812500e+00 4.7387178987264633e-02 5636863. -1.
    8.5469541549682617e+00 1.9405025482177734e+01 2.4464523792266846e+00
    2.9487451171875000e+02 4.7387178987264633e-02 5636863. -1.
    8.8482542037963867e+00 4.7340820312500000e+01 2.6035885810852051e+00
    1.4544799804687500e+01 3.8049645721912384e-02 10158847. -1.
    1.0657864570617676e+01 4.2765384674072266e+01 2.9674673080444336e+00
    3.1383483886718750e+01 4.2559605091810226e-02 2884607. -1.
    1.1009491920471191e+01 7.9396850585937500e+01 2.7851748466491699e+00
    3.8696472167968750e+01 3.9112020283937454e-02 15008511. -1.
    1.1009491920471191e+01 7.9396850585937500e+01 2.7851748466491699e+00
    1.9914038085937500e+02 3.9112020283937454e-02 15008511. -1.
    1.1043826103210449e+01 6.0185825347900391e+01 2.1307044029235840e+00
    1.8814573669433594e+02 4.3342370539903641e-02 12386815. -1.
    1.1120820045471191e+01 2.3540372848510742e+01 1.9289782047271729e+00
    2.8134713745117188e+02 4.4582258909940720e-02 5177855. -1.
    1.1120820045471191e+01 2.3540372848510742e+01 1.9289782047271729e+00
    3.4287438964843750e+02 4.4582258909940720e-02 5177855. -1.
    1.1335764884948730e+01 2.8436614990234375e+01 2.4603734016418457e+00
    2.5923587036132813e+02 1.4681927859783173e-02 6030079. -1.
    1.1482946395874023e+01 1.2444069862365723e+01 2.4231650829315186e+00
    5.1185607910156250e+00 7.0886313915252686e-02 4981503. -1.
    1.1482946395874023e+01 1.2444069862365723e+01 2.4231650829315186e+00
    8.6882171630859375e+01 7.0886313915252686e-02 4981503. -1.
    1.1482946395874023e+01 1.2444069862365723e+01 2.4231650829315186e+00
    1.5516203308105469e+02 7.0886313915252686e-02 4981503. -1.
    1.2221808433532715e+01 1.6474641799926758e+01 2.1338908672332764e+00
    2.9468304443359375e+02 6.4631611108779907e-02 12452351. -1.
    1.3593488693237305e+01 6.2478614807128906e+01 2.1314074993133545e+00
    6.0551452636718750e+00 4.9255963414907455e-02 12386815. -1.
    1.4151418685913086e+01 6.0147563934326172e+01 2.2941262722015381e+00
    9.9838562011718750e+00 4.9472179263830185e-02 983807. -1.
    1.5593734741210938e+01 1.9713989257812500e+01 2.0636837482452393e+00
    9.3135498046875000e+01 6.9751963019371033e-02 10027519. -1.
    1.5593734741210938e+01 1.9713989257812500e+01 2.0636837482452393e+00
    2.0048826599121094e+02 6.9751963019371033e-02 10027519. -1.
    1.5593734741210938e+01 1.9713989257812500e+01 2.0636837482452393e+00
    3.2747964477539063e+02 6.9751963019371033e-02 10027519. -1.
    1.5710380554199219e+01 1.2496762275695801e+01 2.4447515010833740e+00
    1.5420469665527344e+02 6.2976852059364319e-02 5571327. -1.
    1.6034934997558594e+01 7.1008087158203125e+01 2.6586472988128662e+00
    3.5940133666992188e+02 1.5274442732334137e-02 11666175. -1.
    1.9140678405761719e+01 1.6554853439331055e+01 2.0846457481384277e+00
    1.1969073486328125e+02 7.2097316384315491e-02 10813951. -1.
    1.9140678405761719e+01 1.6554853439331055e+01 2.0846457481384277e+00
    2.5668225097656250e+02 7.2097316384315491e-02 10813951. -1.
    1.9663768768310547e+01 1.2768899917602539e+01 2.6001849174499512e+00
    1.9887634277343750e+01 6.6647745668888092e-02 10027775. -1.
    1.9663768768310547e+01 1.2768899917602539e+01 2.6001849174499512e+00
    1.0171258544921875e+02 6.6647745668888092e-02 10027775. -1.
    1.9663768768310547e+01 1.2768899917602539e+01 2.6001849174499512e+00
    1.7332867431640625e+02 6.6647745668888092e-02 10027775. -1.
    1.9663768768310547e+01 1.2768899917602539e+01 2.6001849174499512e+00
    2.6308325195312500e+02 6.6647745668888092e-02 10027775. -1.
    1.9840295791625977e+01 2.3901075363159180e+01 2.7746140956878662e+00
    2.1246862792968750e+02 2.7821257710456848e-02 14746367. -1.
    2.0155134201049805e+01 5.4251834869384766e+01 1.2169022560119629e+01
    1.2312194824218750e+01 1.5022993087768555e-02 4719361. -1.
    2.3884239196777344e+01 2.0207698822021484e+01 3.4195079803466797e+00
    1.9123292541503906e+02 2.2245652973651886e-02 13173759. -1.
    2.4108478546142578e+01 3.6868679046630859e+01 3.0725686550140381e+00
    2.7893341064453125e+01 1.7328724265098572e-02 5440511. -1.
    2.5135284423828125e+01 6.1349842071533203e+01 6.4585452079772949e+00
    6.1265869140625000e+00 3.5222601145505905e-02 9044736. -1.
    2.6162446975708008e+01 6.6368728637695313e+01 2.3983356952667236e+00
    3.5273208618164063e+02 4.6649590134620667e-02 4195071. -1.
    2.6960615158081055e+01 3.5073677062988281e+01 5.7797865867614746e+00
    4.0504516601562500e+01 1.9072841852903366e-02 983808. -1.
    2.8549638748168945e+01 8.4373214721679688e+01 2.5162212848663330e+00
    1.2113145446777344e+02 6.2567211687564850e-02 7668479. -1.
    2.8586280822753906e+01 5.9313732147216797e+01 2.2645525932312012e+00
    3.7166717529296875e+01 5.0233904272317886e-02 66303. -1.
    2.9140857696533203e+01 1.4488107681274414e+01 9.3228635787963867e+00
    3.0801757812500000e+01 1.8969032913446426e-02 2163201. -1.
    3.0686813354492188e+01 6.3699600219726563e+01 3.5330121517181396e+00
    2.7121582031250000e+00 3.7201691418886185e-02 15533055. -1.
    3.1012891769409180e+01 6.4190139770507813e+01 3.9225082397460938e+00
    7.7297973632812500e+00 3.6734614521265030e-02 6357248. -1.
    3.1922555923461914e+01 6.5748481750488281e+01 5.0706267356872559e+00
    8.7380981445312500e+00 3.6194648593664169e-02 8258048. -1.
    3.4325649261474609e+01 6.7109985351562500e+01 2.2159125804901123e+00
    1.8069787597656250e+02 3.4638479351997375e-02 15204863. -1.
    3.5556777954101563e+01 8.1595611572265625e+01 2.0745246410369873e+00
    1.9039230346679688e+02 4.7185622155666351e-02 10420735. -1.
    3.6352195739746094e+01 7.9193107604980469e+01 1.8310889005661011e+00
    1.8545570373535156e+02 5.3402185440063477e-02 1376767. -1.
    3.7298347473144531e+01 4.7636711120605469e+01 5.6657252311706543e+00
    8.5801849365234375e+01 4.2503859847784042e-02 16253440. -1.
    3.7519954681396484e+01 3.6842311859130859e+01 2.5761096477508545e+00
    2.7841842651367188e+02 6.8044401705265045e-02 9372415. -1.
    4.0823677062988281e+01 4.4005748748779297e+01 2.0217103958129883e+00
    9.7265777587890625e+01 6.0126248747110367e-02 8585727. -1.
    4.0823677062988281e+01 4.4005748748779297e+01 2.0217103958129883e+00
    1.5976295471191406e+02 6.0126248747110367e-02 8585727. -1.
    4.0956977844238281e+01 7.2362007141113281e+01 6.6444621086120605e+00
    2.5814743041992188e+02 3.2010193914175034e-02 11076352. -1.
    4.1698383331298828e+01 4.0998954772949219e+01 1.8589985370635986e+00
    1.0078033447265625e+02 6.5808027982711792e-02 2490879. -1.
    4.2316322326660156e+01 1.7368022918701172e+01 6.7319602966308594e+00
    2.7619781494140625e+01 2.3655680939555168e-02 11993856. -1.
    4.2622447967529297e+01 7.7906379699707031e+01 1.8335498571395874e+00
    5.0452209472656250e+01 2.3065239191055298e-02 1507839. -1.
    4.3441295623779297e+01 4.5685714721679688e+01 1.9396699666976929e+00
    5.2516052246093750e+01 6.1703190207481384e-02 5571071. -1.
    4.3441295623779297e+01 4.5685714721679688e+01 1.9396699666976929e+00
    1.6102308654785156e+02 6.1703190207481384e-02 5571071. -1.
    4.6013595581054688e+01 1.8163555145263672e+01 2.2005946636199951e+00
