<?xml version="1.0"?>
<opencv_storage>
<keypoints type_id="opencv-matrix">
  <rows>69</rows>
  <cols>7</cols>
  <dt>d</dt>
  <data>
    9.7966594696044922e+00 9.9154729843139648e+00 3.8175244331359863e+00
    2.4409027099609375e+01 4.0044765919446945e-02 4391168. -1.
    9.7966594696044922e+00 9.9154729843139648e+00 3.8175244331359863e+00
    6.1072113037109375e+01 4.0044765919446945e-02 4391168. -1.
    1.0227080345153809e+01 1.5438900947570801e+01 2.9958043098449707e+00
    6.1177429199218750e+01 6.6912718117237091e-02 3605503. -1.
    1.0227080345153809e+01 1.5438900947570801e+01 2.9958043098449707e+00
    2.8299133300781250e+02 6.6912718117237091e-02 3605503. -1.
    1.2962056159973145e+01 2.2660905838012695e+01 2.4029040336608887e+00
    2.0941284179687500e+01 4.9951072782278061e-02 4326143. -1.
    1.5635309219360352e+01 2.4442377090454102e+01 2.0790767669677734e+00
    2.6426727294921875e+01 7.4864357709884644e-02 10617343. -1.
    1.5635309219360352e+01 2.4442377090454102e+01 2.0790767669677734e+00
    1.5240515136718750e+02 7.4864357709884644e-02 10617343. -1.
    1.5659724235534668e+01 1.0633665084838867e+01 3.0175673961639404e+00
    1.6108502197265625e+02 5.8051057159900665e-02 4129791. -1.
    1.5803608894348145e+01 1.2895622253417969e+01 1.8685604333877563e+00
    1.8242852783203125e+02 5.5611286312341690e-02 2884095. -1.
    1.6849281311035156e+01 1.4722864151000977e+01 8.6996631622314453e+00
    2.0900468444824219e+02 2.8427692130208015e-02 13828353. -1.
    1.8447135925292969e+01 2.2517187118530273e+01 2.4277949333190918e+00
    1.5660235595703125e+02 4.4433761388063431e-02 5112575. -1.
    1.9672908782958984e+01 8.6206493377685547e+00 2.9713437557220459e+00
    1.5917648315429688e+02 3.5840615630149841e-02 3015679. -1.
    2.0769203186035156e+01 3.3521564483642578e+01 1.8007847070693970e+00
    1.8556491088867188e+02 7.9406552016735077e-02 197119. -1.
    2.1098827362060547e+01 1.5473685264587402e+01 2.8941020965576172e+00
    2.5048455810546875e+02 6.7383863031864166e-02 1115135. -1.
    2.1713733673095703e+01 8.3591064453125000e+01 3.3075356483459473e+00
    2.4900155639648438e+02 1.7017291858792305e-02 10748927. -1.
    2.1796220779418945e+01 5.2155353546142578e+01 2.8103768825531006e+00
    6.0367004394531250e+01 2.4418530985713005e-02 15663871. -1.
    2.1796220779418945e+01 5.2155353546142578e+01 2.8103768825531006e+00
    1.7681298828125000e+02 2.4418530985713005e-02 15663871. -1.
    2.4871791839599609e+01 4.2565013885498047e+01 3.1363041400909424e+00
    1.8055767822265625e+02 4.0564998984336853e-02 6882303. -1.
    2.5051753997802734e+01 2.1341638565063477e+01 4.9744257926940918e+00
    2.2926016235351563e+02 2.6318367570638657e-02 6816256. -1.
    2.6494461059570313e+01 5.5795501708984375e+01 2.6414077281951904e+00
    3.5318093872070313e+02 7.1558848023414612e-02 11207423. -1.
    2.6752294540405273e+01 4.7382308959960938e+01 3.0765664577484131e+00
    3.2290710449218750e+01 3.3919643610715866e-02 5506047. -1.
    2.8292903900146484e+01 4.3959659576416016e+01 2.0978674888610840e+00
    4.6550292968750000e+00 1.0406298935413361e-01 11272703. -1.
    2.8292903900146484e+01 4.3959659576416016e+01 2.0978674888610840e+00
    1.4144119262695313e+02 1.0406298935413361e-01 11272703. -1.
    2.8308567047119141e+01 8.1120948791503906e+01 5.1743459701538086e+00
    2.1113177490234375e+02 3.1408991664648056e-02 9699840. -1.
    2.8308567047119141e+01 8.1120948791503906e+01 5.1743459701538086e+00
    2.4768869018554688e+02 3.1408991664648056e-02 9699840. -1.
    3.1157642364501953e+01 5.2372356414794922e+01 4.9780759811401367e+00
    6.3485717773437500e+00 4.8996686935424805e-02 6881792. -1.
    3.1157642364501953e+01 5.2372356414794922e+01 4.9780759811401367e+00
    8.9176696777343750e+01 4.8996686935424805e-02 6881792. -1.
    3.1714183807373047e+01 3.1429046630859375e+01 1.6118839263916016e+01
    8.0807220458984375e+01 3.3591765910387039e-02 8323330. -1.
    3.2369331359863281e+01 2.2297622680664063e+01 2.4475572109222412e+00
    4.1557952880859375e+01 2.0957542583346367e-02 5702399. -1.
    3.2369331359863281e+01 2.2297622680664063e+01 2.4475572109222412e+00
    2.5040899658203125e+02 2.0957542583346367e-02 5702399. -1.
    3.4469650268554688e+01 1.2169001579284668e+01 2.3037066459655762e+00
    2.1514756774902344e+02 1.5167496167123318e-02 1311487. -1.
    3.5765476226806641e+01 4.6978870391845703e+01 4.1570758819580078e+00
    6.2222595214843750e+00 5.7871215045452118e-02 10551552. -1.
    3.5765476226806641e+01 4.6978870391845703e+01 4.1570758819580078e+00
    9.9698974609375000e+01 5.7871215045452118e-02 10551552. -1.
    3.6051288604736328e+01 4.1749873161315918e+00 2.3455784320831299e+00
    2.8087796020507813e+02 2.1626882255077362e-02 2622207. -1.
    3.8280960083007813e+01 8.3841257095336914e+00 4.0540270805358887e+00
    3.4351873779296875e+02 4.8705216497182846e-02 8782080. -1.
    4.0292282104492188e+01 4.4420448303222656e+01 3.7390365600585938e+00
    1.0305175781250000e+01 5.8445427566766739e-02 2883840. -1.
    4.1099151611328125e+01 7.4031341552734375e+01 2.5047969818115234e+00
    2.6341860961914063e+02 6.3480973243713379e-02 7340799. -1.
    4.2386470794677734e+01 3.6576259613037109e+01 2.2880499362945557e+00
    2.1187438964843750e+01 7.4019916355609894e-02 787199. -1.
    4.2386470794677734e+01 3.6576259613037109e+01 2.2880499362945557e+00
    1.2891645812988281e+02 7.4019916355609894e-02 787199. -1.
    4.5374469757080078e+01 4.4450122833251953e+01 8.1566152572631836e+00
    1.2246463012695313e+02 6.2498375773429871e-02 9175297. -1.
    4.5425563812255859e+01 5.6970104217529297e+01 1.9351499557495117e+01
    1.1843995666503906e+02 8.5697844624519348e-02 4850178. -1.
    4.7406085968017578e+01 7.3530278205871582e+00 2.9769322872161865e+00
    1.8290002441406250e+02 3.1972549855709076e-02 3146751. -1.
    4.8958728790283203e+01 7.6157348632812500e+01 3.8405797481536865e+00
    2.4021354675292969e+02 3.6697350442409515e-02 4849920. -1.
    5.1023685455322266e+01 4.9081874847412109e+01 2.5344467163085938e+00
    8.9502990722656250e+01 7.5891956686973572e-02 8192767. -1.
    5.1023685455322266e+01 4.9081874847412109e+01 2.5344467163085938e+00
    2.1191459655761719e+02 7.5891956686973572e-02 8192767. -1.
    5.2047554016113281e+01 4.1161663055419922e+01 2.6835687160491943e+00
    8.3236053466796875e+01 8.4169156849384308e-02 12321535. -1.
    5.2047554016113281e+01 4.1161663055419922e+01 2.6835687160491943e+00
    1.9443545532226563e+02 8.4169156849384308e-02 12321535. -1.
    5.4315258026123047e+01 6.8985972404479980e+00 3.0767455101013184e+00
    2.6306756591796875e+02 2.6817748323082924e-02 5506047. -1.
    5.4776515960693359e+01 7.2665962219238281e+01 3.4049859046936035e+00
    2.4518087768554688e+02 4.3320536613464355e-02 12846079. -1.
    5.6650615692138672e+01 9.4295396804809570e+00 9.4677009582519531e+00
    2.0986303710937500e+02 2.5468857958912849e-02 3277313. -1.
    5.8412063598632813e+01 7.0605506896972656e+01 1.8435125350952148e+00
    2.5634182739257813e+02 4.5633401721715927e-02 1901055. -1.
    5.9797214508056641e+01 5.2770092010498047e+01 2.4287295341491699e+00
    7.2591491699218750e+01 4.5276220887899399e-02 5112575. -1.
    6.0871883392333984e+01 8.0131370544433594e+01 6.1865162849426270e+00
    3.5134057617187500e+02 3.9780445396900177e-02 5899008. -1.
    6.3381412506103516e+01 2.6583847045898438e+01 2.3089054107666016e+01
    1.2562675476074219e+02 3.6517944186925888e-02 918274. -1.
    6.4049835205078125e+01 7.1090751647949219e+01 3.0887591838836670e+00
    3.1080169677734375e+01 3.9268795400857925e-02 5768191. -1.
    6.4049835205078125e+01 7.1090751647949219e+01 3.0887591838836670e+00
    2.0632490539550781e+02 3.9268795400857925e-02 5768191. -1.
    6.4618041992187500e+01 3.6423070430755615e+00 2.6536517143249512e+00
    3.3672445678710938e+02 1.8363477662205696e-02 11535103. -1.
    6.5444190979003906e+01 6.3103931427001953e+01 6.6338648796081543e+00
