<?xml version="1.0"?>
<opencv_storage>
<keypoints type_id="opencv-matrix">
  <rows>26</rows>
  <cols>7</cols>
  <dt>d</dt>
  <data>
    1.1289733886718750e+01 2.5514509201049805e+01 1.9095982313156128e+00
    6.1284515380859375e+01 7.8468233346939087e-02 4456959. -1.
    1.1289733886718750e+01 2.5514509201049805e+01 1.9095982313156128e+00
    2.9771014404296875e+02 7.8468233346939087e-02 4456959. -1.
    1.3621903419494629e+01 2.5489717483520508e+01 3.3497333526611328e+00
    3.0460391235351563e+02 7.9910784959793091e-02 11666431. -1.
    1.5824532508850098e+01 2.7977743148803711e+01 1.9636671543121338e+00
    1.5617387390136719e+02 7.6972521841526031e-02 6488575. -1.
    1.5824532508850098e+01 2.7977743148803711e+01 1.9636671543121338e+00
    3.0636157226562500e+02 7.6972521841526031e-02 6488575. -1.
    1.7545751571655273e+01 3.3076335906982422e+01 2.5610122680664063e+00
    9.2107543945312500e+00 7.7917411923408508e-02 8979199. -1.
    1.7545751571655273e+01 3.3076335906982422e+01 2.5610122680664063e+00
    2.7137939453125000e+02 7.7917411923408508e-02 8979199. -1.
    1.8789756774902344e+01 1.9196592330932617e+01 4.4716601371765137e+00
    6.9113464355468750e+00 6.8805657327175140e-02 15859968. -1.
    1.8789756774902344e+01 1.9196592330932617e+01 4.4716601371765137e+00
    8.6691314697265625e+01 6.8805657327175140e-02 15859968. -1.
    2.0320953369140625e+01 1.7038499832153320e+01 1.9364585876464844e+00
    7.3190338134765625e+01 4.9460280686616898e-02 5439999. -1.
    2.0996667861938477e+01 2.9847696304321289e+01 2.9136798381805420e+00
    2.1072865295410156e+02 6.4804978668689728e-02 1573887. -1.
    2.2232076644897461e+01 2.2566318511962891e+01 3.1822326183319092e+00
    1.3602525329589844e+02 5.4913803935050964e-02 7930879. -1.
    2.2232076644897461e+01 2.2566318511962891e+01 3.1822326183319092e+00
    3.1339227294921875e+02 5.4913803935050964e-02 7930879. -1.
    2.2690509796142578e+01 3.5430458068847656e+01 2.0553953647613525e+00
    3.2200521850585938e+02 7.7274903655052185e-02 9765375. -1.
    2.4893955230712891e+01 2.4697090148925781e+01 1.5852650642395020e+01
    5.3480010986328125e+01 6.7205369472503662e-02 7143682. -1.
    2.4893955230712891e+01 2.4697090148925781e+01 1.5852650642395020e+01
    1.1381141662597656e+02 6.7205369472503662e-02 7143682. -1.
    2.4893955230712891e+01 2.4697090148925781e+01 1.5852650642395020e+01
    3.2689187622070313e+02 6.7205369472503662e-02 7143682. -1.
    2.5325656890869141e+01 1.4189249038696289e+01 2.9782540798187256e+00
    5.6144378662109375e+01 8.5496127605438232e-02 3146751. -1.
    2.5325656890869141e+01 1.4189249038696289e+01 2.9782540798187256e+00
    1.2635034179687500e+02 8.5496127605438232e-02 3146751. -1.
    2.7854942321777344e+01 3.5424655914306641e+01 2.0365366935729980e+00
    2.1791203308105469e+02 8.1577159464359283e-02 9110015. -1.
    3.1659664154052734e+01 1.9274738311767578e+01 4.3432097434997559e+00
    9.5151031494140625e+01 7.3096722364425659e-02 13762816. -1.
    3.1659664154052734e+01 1.9274738311767578e+01 4.3432097434997559e+00
    1.7402772521972656e+02 7.3096722364425659e-02 13762816. -1.
    3.2841865539550781e+01 3.2971138000488281e+01 2.6096756458282471e+00
    1.7942733764648438e+02 7.5919695198535919e-02 10289919. -1.
    3.2841865539550781e+01 3.2971138000488281e+01 2.6096756458282471e+00
    2.6997668457031250e+02 7.5919695198535919e-02 10289919. -1.
    3.4715808868408203e+01 2.7937746047973633e+01 2.0163795948028564e+00
    2.3220379638671875e+02 7.1849502623081207e-02 8389119. -1.
    3.6893863677978516e+01 2.5479639053344727e+01 3.2700135707855225e+00
    2.3088346862792969e+02 8.1708833575248718e-02 9896959. -1.</data></keypoints>
<descriptors type_id="opencv-matrix">
  <rows>26</rows>
  <cols>128</cols>
  <dt>f</dt>
  <data>
    20. 94. 15. 1. 0. 0. 0. 0. 133. 117. 13. 6. 8. 17. 11. 10. 30. 2. 2.
    8. 16. 133. 114. 11. 23. 4. 4. 13. 8. 34. 133. 24. 52. 8. 0. 0. 0.
    0. 0. 8. 133. 46. 12. 9. 0. 1. 1. 32. 69. 12. 91. 133. 2. 20. 27. 6.
    1. 4. 133. 133. 10. 12. 27. 1. 26. 19. 1. 0. 0. 0. 0. 2. 91. 133.
    88. 27. 0. 0. 0. 6. 8. 21. 113. 133. 0. 0. 0. 0. 0. 1. 61. 69. 0. 0.
    0. 0. 0. 3. 1. 0. 0. 0. 0. 0. 0. 18. 24. 3. 0. 0. 0. 0. 0. 2. 19.
    18. 0. 0. 0. 0. 0. 0. 0. 2. 0. 0. 0. 0. 0. 0. 0. 0. 0. 0. 0. 3. 0.
    0. 0. 0. 0. 2. 27. 22. 0. 0. 0. 0. 0. 21. 27. 3. 0. 0. 0. 0. 0. 4.
    1. 0. 25. 2. 0. 0. 0. 0. 0. 14. 113. 8. 0. 0. 0. 20. 88. 140. 11. 0.
    0. 0. 0. 140. 128. 28. 0. 0. 0. 0. 0. 77. 81. 8. 44. 6. 0. 0. 0. 0.
    0. 6. 140. 31. 0. 1. 0. 7. 9. 61. 84. 4. 17. 36. 7. 140. 67. 23. 8.
    10. 24. 24. 9. 114. 140. 28. 39. 0. 0. 0. 0. 0. 15. 37. 140. 15. 7.
    18. 3. 0. 4. 83. 40. 7. 53. 140. 39. 3. 0. 9. 53. 49. 92. 66. 7. 4.
    2. 9. 1. 0. 0. 0. 0. 0. 0. 3. 1. 0. 0. 0. 0. 6. 29. 19. 1. 0. 0. 0.
    0. 13. 28. 14. 5. 0. 0. 0. 4. 13. 34. 69. 29. 1. 0. 0. 0. 0. 0. 10.
    122. 5. 1. 3. 1. 31. 95. 106. 19. 6. 5. 13. 5. 100. 122. 74. 18. 4.
    1. 1. 22. 55. 100. 122. 36. 1. 0. 0. 0. 0. 4. 54. 122. 17. 7. 31.
    10. 13. 27. 97. 99. 47. 43. 113. 28. 42. 46. 37. 115. 35. 8. 50. 46.
    21. 21. 43. 88. 33. 0. 0. 0. 0. 5. 65. 67. 51. 36. 9. 6. 28. 64.
    106. 52. 12. 39. 20. 17. 75. 70. 50. 64. 4. 1. 26. 95. 10. 10. 39.
    15. 9. 22. 9. 0. 0. 44. 86. 0. 0. 48. 71. 4. 6. 43. 25. 0. 0. 11.
    120. 80. 33. 15. 0. 0. 0. 0. 35. 46. 7. 0. 0. 11. 26. 120. 56. 21.
    4. 0. 2. 67. 31. 111. 67. 7. 21. 13. 16. 9. 1. 7. 68. 99. 120. 14.
    7. 0. 0. 0. 10. 29. 24. 0. 0. 17. 9. 23. 19. 92. 81. 8. 15. 120. 33.
    9. 2. 4. 14. 9. 76. 44. 3. 3. 1. 95. 120. 7. 15. 0. 0. 0. 0. 41.
    120. 4. 0. 3. 0. 0. 3. 32. 119. 43. 21. 54. 10. 53. 28. 6. 12. 23.
    84. 12. 6. 120. 32. 16. 43. 1. 8. 0. 1. 34. 51. 64. 72. 1. 0. 42.
    15. 0. 0. 0. 0. 0. 5. 123. 49. 0. 1. 0. 15. 23. 34. 23. 5. 6. 25. 6.
    105. 95. 7. 9. 14. 15. 16. 4. 30. 90. 42. 50. 3. 0. 0. 0. 0. 1. 11.
    123. 27. 5. 14. 5. 0. 0. 28. 42. 9. 34. 123. 64. 6. 2. 3. 67. 58.
    70. 72. 10. 3. 2. 6. 27. 0. 0. 0. 0. 0. 59. 117. 105. 29. 12. 16. 6.
    9. 108. 66. 8. 9. 12. 85. 86. 72. 80. 2. 111. 5. 4. 12. 13. 28. 44.
    53. 68. 85. 4. 0. 0. 0. 29. 70. 6. 36. 36. 0. 0. 10. 103. 24. 0. 4.
    32. 9. 10. 71. 105. 0. 42. 1. 4. 11. 18. 48. 44. 31. 14. 110. 88. 2.
    13. 9. 6. 32. 8. 43. 40. 10. 68. 95. 22. 32. 27. 30. 3. 9. 17. 23.
    44. 115. 5. 58. 52. 44. 38. 10. 9. 10. 16. 93. 55. 0. 0. 0. 0. 0.
    115. 115. 46. 6. 4. 4. 4. 44. 51. 13. 36. 111. 49. 6. 9. 80. 3. 13.
    16. 103. 102. 41. 44. 10. 17. 12. 0. 0. 0. 0. 0. 0. 100. 115. 93. 8.
    0. 0. 0. 2. 18. 96. 115. 74. 6. 2. 2. 2. 20. 115. 32. 10. 8. 27. 73.
    16. 0. 1. 0. 0. 0. 0. 0. 0. 0. 10. 19. 1. 0. 0. 0. 0. 0. 35. 31. 2.
    0. 0. 0. 0. 1. 115. 55. 2. 0. 0. 0. 0. 0. 0. 0. 0. 0. 0. 0. 1. 0. 0.
    0. 0. 0. 0. 19. 9. 16. 0. 0. 0. 0. 0. 22. 66. 62. 1. 3. 1. 4. 17.
    17. 119. 20. 0. 0. 0. 0. 0. 0. 11. 97. 3. 0. 0. 0. 7. 101. 119. 30.
    3. 3. 2. 4. 58. 119. 116. 43. 11. 79. 58. 14. 14. 7. 92. 25. 0. 0.
    0. 0. 0. 5. 76. 119. 56. 6. 3. 3. 5. 29. 108. 37. 100. 25. 6. 20.
    107. 46. 12. 3. 6. 23. 37. 68. 119. 24. 28. 48. 7. 0. 1. 5. 1. 9.
    119. 11. 21. 18. 58. 86. 15. 27. 83. 21. 119. 83. 30. 19. 7. 1. 18.
    25. 27. 22. 11. 17. 24. 15. 70. 2. 0. 0. 0. 0. 0. 4. 8. 1. 0. 0. 0.
    0. 1. 49. 30. 1. 0. 1. 0. 0. 17. 85. 92. 0. 0. 0. 0. 1. 49. 93. 11.
    58. 8. 0. 0. 0. 0. 5. 23. 112. 16. 2. 0. 2. 8. 112. 112. 18. 8. 23.
    17. 34. 78. 112. 112. 53. 11. 21. 14. 15. 58. 112. 51. 71. 13. 1. 0.
    0. 0. 0. 86. 112. 64. 42. 7. 19. 12. 15. 112. 37. 96. 52. 7. 30.
    100. 46. 21. 39. 18. 34. 33. 29. 72. 39. 22. 43. 69. 13. 0. 0. 0. 0.
    19. 57. 112. 47. 6. 18. 9. 11. 37. 41. 54. 43. 40. 35. 11. 23. 45.
    8. 75. 52. 22. 21. 38. 18. 5. 52. 6. 0. 0. 0. 0. 0. 48. 112. 37. 25.
    7. 17. 6. 12. 108. 36. 46. 46. 16. 43. 30. 32. 52. 15. 5. 12. 54.
    29. 18. 32. 63. 82. 52. 0. 0. 0. 0. 0. 11. 112. 99. 11. 7. 21. 11.
    40. 62. 39. 21. 41. 83. 29. 7. 51. 112. 24. 28. 34. 66. 44. 44. 25.
