<?xml version="1.0"?>
<opencv_storage>
<keypoints type_id="opencv-matrix">
  <rows>73</rows>
  <cols>7</cols>
  <dt>d</dt>
  <data>
    6.0802187919616699e+00 6.9752922058105469e+01 1.9081554412841797e+00
    6.8215728759765625e+01 6.8201750516891479e-02 4391423. -1.
    6.8832054138183594e+00 1.7132646560668945e+01 1.8487414121627808e+00
    1.7425366210937500e+02 2.8879249468445778e-02 2097663. -1.
    6.8832054138183594e+00 1.7132646560668945e+01 1.8487414121627808e+00
    3.3611038208007813e+02 2.8879249468445778e-02 2097663. -1.
    8.0331077575683594e+00 7.2959243774414063e+01 2.9636688232421875e+00
    6.6565673828125000e+01 8.0823481082916260e-02 2819071. -1.
    8.4281139373779297e+00 1.1695189476013184e+01 2.8223686218261719e+00
    5.8580810546875000e+01 2.4669386446475983e-02 15991551. -1.
    8.6202154159545898e+00 6.8695831298828125e+01 1.8661860227584839e+00
    6.7333282470703125e+01 7.0755779743194580e-02 2753023. -1.
    9.1424188613891602e+00 2.0595594406127930e+01 2.9414384365081787e+00
    3.5746066284179688e+02 3.0157994478940964e-02 2294783. -1.
    1.2353723526000977e+01 3.4635501861572266e+01 3.5144779682159424e+00
    1.4682711791992188e+02 1.8699703738093376e-02 15139839. -1.
    1.2353723526000977e+01 3.4635501861572266e+01 3.5144779682159424e+00
    3.0054046630859375e+02 1.8699703738093376e-02 15139839. -1.
    1.2829905509948730e+01 7.5906057357788086e+00 2.4647257328033447e+00
    2.5880279541015625e+02 2.0020784810185432e-02 6161151. -1.
    1.4965273857116699e+01 5.7228778839111328e+01 3.7823827266693115e+00
    1.5299157714843750e+02 1.9884228706359863e-02 3735808. -1.
    1.5578176498413086e+01 1.4653514862060547e+01 2.1058070659637451e+00
    1.3283699035644531e+02 3.6617062985897064e-02 11534847. -1.
    1.5578176498413086e+01 1.4653514862060547e+01 2.1058070659637451e+00
    1.8136303710937500e+02 3.6617062985897064e-02 11534847. -1.
    1.6009828567504883e+01 5.1809799194335938e+01 3.7517011165618896e+00
    2.9661074829101563e+02 1.9164996221661568e-02 3145984. -1.
    1.6253553390502930e+01 7.1033843994140625e+01 4.7528915405273438e+00
    8.5903686523437500e+01 4.5415490865707397e-02 3539456. -1.
    1.6477350234985352e+01 8.1121986389160156e+01 1.8455193042755127e+00
    2.4968440246582031e+02 5.8289561420679092e-02 1966591. -1.
    1.7106414794921875e+01 1.1840078353881836e+01 1.9212938547134399e+00
    1.3369039916992188e+02 2.8295552358031273e-02 4850175. -1.
    1.8247985839843750e+01 7.1944751739501953e+00 2.1784925460815430e+00
    2.8167474365234375e+02 1.6777485609054565e-02 13959679. -1.
    2.0035957336425781e+01 5.5995300292968750e+01 1.6439275741577148e+01
    3.4445114135742188e+02 2.3732617497444153e-02 9765122. -1.
    2.0239957809448242e+01 6.4440422058105469e+01 5.1368441581726074e+00
    8.7776947021484375e+01 4.3376829475164413e-02 9175552. -1.
    2.0295583724975586e+01 3.7035499572753906e+01 3.0499761104583740e+00
    5.8779815673828125e+01 2.3099197074770927e-02 4916223. -1.
    2.0987936019897461e+01 2.2112991333007813e+01 2.6042199134826660e+00
    1.8879295349121094e+02 3.2260809093713760e-02 10158847. -1.
    2.3012132644653320e+01 1.1735049247741699e+01 2.5035407543182373e+00
    1.2594557189941406e+02 2.4266289547085762e-02 7340799. -1.
    2.3012132644653320e+01 1.1735049247741699e+01 2.5035407543182373e+00
    3.3278811645507813e+02 2.4266289547085762e-02 7340799. -1.
    2.3104850769042969e+01 5.7373073577880859e+01 2.9157934188842773e+00
    3.2438018798828125e+01 2.0153431221842766e-02 1639423. -1.
    2.5615814208984375e+01 2.7985046386718750e+01 1.8276213407516479e+00
    6.6917388916015625e+01 4.0368113666772842e-02 1245695. -1.
    2.8941352844238281e+01 2.2850683212280273e+01 1.8207896947860718e+00
    3.7641540527343750e+01 3.7842564284801483e-02 983551. -1.
    3.0420190811157227e+01 6.7642745971679688e+01 2.0553548336029053e+00
    1.7971459960937500e+02 3.9741259068250656e-02 9765375. -1.
    3.2053829193115234e+01 3.8900917053222656e+01 2.1886677742004395e+00
    2.0300982666015625e+02 1.7970733344554901e-02 14287359. -1.
    3.4316184997558594e+01 7.0695938110351563e+01 6.8091044425964355e+00
    3.2958163452148438e+02 5.8288224041461945e-02 12845824. -1.
    3.7748439788818359e+01 6.0713181495666504e+00 5.2377233505249023e+00
    1.3262884521484375e+02 4.9489662051200867e-02 10551808. -1.
    3.9110004425048828e+01 6.2241737365722656e+01 5.6974735260009766e+00
    3.3288568115234375e+02 4.9492567777633667e-02 16646656. -1.
    3.9190086364746094e+01 8.5178680419921875e+01 3.0336325168609619e+00
    1.9757162475585938e+02 6.0806721448898315e-02 4523007. -1.
    4.0426391601562500e+01 3.0230798721313477e+01 1.8827310800552368e+00
    8.5716552734375000e+00 2.4336144328117371e-02 3408383. -1.
    4.2595928192138672e+01 4.3416660308837891e+01 2.5565228462219238e+00
    3.3652993774414063e+02 2.5915823876857758e-02 8848127. -1.
    4.2920124053955078e+01 5.8631454467773438e+01 2.2022409439086914e+00
    7.8367584228515625e+01 3.5774178802967072e-02 14746111. -1.
    4.4580158233642578e+01 7.4380004882812500e+01 2.5102326869964600e+00
    2.7321520996093750e+02 5.0348497927188873e-02 7537407. -1.
    4.5051300048828125e+01 7.2943367004394531e+01 4.3211021423339844e+00
    2.6673373413085938e+02 5.0086468458175659e-02 13369600. -1.
    4.7109954833984375e+01 4.0394985198974609e+01 3.0652284622192383e+00
    2.5210177612304688e+02 2.1502787247300148e-02 5243903. -1.
    4.7247039794921875e+01 3.4074218750000000e+01 4.7018694877624512e+00
    2.4992889404296875e+02 1.9573085010051727e-02 2753024. -1.
    4.8497817993164063e+01 4.6270858764648438e+01 6.4587974548339844e+00
    2.4217309570312500e+02 1.9780801609158516e-02 9044736. -1.
    4.8497817993164063e+01 4.6270858764648438e+01 6.4587974548339844e+00
    3.0704244995117188e+02 1.9780801609158516e-02 9044736. -1.
    5.2385009765625000e+01 7.5172462463378906e+01 3.2947671413421631e+00
    2.4299914550781250e+02 6.1656534671783447e-02 10486783. -1.
    5.4533531188964844e+01 7.8498672485351563e+01 2.0926501750946045e+00
    1.8896057128906250e+01 3.9323914796113968e-02 11076095. -1.
    5.4938465118408203e+01 8.2791061401367188e+01 1.7995064258575439e+00
    3.5941607666015625e+02 4.4715639203786850e-02 131583. -1.
    5.5434005737304688e+01 5.6650108337402344e+01 2.3887538909912109e+00
    1.1336610412597656e+02 4.9481008201837540e-02 3932927. -1.
    5.5983139038085938e+01 1.4675515174865723e+01 4.1022105216979980e+00
    1.0654183959960938e+02 2.8786133974790573e-02 9634048. -1.
    5.6823482513427734e+01 4.0371471405029297e+01 2.5599949359893799e+00
    6.1668121337890625e+01 2.3072721436619759e-02 8913663. -1.
    5.6823482513427734e+01 4.0371471405029297e+01 2.5599949359893799e+00
    2.1994403076171875e+02 2.3072721436619759e-02 8913663. -1.
    5.8373668670654297e+01 1.9301750183105469e+01 1.9246453046798706e+00
    1.3175823974609375e+02 2.8603626415133476e-02 4981247. -1.
    6.0864868164062500e+01 1.7099931716918945e+01 3.8181698322296143e+00
    1.1121655273437500e+02 3.0791107565164566e-02 4391168. -1.
    6.1722934722900391e+01 4.3135486602783203e+01 2.3678741455078125e+00
    3.4651281738281250e+02 2.1708726882934570e-02 3277567. -1.
    6.7994255065917969e+01 6.6433372497558594e+01 3.7604968547821045e+00
    3.0638323974609375e+02 2.7853850275278091e-02 3342592. -1.
    6.8969169616699219e+01 7.0779619216918945e+00 4.2234950065612793e+00
    1.2117918395996094e+02 7.4789196252822876e-02 11731200. -1.
    6.8969169616699219e+01 7.0779619216918945e+00 4.2234950065612793e+00
    3.1374877929687500e+02 7.4789196252822876e-02 11731200. -1.
    7.2736251831054688e+01 5.6509189605712891e+01 2.5852220058441162e+00
    1.1616180419921875e+02 5.1091957837343216e-02 9634559. -1.
    7.3800491333007813e+01 7.2818687438964844e+01 4.8034710884094238e+00
    2.8169433593750000e+02 4.0275845676660538e-02 4325888. -1.
    7.4005554199218750e+01 5.2898685455322266e+01 2.4662110805511475e+00
