<?xml version="1.0"?>
<opencv_storage>
<keypoints type_id="opencv-matrix">
  <rows>60</rows>
  <cols>7</cols>
  <dt>d</dt>
  <data>
    1.0252778053283691e+01 2.9930856704711914e+01 5.4521832466125488e+00
    3.4347158813476563e+02 2.1428167819976807e-02 13500928. -1.
    1.3945148468017578e+01 2.2578865051269531e+01 4.0949444770812988e+00
    4.0186767578125000e+00 7.0925928652286530e-02 9502976. -1.
    1.5727583885192871e+01 1.2835439682006836e+01 2.6271202564239502e+00
    5.3323333740234375e+01 6.0610480606555939e-02 10814207. -1.
    1.5727583885192871e+01 1.2835439682006836e+01 2.6271202564239502e+00
    3.3909417724609375e+02 6.0610480606555939e-02 10814207. -1.
    1.6038396835327148e+01 1.2784610748291016e+01 2.9107086658477783e+00
    5.5253051757812500e+01 6.0109533369541168e-02 1508351. -1.
    1.6038396835327148e+01 1.2784610748291016e+01 2.9107086658477783e+00
    3.4654632568359375e+02 6.0109533369541168e-02 1508351. -1.
    1.7875581741333008e+01 3.4978782653808594e+01 2.8643491268157959e+00
    3.1628457641601563e+02 7.1784242987632751e-02 328703. -1.
    1.8123674392700195e+01 3.5235691070556641e+01 2.7099087238311768e+00
    3.1871264648437500e+02 7.2231434285640717e-02 13042431. -1.
    1.8991556167602539e+01 4.5963226318359375e+01 4.5409278869628906e+00
    3.3858398437500000e+01 6.7370831966400146e-02 262656. -1.
    1.8991556167602539e+01 4.5963226318359375e+01 4.5409278869628906e+00
    2.8906829833984375e+02 6.7370831966400146e-02 262656. -1.
    1.9258523941040039e+01 2.1214677810668945e+01 2.8313035964965820e+00
    3.0937658691406250e+02 5.4395306855440140e-02 16188159. -1.
    2.0299823760986328e+01 2.5973972320556641e+01 2.5414094924926758e+00
    1.2253700256347656e+02 5.0298970192670822e-02 8389375. -1.
    2.0625587463378906e+01 3.7338497161865234e+01 1.9444366693496704e+00
    2.0139404296875000e+01 6.4303368330001831e-02 5767679. -1.
    2.1969661712646484e+01 1.3423647880554199e+01 8.5544557571411133e+00
    7.7851013183593750e+01 5.9801306575536728e-02 12648705. -1.
    2.3348628997802734e+01 2.4341222763061523e+01 2.3578505516052246e+00
    1.2383969116210938e+02 5.3963590413331985e-02 2949887. -1.
    2.4487285614013672e+01 2.0903125762939453e+01 2.6346499919891357e+00
    3.0520022583007813e+02 4.1598778218030930e-02 11010815. -1.
    2.5633474349975586e+01 5.0442817687988281e+01 2.1494588851928711e+00
    2.8148461914062500e+02 5.5723495781421661e-02 12976639. -1.
    2.7803722381591797e+01 2.8369026184082031e+01 2.0458924770355225e+00
    1.9891021728515625e+01 6.1043813824653625e-02 9437695. -1.
    2.7803722381591797e+01 2.8369026184082031e+01 2.0458924770355225e+00
    2.8980633544921875e+02 6.1043813824653625e-02 9437695. -1.
    2.8294961929321289e+01 2.2069370269775391e+01 1.8699630498886108e+00
    8.3738739013671875e+01 6.3152782618999481e-02 2949631. -1.
    2.8294961929321289e+01 2.2069370269775391e+01 1.8699630498886108e+00
    3.3289141845703125e+02 6.3152782618999481e-02 2949631. -1.
    2.8299860000610352e+01 2.5200761795043945e+01 2.3058307170867920e+00
    8.3408874511718750e+01 7.7202327549457550e-02 1377023. -1.
    2.8299860000610352e+01 2.5200761795043945e+01 2.3058307170867920e+00
    2.9062097167968750e+02 7.7202327549457550e-02 1377023. -1.
    2.8501064300537109e+01 1.7033548355102539e+01 2.0698316097259521e+00
    1.8368415832519531e+02 6.1789106577634811e-02 10289663. -1.
    2.8501064300537109e+01 1.7033548355102539e+01 2.0698316097259521e+00
    2.9737988281250000e+02 6.1789106577634811e-02 10289663. -1.
    2.9753765106201172e+01 2.2349098205566406e+01 2.1465770721435547e+01
    3.5228533935546875e+02 5.9952281415462494e-02 12321282. -1.
    2.9855302810668945e+01 4.2145832061767578e+01 2.2802493572235107e+00
    5.4986450195312500e+01 4.6386294066905975e-02 590591. -1.
    2.9855302810668945e+01 4.2145832061767578e+01 2.2802493572235107e+00
    1.2988105773925781e+02 4.6386294066905975e-02 590591. -1.
    3.0281215667724609e+01 4.8033020019531250e+01 5.9748740196228027e+00
    2.4926261901855469e+02 6.0475535690784454e-02 3408640. -1.
    3.0281215667724609e+01 4.8033020019531250e+01 5.9748740196228027e+00
    2.8394830322265625e+02 6.0475535690784454e-02 3408640. -1.
    3.0548576354980469e+01 3.0614915847778320e+01 2.5406675338745117e+00
    1.9564056396484375e+01 7.8486211597919464e-02 8389375. -1.
    3.0548576354980469e+01 3.0614915847778320e+01 2.5406675338745117e+00
    2.2342587280273438e+02 7.8486211597919464e-02 8389375. -1.
    3.0881313323974609e+01 2.0629085540771484e+01 2.2209692001342773e+00
    1.6216856384277344e+02 8.2544930279254913e-02 15335935. -1.
    3.0881313323974609e+01 2.0629085540771484e+01 2.2209692001342773e+00
    3.2965710449218750e+02 8.2544930279254913e-02 15335935. -1.
    3.3074180603027344e+01 1.1801399230957031e+01 6.7148714065551758e+00
    1.0342382812500000e+02 5.3106360137462616e-02 11862784. -1.
    3.3335155487060547e+01 4.1048370361328125e+01 2.4889214038848877e+00
    1.3732046508789063e+02 5.1897771656513214e-02 6882047. -1.
    3.3446414947509766e+01 3.2610446929931641e+01 2.1352155208587646e+00
    2.2515138244628906e+02 6.0080435127019882e-02 12517887. -1.
    3.3446414947509766e+01 3.2610446929931641e+01 2.1352155208587646e+00
    3.1939794921875000e+02 6.0080435127019882e-02 12517887. -1.
    3.3478721618652344e+01 2.5382589340209961e+01 3.0839982032775879e+00
    1.7742567443847656e+02 5.9590391814708710e-02 5702655. -1.
    3.3478721618652344e+01 2.5382589340209961e+01 3.0839982032775879e+00
    3.5727777099609375e+02 5.9590391814708710e-02 5702655. -1.
    3.3605033874511719e+01 3.6910491943359375e+01 2.7109069824218750e+00
    5.9142761230468750e+00 9.0510569512844086e-02 13042431. -1.
    3.4896663665771484e+01 4.9369724273681641e+01 2.1100358963012695e+00
    2.4545196533203125e+02 5.3342383354902267e-02 11665919. -1.
    3.6134365081787109e+01 3.0597929000854492e+01 2.4794850349426270e+00
    1.6095407104492188e+02 8.1647790968418121e-02 6619903. -1.
    3.6134365081787109e+01 3.0597929000854492e+01 2.4794850349426270e+00
    3.1765808105468750e+02 8.1647790968418121e-02 6619903. -1.
    3.7597923278808594e+01 3.4827243804931641e+01 2.9409058094024658e+00
    1.5218521118164063e+02 4.6147439628839493e-02 2229247. -1.
    3.7597923278808594e+01 3.4827243804931641e+01 2.9409058094024658e+00
    2.6797659301757813e+02 4.6147439628839493e-02 2229247. -1.
    3.7597923278808594e+01 3.4827243804931641e+01 2.9409058094024658e+00
    3.1631253051757813e+02 4.6147439628839493e-02 2229247. -1.
    3.8260665893554688e+01 2.5538757324218750e+01 2.1841745376586914e+00
    2.7014993286132813e+02 7.1693971753120422e-02 14156287. -1.
    3.8490051269531250e+01 4.9976459503173828e+01 3.1852593421936035e+00
    2.3533966064453125e+02 2.7483468875288963e-02 7996415. -1.
    3.9134880065917969e+01 2.8971422195434570e+01 2.1753752231597900e+00
    1.6032284545898438e+02 5.9987157583236694e-02 13894143. -1.
    4.1755199432373047e+01 3.3232109069824219e+01 2.6299440860748291e+00
    1.7553376770019531e+02 8.6851999163627625e-02 10879743. -1.
    4.1821014404296875e+01 4.2695732116699219e+01 5.6914095878601074e+00
    2.2361746215820313e+02 6.1977773904800415e-02 16581120. -1.
    4.3532718658447266e+01 2.7894428253173828e+01 2.1188273429870605e+00
    2.2759487915039063e+02 5.4209969937801361e-02 11928063. -1.
    4.3881462097167969e+01 2.1097263336181641e+01 5.5208158493041992e+00
    1.5197698974609375e+02 5.3039636462926865e-02 14352896. -1.
    4.5706542968750000e+01 3.4414718627929688e+01 2.4943454265594482e+00
    1.3488639831542969e+02 3.7094932049512863e-02 7078655. -1.
    4.5706542968750000e+01 3.4414718627929688e+01 2.4943454265594482e+00
    1.7714361572265625e+02 3.7094932049512863e-02 7078655. -1.
    4.5790924072265625e+01 3.9143714904785156e+01 3.1093640327453613e+00
    1.4259367370605469e+02 6.6076502203941345e-02 6292479. -1.
    4.5790924072265625e+01 3.9143714904785156e+01 3.1093640327453613e+00
