<?xml version="1.0"?>
<opencv_storage>
<keypoints type_id="opencv-matrix">
  <rows>88</rows>
  <cols>7</cols>
  <dt>d</dt>
  <data>
    3.4019660949707031e+00 5.7574352264404297e+01 2.7185962200164795e+00
    3.5902462768554688e+02 1.3352298177778721e-02 13304575. -1.
    7.9154620170593262e+00 1.6210153579711914e+01 3.1323688030242920e+00
    4.6601806640625000e+01 3.2480340451002121e-02 6816767. -1.
    9.8988265991210938e+00 1.9565006256103516e+01 1.9357455968856812e+00
    4.5837219238281250e+01 7.4207618832588196e-02 5439999. -1.
    9.8988265991210938e+00 1.9565006256103516e+01 1.9357455968856812e+00
    2.5545544433593750e+02 7.4207618832588196e-02 5439999. -1.
    1.0257840156555176e+01 7.9520980834960938e+01 2.0131433010101318e+00
    1.5957641601562500e+01 8.7680377066135406e-02 8258047. -1.
    1.0257840156555176e+01 7.9520980834960938e+01 2.0131433010101318e+00
    1.7641410827636719e+02 8.7680377066135406e-02 8258047. -1.
    1.1717260360717773e+01 9.2964801788330078e+00 3.5625579357147217e+00
    1.0092468261718750e+01 2.3278882727026939e-02 16122879. -1.
    1.1717260360717773e+01 9.2964801788330078e+00 3.5625579357147217e+00
    1.1233854675292969e+02 2.3278882727026939e-02 16122879. -1.
    1.1717260360717773e+01 9.2964801788330078e+00 3.5625579357147217e+00
    2.4862191772460938e+02 2.3278882727026939e-02 16122879. -1.
    1.1838088035583496e+01 2.2985338211059570e+01 3.0427629947662354e+00
    3.5618481445312500e+02 3.6836020648479462e-02 4719615. -1.
    1.2974847793579102e+01 1.2102928161621094e+01 2.0402200222015381e+00
    3.5342068481445313e+02 2.6307137683033943e-02 9241087. -1.
    1.3168506622314453e+01 2.0320421218872070e+01 1.9080997705459595e+00
    1.6540039062500000e+01 4.1741710156202316e-02 4391423. -1.
    1.3261533737182617e+01 7.8849998474121094e+01 2.7247464656829834e+00
    3.1384121704101563e+02 5.6941319257020950e-02 13435647. -1.
    1.3310807228088379e+01 7.6451177597045898e+00 2.1676414012908936e+00
    2.5827041625976563e+02 1.9612859934568405e-02 13631999. -1.
    1.5661040306091309e+01 1.0138212203979492e+01 2.3982436656951904e+00
    4.3959045410156250e+00 3.1096832826733589e-02 4195071. -1.
    1.5661040306091309e+01 1.0138212203979492e+01 2.3982436656951904e+00
    1.7069084167480469e+02 3.1096832826733589e-02 4195071. -1.
    1.5724553108215332e+01 2.3070930480957031e+01 2.1708514690399170e+00
    3.4558895874023438e+02 7.4644878506660461e-02 13697535. -1.
    1.6026773452758789e+01 4.9808330535888672e+01 2.4262197017669678e+00
    1.8266279602050781e+02 1.3698081485927105e-02 5047039. -1.
    1.8383630752563477e+01 1.2020813941955566e+01 2.1847038269042969e+00
    7.0221984863281250e+01 1.7436172813177109e-02 14156287. -1.
    1.8383630752563477e+01 1.2020813941955566e+01 2.1847038269042969e+00
    1.7444305419921875e+02 1.7436172813177109e-02 14156287. -1.
    1.8558132171630859e+01 2.0583272933959961e+01 2.0616617202758789e+00
    1.6560182189941406e+02 5.1029171794652939e-02 9961983. -1.
    1.9614767074584961e+01 9.1282205581665039e+00 3.4833886623382568e+00
    2.9251211547851563e+02 2.3000912740826607e-02 14484479. -1.
    1.9829030990600586e+01 9.2273759841918945e+00 3.6172912120819092e+00
    2.9403762817382813e+02 2.2507509216666222e-02 524544. -1.
    2.2597358703613281e+01 2.2304832458496094e+01 1.8726176023483276e+00
    3.7344024658203125e+01 3.8514770567417145e-02 3015167. -1.
    2.3879425048828125e+01 1.7614330291748047e+01 2.4563398361206055e+00
    2.1610107421875000e+00 3.8113325834274292e-02 5964543. -1.
    2.3879425048828125e+01 1.7614330291748047e+01 2.4563398361206055e+00
    2.5121215820312500e+01 3.8113325834274292e-02 5964543. -1.
    2.4032209396362305e+01 1.3716567993164063e+01 1.8871692419052124e+00
    3.5356445312500000e+02 2.5144502520561218e-02 3604991. -1.
    2.4651224136352539e+01 2.4490787506103516e+01 2.7366054058074951e+00
    3.3285858154296875e+01 2.8527045622467995e-02 13763327. -1.
    2.6870786666870117e+01 2.0394224166870117e+01 2.2144582271575928e+00
    2.8250274658203125e+01 3.5773444920778275e-02 15139327. -1.
    2.7737400054931641e+01 5.5983184814453125e+01 2.3751871585845947e+00
    3.5706048583984375e+02 4.1515577584505081e-02 3539711. -1.
    2.8876903533935547e+01 4.8056335449218750e+01 1.8334305286407471e+00
    2.5661895751953125e+02 7.5139090418815613e-02 1507839. -1.
    2.8927841186523438e+01 3.7015136718750000e+01 2.0456769466400146e+00
    1.8604849243164063e+02 2.6636887341737747e-02 9437695. -1.
    2.8927841186523438e+01 3.7015136718750000e+01 2.0456769466400146e+00
    3.4274310302734375e+02 2.6636887341737747e-02 9437695. -1.
    3.0850090026855469e+01 8.2309448242187500e+01 2.9186689853668213e+00
    2.0246832275390625e+02 6.0459963977336884e-02 1704959. -1.
    3.0850090026855469e+01 8.2309448242187500e+01 2.9186689853668213e+00
    2.2787754821777344e+02 6.0459963977336884e-02 1704959. -1.
    3.1893056869506836e+01 4.3310569763183594e+01 2.9061763286590576e+00
    2.5040319824218750e+02 4.7212451696395874e-02 1377279. -1.
    3.1893056869506836e+01 4.3310569763183594e+01 2.9061763286590576e+00
    3.5521060180664063e+02 4.7212451696395874e-02 1377279. -1.
    3.2892803192138672e+01 6.9050971984863281e+01 3.6217617988586426e+00
    3.1885769653320313e+02 4.5291561633348465e-02 590080. -1.
    3.2911819458007813e+01 7.4006820678710938e+01 3.4498677253723145e+00
    2.1575926208496094e+02 3.6475710570812225e-02 13763583. -1.
    3.2951156616210938e+01 6.9117080688476563e+01 3.5195815563201904e+00
    3.1834942626953125e+02 4.5424241572618484e-02 15270911. -1.
    3.5831008911132813e+01 7.9947433471679688e+01 4.7153205871582031e+00
    2.1204853820800781e+02 6.4287483692169189e-02 2949632. -1.
    3.5974647521972656e+01 5.9844841957092285e+00 1.8325150012969971e+00
    2.4621154785156250e+01 3.6686323583126068e-02 1442303. -1.
    3.7202236175537109e+01 7.1734710693359375e+01 3.0112421512603760e+00
    3.1136605834960938e+02 3.4332789480686188e-02 3933183. -1.
    4.0481262207031250e+01 4.0134353637695313e+01 2.2454037666320801e+00
    1.6380064392089844e+02 1.6920663416385651e-02 16187903. -1.
    4.1197715759277344e+01 8.1556488037109375e+01 2.5732028484344482e+00
    6.1829833984375000e+00 7.6794147491455078e-02 9306879. -1.
    4.2689350128173828e+01 1.2418621063232422e+01 1.8932793140411377e+00
    1.1009106445312500e+02 3.4579508006572723e-02 3801599. -1.
    4.2689350128173828e+01 1.2418621063232422e+01 1.8932793140411377e+00
    3.0390371704101563e+02 3.4579508006572723e-02 3801599. -1.
    4.3943008422851563e+01 8.4190872192382813e+01 2.4112951755523682e+00
    3.7438964843750000e+00 7.8541003167629242e-02 4588287. -1.
    4.4026309967041016e+01 6.0122779846191406e+01 2.3076045513153076e+00
    2.1490173339843750e+00 1.8903302028775215e-02 1442559. -1.
    4.4399971008300781e+01 7.9547340393066406e+01 2.0740561485290527e+00
    6.0983886718750000e+00 6.6454470157623291e-02 10420735. -1.
    4.4399971008300781e+01 7.9547340393066406e+01 2.0740561485290527e+00
    1.8112976074218750e+02 6.6454470157623291e-02 10420735. -1.
    4.5761276245117188e+01 2.1381349563598633e+01 2.2421335220336914e+01
    2.8434783935546875e+01 4.8891466110944748e-02 15467010. -1.
    4.6647052764892578e+01 5.1540107727050781e+01 3.8533058166503906e+00
    8.2025939941406250e+01 2.4230843409895897e-02 5112064. -1.
    4.8483364105224609e+01 8.4186614990234375e+01 3.5641839504241943e+00
    1.8477243041992188e+02 9.1456867754459381e-02 16122879. -1.
    4.8797519683837891e+01 6.3758758544921875e+01 1.6238355636596680e+01
    2.5246003723144531e+02 5.7274445891380310e-02 8847618. -1.
    4.8921184539794922e+01 7.3569122314453125e+01 5.1214156150817871e+00
    2.4136824035644531e+02 3.5857751965522766e-02 8978944. -1.
    4.9832672119140625e+01 4.8392112731933594e+01 1.9474436044692993e+00
    1.6973876953125000e+02 1.8867379054427147e-02 5833215. -1.
    5.2069763183593750e+01 7.7329055786132813e+01 1.9004968404769897e+00
