<?xml version="1.0"?>
<opencv_storage>
<keypoints type_id="opencv-matrix">
  <rows>18</rows>
  <cols>7</cols>
  <dt>d</dt>
  <data>
    1.1104371070861816e+01 2.5515174865722656e+01 3.0020253658294678e+00
    3.4200817871093750e+02 5.0514608621597290e-02 3736575. -1.
    1.8789714813232422e+01 2.0617626190185547e+01 5.7424540519714355e+00
    1.3098400878906250e+02 7.0869095623493195e-02 525056. -1.
    1.8789714813232422e+01 2.0617626190185547e+01 5.7424540519714355e+00
    3.4970916748046875e+02 7.0869095623493195e-02 525056. -1.
    1.9034484863281250e+01 1.6880485534667969e+01 3.0308308601379395e+00
    4.2325714111328125e+01 7.0466391742229462e-02 4457471. -1.
    1.9034484863281250e+01 1.6880485534667969e+01 3.0308308601379395e+00
    1.5420843505859375e+02 7.0466391742229462e-02 4457471. -1.
    2.2441581726074219e+01 1.6812591552734375e+01 2.1662490367889404e+00
    1.5698825073242188e+02 8.3139568567276001e-02 13566463. -1.
    2.5317920684814453e+01 4.0666469573974609e+01 2.0980489253997803e+00
    2.6876318359375000e+02 5.7788562029600143e-02 11272703. -1.
    2.5409687042236328e+01 1.2044714927673340e+01 3.8688290119171143e+00
    6.2025268554687500e+01 4.3049395084381104e-02 5374208. -1.
    2.5822486877441406e+01 1.7179143905639648e+01 2.0341866016387939e+00
    6.0343444824218750e+01 1.1279145628213882e-01 8978943. -1.
    2.5822486877441406e+01 1.7179143905639648e+01 2.0341866016387939e+00
    2.6243621826171875e+02 1.1279145628213882e-01 8978943. -1.
    2.7980798721313477e+01 2.1250251770019531e+01 3.8181049823760986e+00
    1.2256158447265625e+02 1.0406002402305603e-01 4391168. -1.
    2.8486907958984375e+01 1.6152105331420898e+01 3.3537662029266357e+00
    5.8029479980468750e+01 7.8543610870838165e-02 11731967. -1.
    2.8486907958984375e+01 1.6152105331420898e+01 3.3537662029266357e+00
    2.7999588012695313e+02 7.8543610870838165e-02 11731967. -1.
    3.2853145599365234e+01 2.1250701904296875e+01 1.9405195713043213e+00
    3.3304837036132813e+02 1.1641456186771393e-01 5571071. -1.
    3.4832603454589844e+01 2.3586864471435547e+01 2.0518305301666260e+00
    6.7079223632812500e+01 7.8964620828628540e-02 9634303. -1.
    3.6643100738525391e+01 2.6163900375366211e+01 2.5840222835540771e+00
    7.8338867187500000e+01 7.9677224159240723e-02 9634559. -1.
    3.6643100738525391e+01 2.6163900375366211e+01 2.5840222835540771e+00
    1.8203408813476563e+02 7.9677224159240723e-02 9634559. -1.
    4.0090347290039063e+01 2.5768995285034180e+01 2.5640645027160645e+00
    1.7965106201171875e+02 5.5992569774389267e-02 9044735. -1.</data></keypoints>
<descriptors type_id="opencv-matrix">
  <rows>18</rows>
  <cols>128</cols>
  <dt>f</dt>
  <data>
    0. 0. 0. 1. 0. 0. 0. 0. 7. 3. 5. 4. 0. 0. 0. 3. 46. 4. 1. 0. 0. 0.
    22. 91. 22. 0. 0. 0. 2. 3. 82. 143. 0. 0. 0. 11. 10. 1. 0. 0. 30.
    25. 31. 57. 23. 6. 3. 6. 143. 47. 12. 4. 0. 0. 3. 69. 143. 26. 0. 0.
    7. 6. 8. 139. 0. 0. 0. 2. 13. 9. 1. 0. 32. 3. 2. 12. 28. 33. 58. 85.
    143. 33. 1. 1. 1. 7. 39. 112. 143. 143. 0. 0. 1. 1. 0. 2. 2. 0. 0.
    0. 0. 1. 1. 1. 118. 18. 0. 0. 0. 3. 11. 39. 98. 34. 0. 0. 10. 74.
    26. 37. 56. 143. 1. 0. 5. 19. 0. 0. 75. 16. 0. 0. 2. 1. 2. 74. 128.
    100. 1. 0. 12. 38. 26. 36. 16. 9. 0. 2. 98. 128. 20. 1. 0. 0. 0. 6.
    68. 87. 5. 0. 60. 87. 24. 2. 5. 1. 1. 19. 128. 82. 16. 13. 19. 3. 1.
    25. 54. 12. 12. 128. 128. 16. 0. 2. 0. 0. 12. 119. 85. 6. 0. 0. 33.
    61. 14. 1. 2. 3. 3. 2. 107. 128. 121. 31. 2. 0. 0. 4. 8. 16. 101.
    128. 46. 0. 0. 1. 2. 2. 19. 75. 13. 1. 1. 3. 2. 5. 1. 0. 0. 1. 1. 1.
    2. 22. 42. 3. 0. 0. 0. 0. 0. 1. 31. 24. 3. 1. 0. 0. 0. 0. 0. 2. 2.
    1. 2. 2. 1. 0. 0. 0. 0. 0. 0. 5. 0. 0. 0. 0. 0. 4. 33. 33. 0. 1. 3.
    3. 3. 35. 46. 8. 2. 3. 2. 1. 0. 8. 25. 6. 36. 5. 2. 2. 1. 0. 0. 19.
    123. 5. 0. 0. 1. 26. 76. 129. 10. 3. 0. 0. 29. 129. 129. 43. 2. 5.
    1. 2. 29. 67. 79. 16. 71. 5. 1. 2. 3. 2. 2. 26. 129. 91. 1. 0. 2.
    12. 6. 48. 37. 87. 10. 1. 33. 129. 38. 9. 1. 6. 6. 8. 60. 129. 69.
    2. 46. 22. 0. 0. 0. 0. 1. 10. 88. 117. 22. 0. 0. 0. 0. 8. 6. 128.
    129. 8. 0. 14. 6. 0. 0. 10. 107. 87. 45. 40. 13. 0. 1. 0. 0. 0. 2.
    1. 1. 2. 3. 0. 1. 4. 14. 25. 40. 24. 101. 11. 6. 4. 2. 24. 35. 60.
    59. 12. 53. 77. 2. 1. 21. 45. 22. 0. 0. 0. 0. 0. 0. 10. 125. 2. 0.
    0. 0. 33. 55. 119. 37. 15. 9. 6. 1. 126. 126. 30. 12. 13. 34. 82.
    14. 45. 126. 12. 41. 1. 0. 0. 0. 0. 0. 7. 126. 72. 1. 0. 0. 4. 9.
    28. 56. 76. 24. 0. 0. 62. 118. 12. 0. 4. 31. 1. 0. 26. 126. 10. 18.
    12. 1. 0. 0. 0. 0. 2. 61. 123. 25. 1. 0. 0. 0. 2. 8. 126. 110. 0. 0.
    0. 0. 0. 0. 19. 126. 6. 0. 0. 2. 0. 39. 56. 6. 6. 46. 100. 43. 6.
    127. 127. 0. 0. 4. 10. 8. 5. 33. 19. 0. 4. 107. 46. 0. 0. 0. 1. 2.
    20. 127. 25. 0. 0. 23. 13. 108. 60. 21. 57. 22. 6. 127. 52. 20. 19.
    10. 10. 5. 31. 71. 21. 42. 127. 76. 2. 0. 2. 0. 0. 8. 103. 127. 5.
    0. 0. 55. 31. 50. 12. 2. 4. 7. 14. 100. 85. 125. 20. 0. 0. 0. 19. 9.
    11. 127. 127. 2. 0. 0. 1. 0. 0. 42. 76. 13. 1. 0. 0. 6. 4. 1. 0. 0.
    3. 13. 11. 3. 11. 28. 2. 0. 0. 0. 2. 0. 0. 22. 9. 0. 0. 0. 0. 0. 0.
    5. 2. 0. 0. 0. 0. 2. 6. 1. 4. 64. 83. 85. 0. 93. 114. 0. 0. 2. 46.
    54. 5. 118. 118. 0. 0. 0. 1. 1. 0. 6. 3. 0. 0. 23. 11. 0. 0. 1. 12.
    101. 39. 8. 63. 88. 0. 53. 20. 45. 69. 78. 99. 47. 8. 118. 73. 0. 6.
    9. 4. 1. 20. 29. 4. 1. 26. 22. 1. 0. 2. 5. 15. 118. 62. 2. 0. 0. 4.
    43. 21. 60. 53. 11. 0. 13. 101. 118. 25. 69. 19. 2. 0. 4. 113. 15.
    3. 68. 118. 3. 0. 0. 3. 10. 11. 9. 4. 8. 11. 14. 13. 32. 48. 21. 0.
    0. 0. 4. 28. 8. 23. 118. 14. 0. 0. 0. 7. 0. 1. 57. 52. 0. 0. 0. 0.
    0. 0. 0. 1. 0. 0. 0. 0. 20. 4. 5. 7. 0. 0. 0. 4. 144. 5. 2. 12. 10.
    0. 0. 143. 48. 0. 0. 144. 103. 0. 0. 69. 0. 0. 0. 7. 9. 1. 0. 0. 75.
    16. 15. 49. 26. 9. 1. 4. 144. 28. 9. 55. 54. 1. 0. 36. 61. 3. 2.
    144. 144. 1. 0. 70. 0. 0. 0. 1. 7. 7. 0. 0. 69. 3. 0. 5. 22. 49. 16.
    19. 144. 51. 10. 54. 61. 3. 6. 21. 98. 4. 4. 58. 106. 2. 1. 76. 0.
    0. 0. 0. 0. 0. 0. 0. 13. 6. 0. 0. 0. 4. 4. 4. 54. 58. 36. 19. 8. 0.
    1. 4. 118. 13. 12. 24. 26. 0. 0. 18. 0. 0. 0. 1. 0. 0. 0. 0. 2. 2.
    4. 4. 0. 0. 0. 1. 9. 2. 1. 0. 0. 0. 22. 56. 0. 0. 0. 0. 1. 30. 84.
    32. 0. 0. 0. 4. 6. 1. 0. 0. 29. 11. 14. 30. 20. 7. 8. 7. 123. 33.
    13. 26. 2. 1. 25. 123. 19. 9. 61. 108. 14. 40. 74. 62. 2. 0. 0. 0.
    3. 2. 1. 2. 53. 2. 0. 3. 11. 14. 70. 88. 118. 34. 15. 32. 7. 7. 123.
    86. 16. 11. 39. 87. 20. 12. 123. 123. 6. 1. 0. 0. 0. 0. 0. 1. 123.
    58. 0. 0. 0. 0. 11. 40. 107. 106. 30. 1. 0. 1. 123. 77. 1. 7. 72.
    32. 0. 1. 123. 80. 26. 11. 24. 8. 1. 0. 0. 6. 76. 20. 2. 1. 0. 0.
    21. 95. 11. 4. 18. 40. 8. 2. 60. 86. 0. 13. 77. 19. 4. 34. 37. 10.
    37. 13. 3. 2. 4. 11. 19. 20. 122. 59. 3. 8. 7. 2. 1. 27. 40. 11. 23.
    122. 122. 0. 2. 10. 1. 27. 122. 65. 28. 0. 2. 7. 20. 4. 0. 0. 15.
    73. 38. 36. 86. 94. 48. 23. 12. 39. 26. 8. 9. 18. 44. 122. 79. 4.
    54. 20. 1. 2. 3. 18. 21. 2. 86. 113. 71. 7. 0. 0. 3. 59. 39. 27. 1.
    8. 7. 2. 2. 71. 122. 11. 0. 1. 6. 6. 2. 2. 122. 68. 0. 0. 0. 0. 0.
    0. 106. 94. 0. 0. 27. 106. 0. 0. 0. 0. 1. 1. 124. 124. 0. 2. 8. 4.
    0. 59. 124. 28. 18. 12. 8. 1. 0. 17. 23. 29. 57. 12. 0. 0. 19. 4.
    33. 124. 7. 0. 0. 3. 101. 6. 32. 60. 7. 24. 48. 91. 6. 30. 21. 4.
    66. 119. 47. 17. 1. 21. 27. 40. 17. 12. 1. 0. 43. 4. 3. 73. 20. 1.
    27. 22. 124. 22. 1. 2. 14. 12. 11. 61. 30. 4. 0. 9. 117. 124. 6. 7.
    1. 1. 1. 6. 51. 67. 10. 7. 10. 4. 9. 5. 3. 1. 123. 82. 53. 4. 13.
    31. 4. 1. 49. 102. 11. 0. 3. 124. 50. 19. 1. 7. 0. 0. 0. 25. 36. 11.
    5. 3. 6. 0. 0. 0. 2. 2. 10. 27. 82. 51. 1. 1. 2. 3. 21. 75. 76. 85.
    1. 0. 6. 46. 45. 36. 3. 2. 0. 0. 40. 124. 13. 0. 76. 6. 0. 0. 4. 1.
    12. 66. 45. 41. 7. 31. 99. 23. 29. 45. 124. 124. 6. 11. 22. 10. 1.
    8. 32. 9. 0. 1. 124. 42. 0. 0. 63. 82. 26. 3. 5. 1. 0. 4. 46. 58.
    48. 19. 93. 37. 6. 31. 124. 11. 1. 7. 23. 13. 5. 115. 37. 1. 0. 39.
    124. 1. 0. 7. 9. 20. 14. 4. 8. 10. 5. 6. 89. 56. 26. 3. 2. 1. 2. 54.
    93. 36. 61. 30. 5. 0. 0. 77. 5. 1. 23. 124. 49. 0. 0. 2. 0. 0. 2. 1.
