<?xml version="1.0"?>
<opencv_storage>
<keypoints type_id="opencv-matrix">
  <rows>14</rows>
  <cols>7</cols>
  <dt>d</dt>
  <data>
    2.3823282241821289e+01 3.4416709899902344e+01 2.6426377296447754e+00
    8.6347839355468750e+01 7.7742718160152435e-02 11207423. -1.
    3.1022298812866211e+01 4.2366863250732422e+01 2.0768182277679443e+00
    8.4015350341796875e+01 8.4282323718070984e-02 10486271. -1.
    3.1022298812866211e+01 4.2366863250732422e+01 2.0768182277679443e+00
    2.7437884521484375e+02 8.4282323718070984e-02 10486271. -1.
    3.1026018142700195e+01 4.8372730255126953e+01 2.0825746059417725e+00
    2.7384817504882813e+02 8.4271393716335297e-02 10682879. -1.
    3.2603237152099609e+01 3.3322189331054688e+01 3.1796729564666748e+00
    2.7020736694335938e+02 7.1840360760688782e-02 7865343. -1.
    3.7332660675048828e+01 2.7480852127075195e+01 1.9391707181930542e+00
    4.9275573730468750e+01 6.7836195230484009e-02 5571071. -1.
    3.7332660675048828e+01 2.7480852127075195e+01 1.9391707181930542e+00
    2.3044303894042969e+02 6.7836195230484009e-02 5571071. -1.
    4.0187015533447266e+01 2.5384790420532227e+01 2.4600503444671631e+00
    5.2965972900390625e+01 7.1339175105094910e-02 6030079. -1.
    4.2268688201904297e+01 4.8367382049560547e+01 2.0100486278533936e+00
    2.6366952514648438e+02 8.5391476750373840e-02 8126975. -1.
    4.9377239227294922e+01 4.2364524841308594e+01 1.9921098947525024e+00
    9.4941345214843750e+01 8.7461605668067932e-02 7471615. -1.
    4.9377239227294922e+01 4.2364524841308594e+01 1.9921098947525024e+00
    2.6562036132812500e+02 8.7461605668067932e-02 7471615. -1.
    5.6484672546386719e+01 5.6282848358154297e+01 2.3938066959381104e+00
    2.6435284423828125e+02 8.3262041211128235e-02 4063999. -1.
    5.6494804382324219e+01 3.4406803131103516e+01 2.5997421741485596e+00
    9.5818634033203125e+01 7.9051077365875244e-02 10027775. -1.
    5.6494804382324219e+01 3.4406803131103516e+01 2.5997421741485596e+00
    1.7546469116210938e+02 7.9051077365875244e-02 10027775. -1.</data></keypoints>
<descriptors type_id="opencv-matrix">
  <rows>14</rows>
  <cols>128</cols>
  <dt>f</dt>
  <data>
    21. 49. 0. 0. 0. 0. 0. 0. 140. 117. 2. 10. 45. 0. 0. 4. 21. 10. 1.
    28. 140. 5. 1. 1. 75. 52. 14. 7. 20. 1. 2. 1. 44. 2. 0. 0. 0. 0. 0.
    2. 140. 27. 4. 1. 32. 18. 1. 22. 28. 8. 13. 5. 140. 135. 80. 5. 3.
    16. 13. 1. 6. 30. 140. 1. 20. 9. 0. 0. 0. 0. 0. 0. 106. 140. 82. 0.
    1. 5. 0. 2. 8. 56. 140. 3. 4. 38. 39. 0. 0. 20. 140. 0. 0. 11. 93.
    0. 0. 1. 0. 0. 0. 0. 0. 0. 0. 15. 22. 0. 0. 0. 0. 0. 0. 9. 70. 0. 0.
    0. 0. 0. 0. 6. 71. 0. 0. 0. 0. 0. 20. 0. 0. 12. 81. 0. 0. 3. 133. 0.
    0. 2. 16. 0. 0. 34. 57. 0. 0. 31. 133. 0. 0. 9. 133. 0. 0. 6. 42. 0.
    0. 24. 39. 1. 0. 12. 79. 0. 0. 4. 133. 23. 4. 12. 29. 0. 0. 28. 63.
    5. 4. 60. 133. 0. 0. 7. 133. 7. 1. 11. 46. 0. 0. 25. 18. 10. 0. 8.
    57. 3. 3. 0. 80. 115. 57. 24. 7. 0. 2. 1. 24. 30. 50. 108. 73. 0. 0.
    1. 89. 89. 36. 25. 16. 0. 0. 2. 0. 1. 1. 1. 15. 39. 113. 0. 0. 12.
    14. 2. 0. 21. 133. 0. 0. 5. 13. 11. 0. 18. 115. 0. 1. 21. 19. 4. 0.
    11. 70. 0. 0. 0. 128. 14. 0. 4. 6. 1. 1. 0. 131. 15. 0. 2. 14. 11.
    0. 0. 123. 14. 0. 12. 14. 1. 47. 32. 64. 3. 0. 1. 0. 0. 12. 0. 2. 0.
    31. 88. 46. 19. 86. 1. 2. 0. 11. 30. 53. 94. 10. 0. 1. 0. 71. 126.
    56. 21. 78. 9. 0. 0. 17. 11. 0. 0. 48. 3. 0. 0. 131. 55. 6. 8. 131.
    18. 0. 0. 59. 16. 3. 17. 52. 4. 0. 0. 131. 56. 4. 6. 62. 7. 0. 0.
    55. 8. 0. 0. 48. 5. 0. 0. 131. 17. 0. 0. 131. 22. 0. 0. 60. 6. 0. 0.
    58. 6. 0. 0. 131. 23. 0. 0. 37. 4. 0. 0. 59. 6. 0. 0. 0. 0. 109. 33.
    21. 1. 0. 1. 1. 0. 135. 13. 0. 2. 14. 11. 0. 0. 128. 12. 0. 11. 14.
    3. 1. 0. 86. 8. 0. 3. 16. 14. 14. 0. 2. 2. 64. 5. 0. 4. 97. 1. 2. 0.
    3. 19. 51. 93. 22. 0. 1. 0. 62. 123. 58. 27. 88. 1. 0. 0. 13. 25.
    35. 72. 26. 2. 0. 0. 79. 7. 0. 0. 135. 18. 0. 0. 17. 7. 3. 17. 69.
    4. 0. 0. 135. 52. 4. 7. 135. 15. 0. 0. 51. 9. 1. 8. 15. 1. 0. 0. 74.
    7. 0. 0. 135. 21. 0. 0. 12. 1. 0. 0. 66. 6. 0. 0. 135. 19. 0. 0.
    135. 15. 0. 0. 49. 5. 0. 0. 5. 19. 130. 2. 1. 7. 30. 2. 56. 84. 39.
    3. 47. 21. 29. 3. 5. 4. 0. 2. 134. 40. 3. 0. 0. 0. 0. 0. 9. 2. 0. 0.
    33. 5. 12. 1. 65. 63. 22. 17. 134. 20. 3. 1. 35. 31. 3. 15. 26. 2.
    1. 2. 114. 134. 3. 6. 0. 0. 0. 0. 8. 69. 0. 0. 55. 0. 0. 0. 134. 11.
    1. 3. 134. 20. 7. 14. 33. 6. 1. 3. 32. 30. 45. 54. 41. 113. 1. 2. 3.
    13. 4. 1. 17. 134. 1. 0. 45. 1. 0. 0. 134. 1. 0. 0. 134. 4. 1. 7.
    54. 3. 0. 1. 38. 35. 19. 30. 87. 14. 6. 17. 42. 28. 4. 21. 28. 57.
    3. 15. 27. 0. 0. 0. 0. 0. 0. 10. 109. 2. 0. 4. 1. 0. 38. 106. 9. 1.
    33. 47. 6. 2. 135. 45. 0. 0. 97. 19. 0. 0. 96. 10. 54. 3. 0. 0. 0.
    0. 0. 1. 140. 20. 1. 10. 27. 0. 1. 10. 27. 3. 40. 106. 140. 4. 2. 3.
    7. 3. 120. 34. 14. 1. 0. 30. 49. 1. 0. 0. 0. 0. 0. 2. 140. 12. 0. 0.
    35. 2. 0. 4. 32. 2. 0. 2. 140. 33. 6. 14. 16. 0. 1. 4. 24. 8. 7.
    140. 38. 3. 0. 0. 0. 0. 0. 1. 140. 14. 0. 0. 11. 6. 1. 5. 32. 1. 0.
    1. 71. 62. 48. 41. 6. 0. 0. 60. 11. 6. 21. 122. 14. 7. 22. 120. 7.
    0. 0. 59. 69. 65. 47. 39. 37. 2. 0. 1. 9. 5. 1. 3. 140. 19. 0. 0. 0.
    0. 0. 1. 34. 3. 0. 0. 25. 9. 7. 140. 21. 0. 1. 4. 140. 41. 6. 14.
    33. 3. 0. 2. 34. 3. 0. 2. 140. 18. 0. 0. 0. 0. 0. 1. 48. 2. 0. 0.
    15. 1. 0. 34. 9. 3. 113. 36. 140. 7. 1. 3. 25. 4. 39. 106. 29. 1. 1.
    9. 140. 27. 0. 11. 0. 0. 0. 1. 56. 5. 0. 0. 0. 0. 88. 12. 0. 0. 102.
    23. 7. 2. 131. 47. 8. 1. 35. 51. 2. 0. 40. 109. 110. 2. 0. 5. 0. 0.
    0. 11. 29. 0. 0. 0. 0. 0. 0. 0. 0. 0. 0. 2. 0. 0. 0. 0. 0. 0. 22.
    22. 0. 0. 0. 0. 0. 0. 84. 25. 0. 0. 0. 0. 0. 0. 101. 22. 21. 0. 0.
    0. 0. 0. 0. 12. 102. 2. 0. 4. 1. 0. 64. 133. 9. 1. 37. 51. 6. 2.
    133. 95. 7. 14. 88. 19. 0. 0. 133. 37. 43. 4. 0. 0. 0. 0. 0. 1. 133.
    39. 1. 12. 25. 1. 3. 26. 37. 8. 51. 128. 133. 13. 8. 17. 54. 20. 98.
    33. 9. 2. 2. 103. 26. 2. 0. 0. 0. 0. 0. 0. 133. 27. 0. 0. 18. 5. 0.
    1. 47. 5. 0. 2. 124. 68. 31. 47. 25. 0. 0. 50. 18. 7. 14. 133. 14.
    0. 0. 12. 75. 0. 0. 2. 142. 0. 0. 1. 7. 0. 0. 38. 77. 0. 0. 34. 142.
    0. 0. 12. 142. 0. 0. 10. 62. 0. 0. 24. 29. 1. 0. 11. 70. 0. 0. 3.
    142. 31. 7. 9. 13. 0. 0. 29. 69. 12. 9. 83. 142. 0. 0. 8. 142. 0. 0.
    12. 56. 0. 0. 34. 13. 6. 0. 8. 48. 0. 0. 0. 76. 107. 68. 14. 2. 0.
    0. 1. 38. 27. 86. 115. 51. 0. 0. 4. 142. 1. 1. 13. 29. 0. 0. 36. 0.
    1. 0. 4. 25. 0. 0. 0. 0. 7. 13. 0. 0. 0. 0. 0. 53. 2. 16. 4. 0. 0.
    0. 8. 142. 1. 0. 5. 26. 0. 0. 30. 0. 0. 135. 39. 16. 1. 0. 1. 0. 0.
    146. 21. 0. 1. 16. 7. 0. 0. 141. 18. 0. 8. 13. 1. 0. 0. 91. 11. 0.
    1. 0. 0. 22. 0. 2. 2. 56. 6. 1. 14. 79. 1. 2. 0. 6. 26. 96. 125. 4.
    0. 1. 0. 79. 130. 78. 16. 0. 0. 1. 0. 15. 9. 0. 0. 57. 5. 0. 0. 74.
    9. 0. 2. 146. 25. 0. 0. 34. 16. 9. 36. 35. 3. 0. 0. 146. 80. 8. 7.
    0. 0. 0. 0. 50. 8. 3. 1. 34. 4. 0. 0. 75. 9. 0. 0. 146. 34. 0. 0.
    22. 3. 0. 0. 47. 6. 0. 0. 146. 35. 0. 1. 16. 0. 0. 0. 47. 11. 31.
    45. 18. 9. 43. 24. 2. 0. 0. 1. 145. 1. 2. 7. 12. 0. 0. 27. 69. 0. 0.
    28. 145. 0. 0. 7. 34. 0. 0. 9. 79. 0. 0. 4. 36. 1. 1. 0. 0. 0. 0. 2.
    145. 33. 6. 9. 18. 0. 0. 23. 58. 11. 8. 75. 145. 0. 0. 4. 57. 0. 0.
    11. 75. 0. 0. 6. 15. 7. 0. 0. 0. 0. 4. 0. 88. 120. 75. 16. 2. 0. 2.
    1. 8. 28. 92. 135. 72. 0. 1. 0. 73. 0. 0. 16. 22. 0. 0. 8. 0. 1. 0.
    0. 0. 16. 145. 0. 0. 7. 13. 1. 0. 18. 145. 0. 0. 1. 17. 8. 0. 15.
    143. 0. 46. 0. 0. 1. 0. 4. 76. 32. 19. 0. 0. 0. 0. 0. 0. 3. 145. 0.
    0. 2. 23. 1. 0. 35. 49. 0. 0. 26. 145. 10. 1. 8. 0. 0. 0. 4. 36. 4.
    5. 0. 37. 1. 0. 0. 0. 0. 0. 3. 145. 27. 3. 0. 16. 15. 2. 40. 47. 12.
    12. 4. 126. 145. 68. 11. 0. 0. 3. 1. 10. 61. 145. 0. 19. 8. 0. 0. 0.
    0. 0. 0. 118. 145. 64. 0. 0. 3. 0. 2. 14. 90. 145. 4. 2. 40. 29. 1.
    0. 29. 145. 1. 0. 19. 91. 0. 0. 2. 0. 0. 0. 0. 0. 0. 1. 21. 23. 0.
    0. 0. 0. 0. 0. 17. 86. 0. 0. 0. 0. 0. 0. 13. 94. 0. 0. 0. 0. 0. 0.
    0. 0. 0. 0. 0. 0. 1. 0. 0. 0. 0. 0. 0. 21. 14. 0. 0. 0. 0. 0. 0. 68.
    12. 0. 0. 0. 0. 0. 0. 76. 11. 20. 0. 0. 0. 0. 0. 0. 10. 100. 2. 0.
