<?xml version="1.0"?>
<opencv_storage>
<keypoints type_id="opencv-matrix">
  <rows>62</rows>
  <cols>7</cols>
  <dt>d</dt>
  <data>
    7.2323369979858398e+00 7.4822158813476563e+01 3.5081326961517334e+00
    7.8870422363281250e+01 2.4522913619875908e-02 15008767. -1.
    9.3926744461059570e+00 1.1474288940429688e+02 6.9672746658325195e+00
    3.2876284790039063e+02 2.1071348339319229e-02 14484224. -1.
    1.6747989654541016e+01 5.3876270294189453e+01 1.1799015045166016e+01
    3.5843841552734375e+01 3.0693465843796730e-02 2491137. -1.
    3.1578889846801758e+01 7.1900222778320313e+01 2.9670305252075195e+00
    3.3273931884765625e+02 1.4045816846191883e-02 2884607. -1.
    3.3277374267578125e+01 8.8006469726562500e+01 1.9168857574462891e+01
    6.5085937500000000e+01 4.4266462326049805e-02 4129282. -1.
    3.3277374267578125e+01 8.8006469726562500e+01 1.9168857574462891e+01
    2.9272839355468750e+02 4.4266462326049805e-02 4129282. -1.
    3.3936519622802734e+01 1.0871389770507813e+02 1.0943831443786621e+01
    2.9103445434570313e+02 4.0091779083013535e-02 13763073. -1.
    3.4608802795410156e+01 4.9471782684326172e+01 1.2267048835754395e+01
    9.4187927246093750e+00 3.7506546825170517e-02 5309185. -1.
    4.5298545837402344e+01 5.9509010314941406e+01 7.7067141532897949e+00
    1.0475999450683594e+02 2.5819847360253334e-02 5112065. -1.
    4.6597747802734375e+01 3.5235668182373047e+01 1.0268509864807129e+01
    3.5474713134765625e+02 3.9126217365264893e-02 9110017. -1.
    4.8030693054199219e+01 4.9189357757568359e+01 7.0002822875976563e+00
    3.3923309326171875e+01 2.9074653983116150e-02 14811904. -1.
    5.0215480804443359e+01 7.1013793945312500e+01 3.8809704780578613e+00
    1.1229524230957031e+02 1.9648667424917221e-02 5570816. -1.
    5.0225276947021484e+01 9.9150650024414063e+01 4.3459124565124512e+00
    2.6513775634765625e+02 1.8913369625806808e-02 13762816. -1.
    5.2133316040039063e+01 1.4323307800292969e+02 2.5538880825042725e+00
    2.1976745605468750e+02 2.5493085384368896e-02 8782591. -1.
    5.2879642486572266e+01 5.4661823272705078e+01 4.8237223625183105e+00
    3.1421466064453125e+02 1.9936248660087585e-02 4588032. -1.
    5.3540027618408203e+01 7.5667449951171875e+01 3.3563969135284424e+00
    9.9073974609375000e+01 1.9092947244644165e-02 11797503. -1.
    5.3629795074462891e+01 1.0473181152343750e+02 4.4212737083435059e+00
    2.6253143310546875e+02 2.8230756521224976e-02 15008000. -1.
    5.3629795074462891e+01 1.0473181152343750e+02 4.4212737083435059e+00
    3.2563348388671875e+02 2.8230756521224976e-02 15008000. -1.
    5.4903545379638672e+01 1.4056289672851563e+02 3.8300449848175049e+00
    6.0010192871093750e+01 3.5264935344457626e-02 4653312. -1.
    5.5827095031738281e+01 6.6106903076171875e+01 1.2547191619873047e+01
    3.4384252929687500e+02 2.9272183775901794e-02 6882049. -1.
    5.6283561706542969e+01 1.4607121276855469e+02 4.0721273422241211e+00
    2.7850970458984375e+02 5.8420661836862564e-02 9044224. -1.
    5.6754356384277344e+01 8.0472412109375000e+01 3.1715655326843262e+00
    7.6018341064453125e+01 2.0841933786869049e-02 7734271. -1.
    5.9170967102050781e+01 8.4662559509277344e+01 3.3261368274688721e+00
    7.9534423828125000e+01 1.3782353140413761e-02 11142143. -1.
    5.9294658660888672e+01 7.6271057128906250e+01 3.3429057598114014e+00
    7.7784149169921875e+01 2.8674667701125145e-02 11535359. -1.
    5.9797237396240234e+01 8.5209907531738281e+01 3.9080066680908203e+00
    7.9204071044921875e+01 1.3682007789611816e-02 6095104. -1.
    5.9837944030761719e+01 1.0455172729492188e+02 4.0126290321350098e+00
    2.9416998291015625e+02 2.3075483739376068e-02 7995648. -1.
    6.0589469909667969e+01 1.3762252807617188e+02 3.4289357662200928e+00
    5.6310791015625000e+01 4.3570142239332199e-02 13370367. -1.
    6.1394687652587891e+01 1.1081587219238281e+02 4.7944130897521973e+00
    2.9677426147460938e+02 2.8297638520598412e-02 4194816. -1.
    6.2321681976318359e+01 1.1946672058105469e+02 6.2136082649230957e+00
    3.0343130493164063e+02 2.2034049034118652e-02 6226688. -1.
    9.6174858093261719e+01 2.3727882385253906e+01 7.1536645889282227e+00
    7.2962097167968750e+01 4.1916817426681519e-02 16384768. -1.
    9.6174858093261719e+01 2.3727882385253906e+01 7.1536645889282227e+00
    1.5629431152343750e+02 4.1916817426681519e-02 16384768. -1.
    9.7750389099121094e+01 5.9908939361572266e+01 6.4704408645629883e+00
    2.1068432617187500e+02 2.6530520990490913e-02 9175808. -1.
    9.7750389099121094e+01 5.9908939361572266e+01 6.4704408645629883e+00
    2.3225511169433594e+02 2.6530520990490913e-02 9175808. -1.
    1.0052069854736328e+02 1.3801280021667480e+01 7.5887560844421387e+00
    1.0851304626464844e+02 3.2069034874439240e-02 3997953. -1.
    1.0218102264404297e+02 4.2449287414550781e+01 6.5164561271667480e+00
    1.6727749633789063e+02 3.4271974116563797e-02 9634560. -1.
    1.0218102264404297e+02 4.2449287414550781e+01 6.5164561271667480e+00
    2.4567926025390625e+02 3.4271974116563797e-02 9634560. -1.
    1.0759418487548828e+02 6.4937721252441406e+01 1.0656641960144043e+01
    9.9044830322265625e+01 2.5619357824325562e-02 11796993. -1.
    1.0759418487548828e+02 6.4937721252441406e+01 1.0656641960144043e+01
    2.0624716186523438e+02 2.5619357824325562e-02 11796993. -1.
    1.0766086578369141e+02 1.4913442611694336e+01 5.1142535209655762e+00
    1.1466156005859375e+02 2.9507271945476532e-02 8847872. -1.
    1.0913310241699219e+02 1.1690048217773438e+02 6.1747364997863770e+00
    2.2864482116699219e+02 2.3558659479022026e-02 5767936. -1.
    1.1174568939208984e+02 1.2733350372314453e+02 9.7830801010131836e+00
    1.6272567749023438e+02 3.9251524955034256e-02 5636609. -1.
    1.1174568939208984e+02 1.2733350372314453e+02 9.7830801010131836e+00
    2.1700242614746094e+02 3.9251524955034256e-02 5636609. -1.
    1.1496700286865234e+02 1.3787545776367188e+02 2.9003911018371582e+00
    1.1383261108398438e+02 4.3733417987823486e-02 1246207. -1.
    1.1591350555419922e+02 1.0344383239746094e+02 1.8769115209579468e+00
    1.7435186767578125e+02 1.8404308706521988e-02 3211775. -1.
    1.1591350555419922e+02 1.0344383239746094e+02 1.8769115209579468e+00
    3.4554095458984375e+02 1.8404308706521988e-02 3211775. -1.
    1.1670525360107422e+02 1.0968034362792969e+02 6.2119307518005371e+00
    2.1992643737792969e+02 2.2304955869913101e-02 6226688. -1.
    1.1791477966308594e+02 1.4622589111328125e+02 4.2976331710815430e+00
    2.6127932739257813e+02 6.0817595571279526e-02 12976384. -1.
    1.1841892242431641e+02 1.7447732925415039e+01 5.9577312469482422e+00
    8.2675262451171875e+01 2.9014561325311661e-02 3146496. -1.
    1.1872050476074219e+02 1.3572619628906250e+02 2.7988893985748291e+00
    3.1712414550781250e+02 2.4747578427195549e-02 15401727. -1.
    1.1957143402099609e+02 1.0232947540283203e+02 2.7671976089477539e+00
    2.5702215576171875e+02 2.4645933881402016e-02 14549759. -1.
    1.2272395324707031e+02 6.6184791564941406e+01 5.6301183700561523e+00
    8.1550201416015625e+01 3.0222263187170029e-02 15794688. -1.
    1.2272395324707031e+02 6.6184791564941406e+01 5.6301183700561523e+00
    1.5171499633789063e+02 3.0222263187170029e-02 15794688. -1.
    1.2571160125732422e+02 9.2267486572265625e+01 1.1096063613891602e+01
    2.3796630859375000e+02 4.3308876454830170e-02 14746113. -1.
    1.2798614501953125e+02 1.2996253967285156e+02 9.3353204727172852e+00
    2.3406733703613281e+02 3.5107061266899109e-02 2228737. -1.
    1.2819223022460938e+02 5.6059089660644531e+01 1.0685456275939941e+01
    1.3512753295898438e+02 3.4670736640691757e-02 11993601. -1.
    1.2909173583984375e+02 1.0864832305908203e+02 1.0202038764953613e+01
    2.3281767272949219e+02 3.7628151476383209e-02 8651265. -1.
    1.2954014587402344e+02 7.2014709472656250e+01 3.6813988685607910e+00
    1.2018176269531250e+02 1.8596120178699493e-02 1769728. -1.
    1.3050140380859375e+02 7.7010597229003906e+01 3.5149238109588623e+00
