<?xml version="1.0"?>
<opencv_storage>
<keypoints type_id="opencv-matrix">
  <rows>15</rows>
  <cols>7</cols>
  <dt>d</dt>
  <data>
    5.9329810142517090e+00 2.4049461364746094e+01 4.4538173675537109e+00
    3.2870178222656250e+00 7.6198868453502655e-02 15532288. -1.
    5.9329810142517090e+00 2.4049461364746094e+01 4.4538173675537109e+00
    2.7230944824218750e+02 7.6198868453502655e-02 15532288. -1.
    9.0924339294433594e+00 1.0097842216491699e+01 7.9144096374511719e+00
    9.1236022949218750e+01 4.8487473279237747e-02 7012609. -1.
    1.4506188392639160e+01 1.3330846786499023e+01 1.8356859683990479e+00
    2.0835974121093750e+02 2.5478741154074669e-02 1573375. -1.
    1.5806156158447266e+01 7.2337479591369629e+00 3.9868438243865967e+00
    9.1834564208984375e+01 4.2100854218006134e-02 7536896. -1.
    2.1389032363891602e+01 3.0633132934570313e+01 2.4204623699188232e+00
    2.1875305175781250e+00 6.2890507280826569e-02 4850431. -1.
    2.3320171356201172e+01 2.1783056259155273e+01 3.9791114330291748e+00
    1.2309448242187500e+01 5.5099721997976303e-02 7405824. -1.
    2.5895915985107422e+01 6.4123849868774414e+00 2.6868314743041992e+00
    9.3016601562500000e+01 7.4320524930953979e-02 12452607. -1.
    2.8397630691528320e+01 2.5019638061523438e+01 2.0757513046264648e+00
    1.1319482421875000e+02 4.7405403107404709e-02 10486271. -1.
    3.3054412841796875e+01 3.9104469299316406e+01 1.9908571243286133e+00
    7.3733398437500000e+01 6.2459882348775864e-02 7471615. -1.
    3.3054412841796875e+01 3.9104469299316406e+01 1.9908571243286133e+00
    2.4490359497070313e+02 6.2459882348775864e-02 7471615. -1.
    3.4891407012939453e+01 3.3597526550292969e+01 3.0405328273773193e+00
    1.4007011413574219e+02 8.4543362259864807e-02 4654079. -1.
    4.0179260253906250e+01 2.3584768295288086e+01 1.9536007642745972e+00
    8.1726623535156250e+01 8.5905380547046661e-02 6095359. -1.
    4.0293067932128906e+01 3.0799114227294922e+01 1.9940528869628906e+00
    2.0162229919433594e+02 6.8926267325878143e-02 7537151. -1.
    4.6140045166015625e+01 2.4388717651367188e+01 2.9996211528778076e+00
    1.8568711853027344e+02 9.2316702008247375e-02 3671039. -1.</data></keypoints>
<descriptors type_id="opencv-matrix">
  <rows>15</rows>
  <cols>128</cols>
  <dt>f</dt>
  <data>
    33. 2. 0. 0. 0. 0. 0. 0. 150. 18. 0. 0. 0. 0. 1. 7. 40. 2. 0. 29.
    62. 6. 3. 4. 49. 19. 1. 45. 82. 6. 10. 23. 31. 2. 0. 0. 0. 0. 0. 1.
    150. 49. 17. 2. 1. 3. 5. 44. 45. 12. 44. 52. 110. 42. 12. 22. 68.
    19. 5. 31. 113. 13. 8. 66. 8. 9. 1. 0. 0. 0. 0. 0. 101. 150. 150. 6.
    0. 0. 0. 4. 58. 80. 150. 85. 20. 3. 1. 3. 93. 59. 86. 30. 15. 2. 5.
    50. 0. 0. 0. 0. 0. 0. 0. 0. 2. 11. 26. 0. 0. 0. 0. 0. 49. 49. 54. 5.
    0. 0. 0. 0. 77. 75. 88. 28. 0. 0. 0. 0. 0. 0. 0. 0. 0. 0. 0. 1. 1.
    0. 0. 0. 0. 0. 8. 9. 0. 0. 0. 0. 0. 1. 30. 2. 0. 0. 0. 0. 0. 0. 28.
    1. 26. 0. 0. 0. 0. 0. 2. 12. 150. 6. 0. 0. 0. 4. 101. 150. 17. 2. 1.
    3. 5. 49. 150. 46. 0. 0. 0. 0. 1. 8. 150. 12. 55. 5. 0. 0. 0. 0. 52.
    50. 150. 81. 20. 3. 1. 3. 59. 80. 43. 51. 108. 40. 12. 24. 47. 12.
    0. 29. 57. 5. 4. 5. 45. 2. 91. 26. 0. 0. 0. 0. 84. 75. 84. 28. 16.
    2. 6. 54. 92. 56. 4. 33. 115. 12. 8. 64. 66. 19. 1. 50. 82. 5. 9.
    23. 45. 17. 3. 0. 0. 0. 0. 0. 1. 6. 76. 2. 0. 0. 0. 0. 14. 138. 86.
    37. 30. 0. 0. 0. 15. 138. 4. 10. 61. 58. 39. 45. 34. 59. 12. 1. 0.
    0. 0. 0. 0. 2. 138. 28. 2. 0. 0. 0. 9. 102. 70. 57. 71. 8. 12. 18.
    57. 49. 1. 10. 101. 138. 88. 11. 7. 0. 6. 4. 0. 0. 0. 0. 0. 0. 138.
    138. 27. 0. 0. 0. 2. 7. 21. 78. 138. 36. 14. 8. 17. 5. 0. 1. 30.
    138. 138. 6. 3. 0. 0. 0. 0. 0. 0. 0. 0. 0. 3. 8. 1. 0. 0. 0. 0. 0.
    0. 4. 8. 1. 0. 0. 0. 0. 0. 0. 1. 5. 4. 0. 0. 0. 141. 20. 9. 17. 12.
    1. 3. 19. 80. 22. 12. 45. 28. 0. 0. 2. 97. 10. 1. 0. 0. 0. 0. 3. 3.
    1. 1. 0. 1. 2. 1. 0. 35. 43. 76. 21. 46. 101. 24. 6. 141. 53. 59.
    24. 11. 2. 0. 10. 132. 3. 1. 0. 0. 0. 0. 13. 4. 2. 1. 0. 0. 0. 0. 0.
    15. 5. 9. 31. 141. 141. 4. 1. 141. 29. 6. 4. 40. 17. 1. 6. 140. 10.
    0. 0. 0. 0. 0. 2. 2. 2. 0. 0. 0. 0. 0. 1. 16. 2. 45. 141. 125. 6. 1.
    12. 141. 1. 1. 15. 22. 1. 0. 65. 91. 2. 0. 1. 0. 0. 0. 18. 1. 1. 7.
    12. 0. 0. 0. 1. 30. 1. 0. 0. 0. 0. 0. 5. 149. 10. 0. 1. 14. 12. 28.
    58. 148. 29. 1. 2. 34. 22. 29. 52. 107. 41. 42. 11. 1. 13. 31. 29.
    40. 2. 0. 0. 0. 0. 0. 0. 149. 15. 0. 1. 10. 14. 7. 19. 93. 41. 14.
    1. 25. 105. 47. 16. 36. 56. 127. 48. 1. 20. 37. 4. 37. 1. 0. 0. 0.
    0. 0. 0. 149. 12. 0. 0. 0. 2. 4. 13. 103. 4. 1. 0. 0. 72. 65. 15. 0.
    2. 4. 1. 0. 53. 118. 8. 23. 3. 0. 0. 0. 0. 0. 0. 149. 68. 8. 0. 0.
    0. 0. 0. 75. 47. 93. 2. 0. 2. 2. 1. 2. 7. 105. 3. 0. 5. 11. 3. 27.
    0. 1. 17. 31. 5. 8. 135. 47. 39. 21. 55. 34. 1. 2. 80. 58. 80. 35.
    17. 8. 6. 0. 11. 5. 16. 25. 13. 12. 38. 20. 3. 55. 7. 47. 128. 5. 0.
    1. 83. 131. 19. 29. 98. 24. 2. 3. 90. 56. 8. 10. 12. 27. 22. 11. 79.
    16. 10. 10. 11. 18. 8. 8. 39. 39. 16. 68. 135. 0. 0. 0. 4. 135. 54.
    16. 20. 4. 2. 1. 14. 86. 18. 5. 5. 68. 17. 2. 14. 20. 31. 22. 19.
    63. 6. 2. 8. 30. 9. 7. 21. 0. 0. 0. 0. 135. 109. 2. 1. 2. 0. 0. 0.
    61. 51. 22. 62. 91. 3. 0. 0. 1. 28. 111. 54. 39. 1. 6. 2. 20. 4. 1.
    41. 74. 5. 11. 20. 39. 17. 7. 11. 7. 4. 115. 98. 2. 2. 1. 11. 31.
    115. 115. 36. 1. 2. 1. 2. 34. 115. 79. 0. 30. 25. 2. 12. 105. 24. 0.
    7. 115. 106. 2. 4. 18. 7. 14. 38. 38. 13. 4. 19. 109. 77. 28. 18. 6.
    8. 3. 7. 49. 91. 75. 21. 22. 5. 12. 29. 100. 24. 4. 34. 115. 70. 11.
    3. 10. 5. 3. 74. 36. 60. 19. 3. 19. 50. 18. 10. 1. 1. 8. 25. 28. 42.
    34. 14. 47. 49. 67. 40. 6. 0. 0. 7. 95. 89. 71. 25. 0. 0. 0. 14. 72.
    40. 12. 34. 4. 0. 1. 19. 0. 3. 56. 78. 15. 15. 0. 1. 0. 0. 0. 0. 0.
    0. 0. 1. 0. 0. 0. 0. 0. 1. 14. 7. 3. 0. 0. 0. 0. 4. 19. 18. 64. 2.
    0. 0. 0. 1. 17. 127. 16. 0. 0. 0. 0. 0. 0. 8. 85. 1. 0. 0. 3. 16.
    82. 114. 39. 9. 1. 1. 40. 97. 106. 67. 114. 74. 9. 0. 2. 8. 36. 130.
    38. 3. 0. 0. 0. 0. 0. 1. 130. 35. 0. 1. 21. 7. 8. 28. 63. 28. 2. 7.
    130. 44. 9. 14. 130. 123. 13. 2. 22. 3. 5. 82. 22. 2. 0. 0. 0. 0. 0.
    0. 130. 36. 0. 2. 8. 1. 1. 4. 55. 17. 0. 6. 122. 69. 8. 6. 85. 99.
    45. 2. 15. 35. 12. 28. 122. 40. 5. 5. 3. 5. 20. 23. 37. 13. 15. 44.
    96. 38. 13. 8. 26. 28. 22. 6. 20. 25. 34. 116. 11. 10. 21. 52. 69.
    10. 11. 27. 79. 25. 49. 54. 16. 35. 34. 22. 93. 33. 57. 78. 4. 1.
    15. 42. 19. 19. 26. 22. 10. 19. 83. 36. 4. 23. 35. 12. 9. 12. 46.
    42. 10. 19. 97. 79. 8. 13. 65. 37. 122. 42. 26. 20. 3. 2. 29. 122.
    46. 9. 17. 37. 62. 75. 15. 21. 4. 54. 59. 14. 10. 29. 30. 22. 1. 6.
    11. 1. 1. 25. 122. 64. 16. 3. 7. 7. 4. 1. 73. 122. 4. 0. 21. 106.
    37. 43. 11. 15. 2. 31. 107. 49. 8. 23. 32. 15. 1. 1. 1. 44. 70. 9.
    63. 109. 1. 0. 0. 71. 130. 26. 25. 13. 0. 0. 0. 2. 29. 57. 20. 4. 0.
    0. 0. 0. 3. 4. 0. 0. 2. 1. 52. 130. 45. 6. 6. 8. 82. 5. 4. 114. 72.
    22. 13. 43. 15. 1. 0. 0. 130. 95. 14. 18. 0. 0. 0. 0. 27. 7. 0. 0.
    4. 0. 20. 79. 61. 84. 80. 6. 130. 11. 2. 16. 52. 35. 3. 23. 36. 3.
    0. 2. 130. 27. 1. 6. 0. 0. 0. 1. 48. 3. 0. 0. 8. 0. 5. 101. 120. 27.
    25. 4. 124. 3. 1. 24. 59. 5. 1. 43. 18. 0. 0. 40. 130. 8. 0. 7. 0.
    0. 0. 6. 33. 1. 0. 0. 13. 0. 0. 0. 0. 0. 0. 5. 125. 0. 0. 4. 3. 0.
    0. 68. 54. 1. 1. 69. 87. 2. 2. 37. 76. 22. 5. 16. 24. 0. 6. 120. 34.
    0. 0. 0. 0. 0. 0. 6. 125. 6. 1. 8. 23. 0. 0. 34. 62. 20. 2. 56. 125.
    0. 2. 15. 99. 87. 62. 5. 8. 0. 13. 58. 35. 5. 0. 0. 0. 0. 0. 1. 125.
    64. 18. 25. 13. 0. 0. 3. 43. 16. 12. 54. 77. 1. 19. 125. 16. 17. 11.
    2. 3. 0. 118. 125. 5. 6. 0. 0. 0. 0. 0. 0. 53. 54. 18. 4. 0. 0. 0.
    19. 125. 16. 27. 14. 1. 0. 1. 125. 27. 4. 87. 73. 0. 0. 14. 66. 0.
    0. 0. 0. 0. 0. 21. 32. 1. 0. 0. 0. 0. 17. 92. 41. 0. 0. 0. 0. 0. 18.
    103. 20. 0. 0. 0. 0. 0. 32. 67. 3. 8. 5. 3. 12. 4. 6. 74. 83. 117.
    21. 4. 5. 4. 51. 114. 98. 16. 7. 3. 1. 46. 117. 117. 27. 3. 27. 7.
    1. 5. 54. 79. 7. 15. 14. 3. 13. 8. 90. 117. 30. 117. 24. 3. 5. 12.
    55. 55. 66. 61. 3. 1. 1. 117. 117. 52. 25. 1. 11. 3. 0. 8. 96. 117.
