<?xml version="1.0"?>
<opencv_storage>
<keypoints type_id="opencv-matrix">
  <rows>40</rows>
  <cols>7</cols>
  <dt>d</dt>
  <data>
    6.0169439315795898 32.018623352050781 2.1201913356781006
    359.36209106445313 0.086654640734195709 11993599. -1.
    6.4426279067993164 44.253814697265625 2.3661179542541504
    274.74295043945313 0.096481554210186005 3212031. -1.
    6.7727971076965332 27.020538330078125 3.4614784717559814
    359.4024658203125 0.0503726527094841 14025727. -1.
    9.7901296615600586 9.1773624420166016 6.65533447265625
    4.008026123046875 0.06978260725736618 11207424. -1.
    9.7901296615600586 9.1773624420166016 6.65533447265625
    131.86668395996094 0.06978260725736618 11207424. -1.
    12.065042495727539 44.278774261474609 2.3690907955169678
    265.97979736328125 0.097667284309864044 3343103. -1.
    12.404677391052246 23.341440200805664 1.9147428274154663
    191.22026062011719 0.054912075400352478 4653567. -1.
    12.518221855163574 6.0041842460632324 1.9777225255966187
    90.035858154296875 0.077691398561000824 6947327. -1.
    12.518221855163574 6.0041842460632324 1.9777225255966187
    170.97845458984375 0.077691398561000824 6947327. -1. 13.680419921875
    11.154541969299316 2.4878990650177002 159.19648742675781
    0.054626837372779846 6882047. -1. 14.891767501831055
    16.806953430175781 1.8036056756973267 204.5325927734375
    0.057080734521150589 328191. -1. 15.143250465393066
    33.514530181884766 2.00809645652771 127.17024230957031
    0.067129857838153839 8061439. -1. 15.143250465393066
    33.514530181884766 2.00809645652771 327.01724243164063
    0.067129857838153839 8061439. -1. 19.974517822265625
    12.964585304260254 2.8522012233734131 67.100555419921875
    0.096919067203998566 66559. -1. 19.974517822265625
    12.964585304260254 2.8522012233734131 107.27789306640625
    0.096919067203998566 66559. -1. 20.635900497436523
    29.495595932006836 2.5228385925292969 1.88507080078125
    0.065748706459999084 7865087. -1. 21.782663345336914
    36.320529937744141 2.5393788814544678 206.81977844238281
    0.083423279225826263 8323839. -1. 21.782663345336914
    36.320529937744141 2.5393788814544678 330.90798950195313
    0.083423279225826263 8323839. -1. 22.4354248046875
    20.399282455444336 3.9118843078613281 19.4368896484375
    0.0567428357899189 6160640. -1. 23.605606079101563
    14.951138496398926 6.329993724822998 93.0098876953125
    0.051837634295225143 7537408. -1. 26.398815155029297
    12.50383472442627 2.7245352268218994 42.142547607421875
    0.085166439414024353 13435647. -1. 26.398815155029297
    12.50383472442627 2.7245352268218994 122.67697143554688
    0.085166439414024353 13435647. -1. 27.228343963623047
    33.513881683349609 2.1013226509094238 270.35702514648438
    0.080520860850811005 11338239. -1. 27.599391937255859
    23.693155288696289 2.1390936374664307 110.40756225585938
    0.058733519166707993 12648959. -1. 34.209331512451172
    11.020976066589355 2.146930456161499 75.12982177734375
    0.044029802083969116 12911103. -1. 34.442874908447266
    32.51507568359375 3.0075891017913818 137.09901428222656
    0.086276531219482422 3867647. -1. 34.442874908447266
    32.51507568359375 3.0075891017913818 295.36721801757813
    0.086276531219482422 3867647. -1. 35.893669128417969
    23.758325576782227 3.2935860157012939 104.50331115722656
    0.079065039753913879 10421247. -1. 35.893669128417969
    23.758325576782227 3.2935860157012939 248.66886901855469
    0.079065039753913879 10421247. -1. 39.548915863037109
    22.189632415771484 1.9904921054840088 81.27301025390625
    0.090896368026733398 7471615. -1. 39.756877899169922
    10.293625831604004 2.8561263084411621 192.4681396484375
    0.081441149115562439 132095. -1. 39.756877899169922
    10.293625831604004 2.8561263084411621 226.09326171875
    0.081441149115562439 132095. -1. 40.180557250976563
    44.063194274902344 2.3559718132019043 185.94612121582031
    0.096283696591854095 2949887. -1. 40.180557250976563
    44.063194274902344 2.3559718132019043 355.38616943359375
    0.096283696591854095 2949887. -1. 40.195034027099609
    27.831256866455078 2.0639610290527344 13.62530517578125
    0.065322868525981903 10093055. -1. 40.195034027099609
    27.831256866455078 2.0639610290527344 203.41468811035156
    0.065322868525981903 10093055. -1. 40.203380584716797
    39.133335113525391 2.5209586620330811 4.88995361328125
    0.087946653366088867 7799551. -1. 40.203380584716797
    39.133335113525391 2.5209586620330811 175.91146850585938
    0.087946653366088867 7799551. -1. 40.207286834716797
    6.2481217384338379 2.2573726177215576 10.03778076171875
    0.098293110728263855 16515583. -1. 40.207286834716797
    6.2481217384338379 2.2573726177215576 176.58688354492188
    0.098293110728263855 16515583. -1.</data></keypoints>
