<?xml version="1.0"?>
<opencv_storage>
<keypoints type_id="opencv-matrix">
  <rows>148</rows>
  <cols>7</cols>
  <dt>d</dt>
  <data>
    6.1790728759765625e+02 5.2823242187500000e+02 1.6354366302490234e+01
    9.6523101806640625e+01 2.8885936364531517e-02 9371906. -1.
    6.3390838623046875e+02 5.0606658935546875e+02 7.3304743766784668e+00
    1.7553137207031250e+02 2.1151818335056305e-02 1442049. -1.
    6.3450067138671875e+02 4.7275668334960938e+02 8.3775625228881836e+00
    1.8697564697265625e+02 2.2517181932926178e-02 11141377. -1.
    6.3450067138671875e+02 4.7275668334960938e+02 8.3775625228881836e+00
    2.6353286743164063e+02 2.2517181932926178e-02 11141377. -1.
    6.4007525634765625e+02 4.7774221801757813e+02 1.5049623489379883e+01
    1.8953619384765625e+02 2.4686262011528015e-02 3342594. -1.
    6.4007525634765625e+02 4.7774221801757813e+02 1.5049623489379883e+01
    2.6668807983398438e+02 2.4686262011528015e-02 3342594. -1.
    6.6025299072265625e+02 4.8350045776367188e+02 1.1715650558471680e+01
    1.8196000671386719e+02 2.3896323516964912e-02 1966849. -1.
    6.6272808837890625e+02 4.6979495239257813e+02 3.9798343181610107e+00
    1.8432736206054688e+02 3.2843980938196182e-02 7405824. -1.
    6.7426794433593750e+02 4.5841061401367188e+02 7.7316055297851563e+00
    1.9121041870117188e+02 4.8889648169279099e-02 5308673. -1.
    6.7426794433593750e+02 4.5841061401367188e+02 7.7316055297851563e+00
    2.6222076416015625e+02 4.8889648169279099e-02 5308673. -1.
    6.8766412353515625e+02 4.7205920410156250e+02 2.7624750137329102e+01
    2.2177500915527344e+02 5.2306592464447021e-02 13894402. -1.
    6.8829742431640625e+02 4.2821920776367188e+02 3.7965762615203857e+00
    1.8096784973144531e+02 6.1741769313812256e-02 3997952. -1.
    6.9164129638671875e+02 5.0933666992187500e+02 2.0193506240844727e+01
    1.0126641845703125e+02 1.6911093145608902e-02 7930370. -1.
    6.9959259033203125e+02 5.3841723632812500e+02 2.1010472774505615e+00
    1.8709890747070313e+02 2.0372245460748672e-02 11338239. -1.
    7.0394628906250000e+02 4.2150903320312500e+02 1.9850942611694336e+01
    1.9493527221679688e+02 5.0232600420713425e-02 6685186. -1.
    7.0394628906250000e+02 4.2150903320312500e+02 1.9850942611694336e+01
    2.2901325988769531e+02 5.0232600420713425e-02 6685186. -1.
    7.0523748779296875e+02 5.4874145507812500e+02 9.8925933837890625e+00
    1.1786805725097656e+02 1.7900569364428520e-02 6423041. -1.
    7.0523748779296875e+02 5.4874145507812500e+02 9.8925933837890625e+00
    1.6332522583007813e+02 1.7900569364428520e-02 6423041. -1.
    7.0933935546875000e+02 5.0987884521484375e+02 3.1488082408905029e+00
    9.8588653564453125e+01 3.0421029776334763e-02 7209983. -1.
    7.0971020507812500e+02 6.1822760009765625e+02 2.2229132652282715e+00
    2.3800102233886719e+02 2.7829466387629509e-02 15401471. -1.
    7.0974444580078125e+02 6.2995233154296875e+02 2.9790828227996826e+00
    1.4038275146484375e+02 9.7843676805496216e-02 3212287. -1.
    7.0974444580078125e+02 6.2995233154296875e+02 2.9790828227996826e+00
    2.1638632202148438e+02 9.7843676805496216e-02 3212287. -1.
    7.0987951660156250e+02 4.9200946044921875e+02 2.1052339076995850e+00
    6.7214355468750000e+00 5.2083205431699753e-02 11469311. -1.
    7.0987951660156250e+02 4.9200946044921875e+02 2.1052339076995850e+00
    8.3385345458984375e+01 5.2083205431699753e-02 11469311. -1.
    7.1409667968750000e+02 6.0460235595703125e+02 2.0557680130004883e+00
    1.8931013488769531e+02 2.7551721781492233e-02 9765375. -1.
    7.1448297119140625e+02 6.4064935302734375e+02 2.9861035346984863e+00
    1.2911279296875000e+02 6.5680846571922302e-02 3343359. -1.
    7.1532702636718750e+02 4.5043267822265625e+02 1.8964565992355347e+00
    1.7234291076660156e+02 2.3509725928306580e-02 3932671. -1.
    7.1535748291015625e+02 4.3495678710937500e+02 1.9176406860351563e+00
    1.7896908569335938e+02 1.8191305920481682e-02 4719103. -1.
    7.1595544433593750e+02 3.8040933227539063e+02 2.2359731197357178e+00
    1.7945220947265625e+02 1.5509395860135555e-02 15860223. -1.
    7.1665991210937500e+02 4.2932400512695313e+02 3.2839908599853516e+00
    1.2841836547851563e+02 3.0867988243699074e-02 10224639. -1.
    7.1902020263671875e+02 6.3138854980468750e+02 2.6064536571502686e+00
    2.3726989746093750e+02 8.0045811831951141e-02 10224383. -1.
    7.1935882568359375e+02 6.3694494628906250e+02 4.3721003532409668e+00
    1.3123985290527344e+02 8.0423854291439056e-02 14221568. -1.
    7.2380725097656250e+02 5.5568737792968750e+02 2.6172956466674805e+01
    1.9203491210937500e+01 2.0579734817147255e-02 9962242. -1.
    7.2380725097656250e+02 5.5568737792968750e+02 2.6172956466674805e+01
    1.4040161132812500e+02 2.0579734817147255e-02 9962242. -1.
    7.2399829101562500e+02 5.8361322021484375e+02 1.8688375473022461e+01
    1.9866333007812500e+00 2.3396518081426620e-02 2294274. -1.
    7.2399829101562500e+02 5.8361322021484375e+02 1.8688375473022461e+01
    1.8213482666015625e+02 2.3396518081426620e-02 2294274. -1.
    7.2403167724609375e+02 3.7449325561523438e+02 1.6634439468383789e+01
    1.9306520080566406e+02 2.3341229185461998e-02 10617090. -1.
    7.2484228515625000e+02 6.4554083251953125e+02 2.5057563781738281e+00
    5.2485961914062500e+01 8.4053069353103638e-02 7406335. -1.
    7.2484228515625000e+02 6.4554083251953125e+02 2.5057563781738281e+00
    1.2895193481445313e+02 8.4053069353103638e-02 7406335. -1.
    7.2488568115234375e+02 6.1464245605468750e+02 2.7597386837005615e+00
    8.9354431152343750e+01 7.9826325178146362e-02 14353151. -1.
    7.2507061767578125e+02 6.2608294677734375e+02 5.9853138923645020e+00
    8.6988403320312500e+01 6.0421090573072433e-02 3539712. -1.
    7.2507061767578125e+02 6.2608294677734375e+02 5.9853138923645020e+00
    2.7565869140625000e+02 6.0421090573072433e-02 3539712. -1.
    7.2572729492187500e+02 6.4232537841796875e+02 6.6754202842712402e+00
    2.1146301269531250e+01 6.6260851919651031e-02 11404032. -1.
    7.2684118652343750e+02 4.4129516601562500e+02 2.0193159103393555e+01
    1.8063890075683594e+02 4.2341776192188263e-02 7930370. -1.
    7.2753826904296875e+02 5.3213397216796875e+02 2.4853234291076660e+00
    3.1764321899414063e+02 3.5517752170562744e-02 6816511. -1.
    7.2770965576171875e+02 5.2718688964843750e+02 2.6285045146942139e+00
    6.6485534667968750e+01 7.1827381849288940e-02 10814207. -1.
    7.2770965576171875e+02 5.2718688964843750e+02 2.6285045146942139e+00
    3.2780905151367188e+02 7.1827381849288940e-02 10814207. -1.
    7.2777795410156250e+02 6.3991589355468750e+02 2.8011047840118408e+00
    1.7344970703125000e+00 7.2980165481567383e-02 15467263. -1.
    7.3014880371093750e+02 5.3038562011718750e+02 2.0396738052368164e+00
    3.1052844238281250e+02 5.8598164469003677e-02 9175551. -1.
    7.3138934326171875e+02 6.3566845703125000e+02 3.3959329128265381e+00
    4.4492279052734375e+01 9.7877345979213715e-02 12649471. -1.
    7.3158953857421875e+02 6.3138378906250000e+02 2.5882799625396729e+00
    3.0219857788085938e+02 7.9389244318008423e-02 9700095. -1.
    7.3161395263671875e+02 6.3948699951171875e+02 2.1365458965301514e+00
    5.5626586914062500e+01 8.0244712531566620e-02 12583423. -1.
    7.3171569824218750e+02 5.2112805175781250e+02 4.9120440483093262e+00
    1.8206481933593750e+00 2.7266936376690865e-02 5898752. -1.
    7.3207067871093750e+02 4.5498031616210938e+02 2.0397219657897949e+00
    3.5357730102539063e+02 3.8016393780708313e-02 9175551. -1.
    7.3208880615234375e+02 4.8904302978515625e+02 2.7607941627502441e+00
    3.2146606445312500e+00 1.8332649022340775e-02 14418687. -1.
    7.3259875488281250e+02 5.2843707275390625e+02 2.6229360103607178e+00
    1.2700473022460938e+02 6.0632679611444473e-02 10683135. -1.
    7.3259875488281250e+02 5.2843707275390625e+02 2.6229360103607178e+00
    3.5905218505859375e+02 6.0632679611444473e-02 10683135. -1.
    7.3441564941406250e+02 6.0473242187500000e+02 2.0669703483581543e+00
