<?xml version="1.0"?>
<opencv_storage>
<keypoints type_id="opencv-matrix">
  <rows>25</rows>
  <cols>7</cols>
  <dt>d</dt>
  <data>
    1.5926315307617188e+01 5.3968215942382813e+01 2.7752256393432617e+00
    2.5976898193359375e+01 6.8657197058200836e-02 14746367. -1.
    1.7185251235961914e+01 3.9504199981689453e+01 4.4578270912170410e+00
    3.5936083984375000e+02 6.3906721770763397e-02 15597824. -1.
    1.8307336807250977e+01 5.1569740295410156e+01 3.9097549915313721e+00
    1.7765930175781250e+01 7.3265120387077332e-02 6160640. -1.
    1.9969099044799805e+01 5.8844886779785156e+01 2.4583423137664795e+00
    2.7778274536132813e+02 7.3682107031345367e-02 6030079. -1.
    1.9969099044799805e+01 5.8844886779785156e+01 2.4583423137664795e+00
    3.4944757080078125e+02 7.3682107031345367e-02 6030079. -1.
    2.8861551284790039e+01 6.3953716278076172e+01 4.8707365989685059e+00
    1.6218957519531250e+02 8.2350388169288635e-02 5308928. -1.
    2.8861551284790039e+01 6.3953716278076172e+01 4.8707365989685059e+00
    3.1435473632812500e+02 8.2350388169288635e-02 5308928. -1.
    3.0782062530517578e+01 3.2123050689697266e+01 2.4040431976318359e+00
    2.0290773010253906e+02 4.5840829610824585e-02 4391679. -1.
    3.3347225189208984e+01 3.8461479187011719e+01 1.9976977109909058e+00
    3.2465270996093750e+01 6.3465222716331482e-02 7733759. -1.
    3.3347225189208984e+01 3.8461479187011719e+01 1.9976977109909058e+00
    1.4454727172851563e+02 6.3465222716331482e-02 7733759. -1.
    4.0175609588623047e+01 3.5708526611328125e+01 4.5655279159545898e+00
    3.3757980346679688e+02 5.0354693084955215e-02 655872. -1.
    4.0211868286132813e+01 5.1905773162841797e+01 6.5385890007019043e+00
    2.7167602539062500e+02 6.6018939018249512e-02 9896704. -1.
    4.0441970825195313e+01 3.6911010742187500e+01 4.1772813796997070e+00
    3.3595208740234375e+02 5.0446305423974991e-02 10944768. -1.
    4.0849784851074219e+01 3.8879577636718750e+01 3.3126828670501709e+00
    1.9592298889160156e+02 5.0262100994586945e-02 10879999. -1.
    4.0849784851074219e+01 3.8879577636718750e+01 3.3126828670501709e+00
    3.2351403808593750e+02 5.0262100994586945e-02 10879999. -1.
    4.1205837249755859e+01 4.0297695159912109e+01 2.7775065898895264e+00
    3.2063967895507813e+02 4.9355670809745789e-02 14811903. -1.
    4.3684879302978516e+01 4.6169742584228516e+01 2.9191567897796631e+00
    2.0994262695312500e+00 6.4284488558769226e-02 1704959. -1.
    4.3684879302978516e+01 4.6169742584228516e+01 2.9191567897796631e+00
    1.2750419616699219e+02 6.4284488558769226e-02 1704959. -1.
    4.8183116912841797e+01 4.1315711975097656e+01 3.1492915153503418e+00
    2.6526184082031250e+00 6.0652215033769608e-02 7209983. -1.
    4.8183116912841797e+01 4.1315711975097656e+01 3.1492915153503418e+00
    1.6788305664062500e+02 6.0652215033769608e-02 7209983. -1.
    4.9914691925048828e+01 6.7685508728027344e+01 3.1599996089935303e+00
    1.7159149169921875e+01 6.3627399504184723e-02 7472127. -1.
    4.9914691925048828e+01 6.7685508728027344e+01 3.1599996089935303e+00
    2.5288681030273438e+02 6.3627399504184723e-02 7472127. -1.
    4.9939449310302734e+01 3.3577201843261719e+01 2.4030761718750000e+00
    3.1271582031250000e+02 3.1425435096025467e-02 4326143. -1.
    5.4238979339599609e+01 6.3500236511230469e+01 5.8547205924987793e+00
    9.4726562500000000e+00 8.9544132351875305e-02 1901312. -1.
    5.4238979339599609e+01 6.3500236511230469e+01 5.8547205924987793e+00
    2.0386480712890625e+02 8.9544132351875305e-02 1901312. -1.</data></keypoints>
<descriptors type_id="opencv-matrix">
  <rows>25</rows>
  <cols>128</cols>
  <dt>f</dt>
  <data>
    19. 58. 40. 0. 0. 0. 0. 0. 139. 97. 23. 0. 0. 5. 2. 4. 73. 21. 11.
    17. 83. 61. 6. 6. 2. 88. 75. 20. 54. 13. 2. 2. 45. 2. 0. 0. 0. 0. 0.
    4. 139. 28. 11. 11. 0. 0. 0. 21. 99. 23. 34. 139. 88. 8. 3. 4. 14.
    19. 11. 27. 62. 23. 51. 33. 32. 11. 0. 0. 0. 0. 0. 2. 139. 109. 91.
    34. 0. 0. 0. 7. 57. 99. 139. 129. 1. 0. 1. 4. 48. 68. 66. 49. 13. 7.
    14. 14. 1. 4. 0. 0. 0. 0. 0. 0. 2. 21. 33. 6. 0. 0. 0. 0. 5. 54. 41.
    8. 0. 0. 0. 0. 3. 40. 96. 27. 0. 0. 0. 0. 8. 0. 0. 0. 0. 0. 0. 3.
    141. 0. 0. 0. 0. 0. 0. 119. 141. 5. 4. 1. 0. 0. 0. 115. 5. 2. 8. 46.
    34. 0. 0. 3. 30. 1. 0. 0. 0. 0. 0. 5. 141. 28. 2. 0. 0. 0. 0. 78.
    141. 48. 34. 7. 1. 0. 0. 28. 1. 5. 12. 104. 69. 1. 2. 2. 22. 6. 0.
    0. 0. 0. 0. 1. 141. 141. 5. 0. 0. 0. 0. 11. 72. 141. 51. 8. 3. 0. 0.
    8. 24. 31. 13. 61. 76. 1. 1. 4. 9. 1. 0. 0. 0. 0. 0. 6. 141. 30. 4.
    1. 0. 0. 0. 88. 72. 47. 24. 40. 10. 0. 1. 41. 14. 50. 26. 26. 32. 1.
    0. 0. 96. 129. 9. 0. 0. 0. 0. 0. 53. 129. 103. 1. 0. 0. 0. 1. 8. 65.
    72. 13. 40. 5. 0. 1. 28. 41. 13. 8. 62. 20. 0. 0. 41. 61. 3. 0. 0.
    0. 0. 4. 129. 117. 13. 5. 4. 0. 0. 23. 58. 43. 59. 62. 52. 2. 2. 7.
    3. 45. 67. 37. 43. 6. 2. 3. 54. 12. 0. 0. 0. 0. 0. 4. 129. 120. 77.
    8. 1. 0. 0. 14. 21. 91. 97. 47. 29. 3. 8. 7. 12. 46. 25. 9. 17. 29.
    25. 25. 5. 10. 1. 0. 0. 0. 0. 0. 6. 69. 53. 0. 0. 0. 0. 0. 1. 116.
    119. 0. 0. 0. 0. 0. 5. 129. 90. 0. 0. 5. 3. 2. 0. 0. 0. 0. 0. 0. 0.
    2. 27. 0. 0. 0. 0. 0. 13. 31. 127. 20. 0. 0. 0. 5. 44. 79. 42. 14.
    0. 0. 0. 89. 127. 25. 23. 0. 0. 0. 0. 0. 0. 16. 93. 6. 0. 0. 0. 2.
    69. 127. 104. 39. 2. 3. 7. 29. 127. 79. 72. 127. 32. 3. 3. 14. 30.
    10. 43. 1. 0. 0. 0. 0. 4. 49. 127. 53. 4. 0. 0. 1. 22. 122. 27. 32.
    17. 29. 48. 36. 36. 28. 11. 63. 61. 31. 41. 15. 9. 28. 9. 0. 0. 0.
    0. 0. 16. 127. 15. 2. 0. 15. 7. 3. 77. 127. 7. 3. 3. 65. 58. 30. 38.
    28. 20. 5. 8. 10. 27. 18. 23. 98. 85. 62. 36. 0. 0. 0. 0. 87. 41.
    47. 115. 25. 0. 0. 1. 63. 5. 6. 58. 115. 29. 18. 9. 6. 63. 86. 12.
    34. 12. 10. 12. 7. 32. 83. 58. 0. 0. 0. 0. 0. 115. 84. 89. 4. 1. 1.
    5. 57. 30. 17. 27. 23. 18. 47. 41. 43. 30. 19. 3. 2. 10. 50. 74. 24.
    20. 18. 1. 0. 0. 0. 0. 0. 84. 115. 67. 2. 0. 0. 0. 6. 79. 115. 115.
    21. 4. 1. 1. 6. 112. 42. 3. 1. 16. 60. 14. 17. 0. 2. 0. 0. 0. 0. 0.
    0. 1. 27. 18. 0. 0. 0. 0. 0. 94. 115. 22. 0. 0. 0. 0. 0. 115. 115.
    0. 0. 5. 9. 0. 1. 5. 0. 0. 10. 26. 11. 2. 7. 10. 0. 0. 0. 0. 19. 46.
    38. 0. 0. 0. 0. 2. 50. 22. 2. 0. 0. 0. 0. 1. 2. 0. 0. 41. 0. 0. 14.
    10. 18. 27. 11. 132. 4. 0. 0. 6. 57. 49. 89. 14. 1. 0. 0. 90. 132.
    31. 13. 0. 0. 0. 0. 17. 29. 0. 0. 17. 0. 0. 0. 0. 132. 132. 12. 132.
    20. 2. 1. 11. 54. 49. 66. 42. 11. 5. 5. 132. 132. 3. 6. 0. 0. 0. 0.
    50. 129. 0. 0. 10. 13. 0. 3. 32. 132. 45. 3. 15. 2. 2. 2. 20. 96.
    83. 41. 5. 3. 6. 11. 38. 80. 40. 15. 0. 0. 0. 20. 94. 119. 5. 1. 53.
    6. 0. 0. 0. 0. 0. 1. 145. 33. 4. 0. 0. 1. 2. 16. 56. 60. 38. 7. 4.
    4. 7. 12. 54. 52. 35. 12. 0. 0. 1. 26. 53. 6. 0. 0. 0. 0. 0. 2. 145.
    28. 2. 12. 11. 1. 2. 41. 55. 36. 44. 145. 92. 5. 5. 16. 145. 145.
    41. 25. 4. 0. 0. 6. 38. 11. 0. 0. 0. 0. 0. 1. 145. 124. 37. 47. 9.
    0. 0. 4. 18. 38. 36. 145. 96. 0. 0. 1. 54. 145. 21. 20. 7. 0. 0. 1.
    3. 6. 0. 0. 0. 0. 0. 0. 10. 53. 37. 14. 0. 0. 0. 0. 4. 6. 26. 54. 7.
    0. 2. 11. 9. 30. 4. 2. 1. 0. 28. 68. 1. 46. 58. 54. 42. 8. 1. 0.
    139. 15. 12. 39. 36. 1. 0. 8. 138. 1. 0. 0. 0. 0. 1. 20. 1. 0. 0. 0.
    0. 0. 7. 10. 9. 9. 32. 36. 53. 139. 5. 4. 139. 20. 15. 20. 8. 23. 5.
    43. 139. 4. 0. 0. 0. 0. 2. 42. 1. 0. 0. 0. 0. 0. 10. 16. 2. 0. 0. 0.
    38. 139. 10. 4. 139. 47. 0. 0. 22. 122. 15. 25. 139. 65. 0. 0. 0. 0.
    1. 9. 6. 1. 0. 0. 0. 0. 5. 9. 0. 0. 0. 0. 32. 81. 4. 1. 55. 19. 0.
    0. 71. 139. 2. 3. 139. 60. 0. 0. 2. 7. 1. 3. 17. 5. 0. 0. 0. 0. 0.
    1. 0. 10. 8. 6. 127. 52. 1. 0. 17. 127. 29. 6. 38. 7. 6. 16. 7. 127.
    45. 0. 0. 0. 2. 4. 0. 55. 40. 2. 6. 2. 0. 0. 3. 0. 0. 2. 127. 33. 3.
    6. 57. 16. 1. 0. 50. 27. 60. 119. 12. 78. 27. 0. 0. 71. 86. 24. 0.
    102. 87. 0. 0. 26. 18. 0. 6. 0. 0. 0. 127. 47. 0. 2. 127. 29. 0. 0.
    45. 21. 11. 29. 54. 17. 0. 0. 0. 90. 67. 12. 0. 7. 6. 0. 0. 107. 92.
    0. 1. 0. 0. 1. 117. 41. 0. 0. 70. 74. 3. 1. 66. 26. 0. 0. 57. 102.
    1. 0. 1. 5. 2. 0. 1. 7. 2. 1. 1. 20. 15. 0. 1. 0. 0. 4. 116. 7. 3.
