<?xml version="1.0"?>
<opencv_storage>
<keypoints type_id="opencv-matrix">
  <rows>102</rows>
  <cols>7</cols>
  <dt>d</dt>
  <data>
    2.6919693946838379e+00 3.7612438201904297e+01 2.1039137840270996e+00
    7.0861572265625000e+01 8.9711189270019531e-02 11469311. -1.
    3.8858220577239990e+00 3.1519538879394531e+01 1.9802225828170776e+00
    1.9226484680175781e+02 3.6571830511093140e-02 7078399. -1.
    5.3422422409057617e+00 4.2358047485351563e+01 2.3787016868591309e+00
    1.3070654296875000e+02 6.0660585761070251e-02 3605247. -1.
    7.3602914810180664e+00 8.1224815368652344e+01 2.5048866271972656e+00
    2.1166627502441406e+02 5.8105260133743286e-02 7340799. -1.
    7.9254593849182129e+00 5.1618774414062500e+01 1.8352870941162109e+00
    9.3820007324218750e+01 8.2555480301380157e-02 1573375. -1.
    8.8775939941406250e+00 4.6504913330078125e+01 2.6375069618225098e+00
    2.2614282226562500e+02 7.9566426575183868e-02 11076351. -1.
    9.3338775634765625e+00 3.8812633514404297e+01 5.5598063468933105e+00
    1.4294136047363281e+02 3.9187990128993988e-02 14877184. -1.
    9.5726814270019531e+00 1.5988365173339844e+01 3.0397119522094727e+00
    5.6856445312500000e+01 4.0468260645866394e-02 4654079. -1.
    1.0087430000305176e+01 7.6124679565429688e+01 2.0228679180145264e+00
    1.9734646606445313e+02 5.0272617489099503e-02 8585727. -1.
    1.0119173049926758e+01 5.0910484313964844e+01 3.1725575923919678e+00
    9.2477935791015625e+01 8.3098605275154114e-02 7734271. -1.
    1.0119173049926758e+01 5.0910484313964844e+01 3.1725575923919678e+00
    2.2013771057128906e+02 8.3098605275154114e-02 7734271. -1.
    1.1631768226623535e+01 6.6419593811035156e+01 2.0237221717834473e+00
    1.5648619079589844e+02 1.9812794402241707e-02 8651263. -1.
    1.1631768226623535e+01 6.6419593811035156e+01 2.0237221717834473e+00
    2.3416122436523438e+02 1.9812794402241707e-02 8651263. -1.
    1.3318586349487305e+01 7.4000124931335449e+00 2.0336375236511230e+00
    4.6495513916015625e+01 2.1089991554617882e-02 8978943. -1.
    1.4652117729187012e+01 6.1484294891357422e+01 2.6031615734100342e+00
    2.7614895629882813e+02 2.2835742682218552e-02 10158847. -1.
    1.5264260292053223e+01 2.3880950927734375e+01 2.3181226253509521e+00
    3.2097537231445313e+02 5.5948086082935333e-02 1770239. -1.
    1.5934677124023438e+01 2.2809738159179688e+01 4.2667088508605957e+00
    3.2922406005859375e+02 5.6254904717206955e-02 12452096. -1.
    1.7079675674438477e+01 1.1816308975219727e+01 1.8768078088760376e+00
    1.3445829772949219e+02 3.9115160703659058e-02 3211775. -1.
    1.7829362869262695e+01 4.8703598022460938e+01 2.1490247249603271e+00
    4.4422790527343750e+01 9.4279862940311432e-02 12976639. -1.
    1.7829362869262695e+01 4.8703598022460938e+01 2.1490247249603271e+00
    2.0917202758789063e+02 9.4279862940311432e-02 12976639. -1.
    1.7931726455688477e+01 3.9624835968017578e+01 1.4114071846008301e+01
    3.9348632812500000e+01 4.0475308895111084e-02 15401729. -1.
    1.9297842025756836e+01 4.0630435943603516e+00 2.1244041919708252e+00
    1.6539811706542969e+02 1.5489758923649788e-02 12124671. -1.
    1.9297842025756836e+01 4.0630435943603516e+00 2.1244041919708252e+00
    2.5956085205078125e+02 1.5489758923649788e-02 12124671. -1.
    2.0139547348022461e+01 7.4427032470703125e+01 2.3685557842254639e+00
    3.1293292236328125e+02 2.1421045064926147e-02 3277567. -1.
    2.0535036087036133e+01 6.7761650085449219e+01 3.8841896057128906e+00
    1.7521667480468750e+00 3.7109006196260452e-02 5636352. -1.
    2.0535036087036133e+01 6.7761650085449219e+01 3.8841896057128906e+00
    1.3188568115234375e+02 3.7109006196260452e-02 5636352. -1.
    2.0535036087036133e+01 6.7761650085449219e+01 3.8841896057128906e+00
    3.2375759887695313e+02 3.7109006196260452e-02 5636352. -1.
    2.2891267776489258e+01 8.1836723327636719e+01 5.4129791259765625e+00
    7.1223022460937500e+01 4.8593360930681229e-02 12976640. -1.
    2.2975742340087891e+01 1.1670031547546387e+01 2.5593688488006592e+00
    3.5009063720703125e+02 4.7183230519294739e-02 8913663. -1.
    2.3945587158203125e+01 5.0486785888671875e+01 5.1357703208923340e+00
    3.5977346801757813e+02 5.0741564482450485e-02 9175552. -1.
    2.4420141220092773e+01 1.6979972839355469e+01 2.1290338039398193e+00
    1.9325888061523438e+02 3.7851836532354355e-02 12321279. -1.
    2.6882217407226563e+01 6.8264297485351563e+01 3.3878686428070068e+00
    8.2239868164062500e+01 2.0139917731285095e-02 12452863. -1.
    2.6882217407226563e+01 6.8264297485351563e+01 3.3878686428070068e+00
    1.4539071655273438e+02 2.0139917731285095e-02 12452863. -1.
    2.6974445343017578e+01 8.6046447753906250e+01 2.0661752223968506e+00
    6.1488891601562500e+01 5.3561843931674957e-02 10158591. -1.
    2.8950555801391602e+01 7.5139694213867188e+01 2.7876417636871338e+00
    4.1161132812500000e+01 8.1313662230968475e-02 15074047. -1.
    2.8950555801391602e+01 7.5139694213867188e+01 2.7876417636871338e+00
    1.7376016235351563e+02 8.1313662230968475e-02 15074047. -1.
    2.9913845062255859e+01 8.4676086425781250e+01 2.5550343990325928e+00
    6.4547241210937500e+01 6.5567731857299805e-02 8782591. -1.
    2.9913845062255859e+01 8.4676086425781250e+01 2.5550343990325928e+00
    1.0452812194824219e+02 6.5567731857299805e-02 8782591. -1.
    3.1828886032104492e+01 7.9994865417480469e+01 4.0717024803161621e+00
    9.8837341308593750e+01 6.0992304235696793e-02 9044224. -1.
    3.3241001129150391e+01 7.2823074340820313e+01 3.2290108203887939e+00
    5.0104034423828125e+01 6.3255243003368378e-02 8979455. -1.
    3.5362796783447266e+01 5.0245815277099609e+01 1.2320528984069824e+01
    3.9275817871093750e+01 7.7558018267154694e-02 5571329. -1.
    3.5362796783447266e+01 5.0245815277099609e+01 1.2320528984069824e+01
    1.3407228088378906e+02 7.7558018267154694e-02 5571329. -1.
    3.5362796783447266e+01 5.0245815277099609e+01 1.2320528984069824e+01
    3.4428308105468750e+02 7.7558018267154694e-02 5571329. -1.
    3.5882209777832031e+01 7.6711158752441406e+01 3.1701314449310303e+00
    5.3913208007812500e+01 9.8664224147796631e-02 7668735. -1.
    3.5882209777832031e+01 7.6711158752441406e+01 3.1701314449310303e+00
    2.6470425415039063e+02 9.8664224147796631e-02 7668735. -1.
    3.8140628814697266e+01 3.9643005371093750e+01 3.3050801753997803e+00
    8.7276184082031250e+01 8.3753854036331177e-02 10683391. -1.
    3.8140628814697266e+01 3.9643005371093750e+01 3.3050801753997803e+00
    3.0298641967773438e+02 8.3753854036331177e-02 10683391. -1.
    3.9179943084716797e+01 4.8570485115051270e+00 3.2411201000213623e+00
    2.5043804931640625e+02 6.6332332789897919e-02 9307135. -1.
    4.0989280700683594e+01 4.5771175384521484e+01 5.2084627151489258e+00
    1.5987222290039063e+02 4.8598587512969971e-02 10158592. -1.
    4.1079357147216797e+01 8.3690155029296875e+01 2.5695583820343018e+00
    2.6755056762695313e+02 7.4750572443008423e-02 9175807. -1.
    4.4053714752197266e+01 2.1826173782348633e+01 2.1237893104553223e+00
    7.4024444580078125e+01 3.7090469151735306e-02 12124671. -1.
    4.4053714752197266e+01 2.1826173782348633e+01 2.1237893104553223e+00
    3.0528106689453125e+02 3.7090469151735306e-02 12124671. -1.
    4.5429008483886719e+01 8.2227340698242188e+01 1.9810606241226196e+00
    6.0077514648437500e+00 4.3195128440856934e-02 7078399. -1.
    4.5645366668701172e+01 3.5843362808227539e+00 2.2776687145233154e+00
    1.8353475952148438e+02 1.3828719034790993e-02 459519. -1.
    4.6020648956298828e+01 5.6641212463378906e+01 3.4555976390838623e+00
    1.5192144775390625e+02 5.0709035247564316e-02 13894655. -1.
    4.7085769653320313e+01 7.6895195007324219e+01 2.0300714969635010e+00
    4.5695373535156250e+01 6.6686928272247314e-02 8847871. -1.
    4.9078536987304688e+01 7.1764755249023438e+01 5.2657432556152344e+00
    5.1573669433593750e+01 6.6376514732837677e-02 10945024. -1.
    4.9782787322998047e+01 6.0443973541259766e+01 2.4923815727233887e+00
