<?xml version="1.0"?>
<opencv_storage>
<keypoints type_id="opencv-matrix">
  <rows>27</rows>
  <cols>7</cols>
  <dt>d</dt>
  <data>
    1.0895960807800293e+01 2.4086400985717773e+01 3.0716040134429932e+00
    3.5021972656250000e-01 3.7328373640775681e-02 5374975. -1.
    1.2300044059753418e+01 2.2484186172485352e+01 2.0280382633209229e+00
    1.3521148681640625e+01 3.8951005786657333e-02 8782335. -1.
    1.3338701248168945e+01 2.8749120712280273e+01 2.0495390892028809e+00
    3.0842224121093750e+01 5.4642163217067719e-02 9568767. -1.
    1.5620951652526855e+01 1.8635614395141602e+01 2.4000203609466553e+00
    1.4321594238281250e+00 5.3533099591732025e-02 4260607. -1.
    1.9918729782104492e+01 3.0080917358398438e+01 3.7119152545928955e+00
    3.5365344238281250e+02 5.8995705097913742e-02 2359552. -1.
    1.9942495346069336e+01 1.8445108413696289e+01 3.7040615081787109e+00
    8.1327148437500000e+01 8.9197292923927307e-02 2228480. -1.
    1.9942495346069336e+01 1.8445108413696289e+01 3.7040615081787109e+00
    2.4503387451171875e+02 8.9197292923927307e-02 2228480. -1.
    2.4358882904052734e+01 9.5494384765625000e+00 1.9144619703292847e+00
    6.4066009521484375e+01 3.2056014984846115e-02 4653567. -1.
    2.4358882904052734e+01 9.5494384765625000e+00 1.9144619703292847e+00
    2.3341632080078125e+02 3.2056014984846115e-02 4653567. -1.
    2.4358882904052734e+01 9.5494384765625000e+00 1.9144619703292847e+00
    3.0938433837890625e+02 3.2056014984846115e-02 4653567. -1.
    2.4528591156005859e+01 3.9605247497558594e+01 3.0116078853607178e+00
    2.7826916503906250e+02 4.2625263333320618e-02 3998719. -1.
    2.4602550506591797e+01 2.1739463806152344e+01 3.6073710918426514e+00
    3.6326232910156250e+01 8.6784005165100098e-02 327936. -1.
    2.4602550506591797e+01 2.1739463806152344e+01 3.6073710918426514e+00
    2.4663180541992188e+02 8.6784005165100098e-02 327936. -1.
    2.4934417724609375e+01 2.8107135772705078e+01 3.2470722198486328e+00
    4.1075927734375000e+01 9.8735392093658447e-02 9438207. -1.
    2.4934417724609375e+01 2.8107135772705078e+01 3.2470722198486328e+00
    2.1162594604492188e+02 9.8735392093658447e-02 9438207. -1.
    2.6328762054443359e+01 2.1099647521972656e+01 2.7950906753540039e+00
    4.2004119873046875e+01 8.3711132407188416e-02 15270655. -1.
    2.6328762054443359e+01 2.1099647521972656e+01 2.7950906753540039e+00
    2.7358728027343750e+02 8.3711132407188416e-02 15270655. -1.
    2.8175823211669922e+01 1.3928429603576660e+01 2.5960853099822998e+00
    9.1147003173828125e+01 6.1739735305309296e-02 9962239. -1.
    2.9786441802978516e+01 2.9648122787475586e+01 3.7935714721679688e+00
    2.1488171386718750e+02 6.9471821188926697e-02 3932416. -1.
    3.0062585830688477e+01 1.8377517700195313e+01 3.7113037109375000e+00
    9.3632965087890625e+01 7.3023699223995209e-02 2359552. -1.
    3.0573726654052734e+01 2.1259605407714844e+01 2.7962615489959717e+00
    2.1931179809570313e+02 6.1846166849136353e-02 15336191. -1.
    3.2661689758300781e+01 3.1510406494140625e+01 1.9033240079879761e+00
    7.8149200439453125e+01 5.6300967931747437e-02 4194815. -1.
    3.2661689758300781e+01 3.1510406494140625e+01 1.9033240079879761e+00
    3.3888336181640625e+02 5.6300967931747437e-02 4194815. -1.
    3.3083065032958984e+01 2.3562086105346680e+01 1.9353526830673218e+00
    2.1868144226074219e+02 6.5227977931499481e-02 5439999. -1.
    3.4084957122802734e+01 1.8954008102416992e+01 1.9017871618270874e+00
    1.7977371215820313e+02 5.3633898496627808e-02 4129279. -1.
    3.6460628509521484e+01 2.8950214385986328e+01 1.8415615558624268e+00
    1.4761853027343750e+02 4.9623411148786545e-02 1835519. -1.
    3.8962215423583984e+01 2.4871604919433594e+01 2.7227146625518799e+00
    1.8141159057617188e+02 4.1397970169782639e-02 13370111. -1.</data></keypoints>
<descriptors type_id="opencv-matrix">
  <rows>27</rows>
  <cols>128</cols>
  <dt>f</dt>
  <data>
    0. 0. 0. 1. 0. 0. 0. 0. 0. 0. 1. 48. 1. 0. 0. 0. 63. 12. 19. 80. 1.
    0. 1. 23. 119. 34. 17. 19. 1. 4. 84. 116. 0. 0. 0. 11. 13. 1. 0. 0.
    17. 3. 8. 119. 53. 8. 0. 2. 119. 23. 12. 59. 4. 4. 9. 105. 119. 98.
    84. 90. 19. 7. 10. 38. 0. 0. 0. 2. 17. 11. 0. 0. 20. 3. 1. 18. 71.
    119. 9. 5. 119. 54. 1. 7. 12. 36. 20. 77. 48. 13. 7. 103. 119. 11.
    11. 29. 0. 0. 0. 0. 0. 2. 0. 0. 11. 1. 0. 0. 3. 44. 15. 20. 61. 10.
    3. 6. 31. 34. 32. 119. 22. 5. 3. 56. 119. 91. 19. 25. 0. 0. 0. 3. 2.
    0. 0. 0. 0. 0. 0. 70. 33. 0. 0. 2. 99. 44. 8. 53. 21. 1. 12. 37.
    121. 121. 21. 14. 4. 0. 4. 16. 0. 0. 0. 35. 17. 0. 0. 0. 45. 4. 4.
    121. 51. 0. 0. 11. 121. 12. 3. 18. 37. 25. 40. 121. 45. 114. 72. 22.
    46. 26. 18. 34. 0. 0. 0. 48. 62. 16. 0. 0. 93. 14. 2. 69. 53. 25. 4.
    2. 121. 76. 27. 34. 44. 9. 2. 19. 64. 8. 10. 32. 85. 18. 11. 99. 0.
    0. 0. 1. 18. 46. 5. 0. 15. 9. 0. 1. 9. 119. 34. 2. 79. 73. 43. 7. 2.
    35. 11. 26. 121. 10. 11. 34. 71. 1. 0. 71. 77. 48. 2. 20. 36. 1. 1.
    5. 99. 74. 15. 19. 55. 35. 6. 14. 111. 6. 4. 7. 103. 39. 8. 44. 25.
    18. 0. 1. 134. 31. 2. 3. 24. 34. 1. 5. 26. 44. 42. 2. 73. 111. 78.
    22. 7. 14. 20. 4. 134. 31. 18. 10. 126. 16. 1. 10. 9. 5. 0. 0. 134.
    42. 19. 10. 0. 0. 0. 0. 0. 43. 60. 0. 47. 6. 6. 0. 0. 63. 73. 26.
    134. 8. 2. 0. 60. 34. 14. 46. 13. 1. 2. 9. 101. 90. 95. 44. 0. 0. 0.
    0. 0. 1. 1. 0. 15. 4. 0. 0. 0. 6. 8. 6. 109. 65. 27. 9. 3. 8. 3. 8.
    8. 11. 49. 78. 7. 17. 14. 5. 0. 0. 0. 1. 0. 0. 0. 0. 1. 1. 3. 10. 1.
    0. 0. 1. 5. 1. 2. 30. 19. 13. 49. 22. 18. 1. 2. 29. 11. 12. 139. 35.
    0. 0. 0. 26. 1. 0. 0. 0. 37. 13. 19. 81. 3. 0. 1. 6. 139. 22. 9. 8.
    1. 4. 81. 135. 25. 3. 22. 48. 2. 8. 139. 66. 6. 1. 4. 106. 5. 0. 0.
    2. 67. 6. 6. 65. 7. 3. 26. 89. 139. 120. 46. 23. 6. 3. 14. 47. 27.
    35. 98. 139. 11. 1. 4. 6. 34. 3. 3. 54. 28. 17. 1. 6. 130. 30. 9.
    10. 16. 6. 9. 56. 13. 39. 28. 26. 52. 15. 25. 36. 6. 8. 30. 122. 62.
    5. 4. 29. 47. 3. 9. 30. 14. 6. 2. 21. 111. 32. 41. 35. 9. 0. 1. 48.
    26. 34. 116. 116. 5. 2. 11. 67. 81. 72. 56. 26. 6. 5. 17. 70. 41. 0.
    0. 1. 12. 31. 34. 73. 55. 2. 6. 76. 87. 16. 9. 45. 116. 27. 20. 71.
    23. 2. 10. 116. 34. 16. 57. 116. 19. 0. 10. 99. 38. 31. 16. 4. 9. 8.
    15. 47. 21. 12. 20. 45. 104. 72. 14. 26. 116. 51. 22. 36. 35. 32.
    17. 80. 24. 15. 21. 103. 72. 35. 15. 36. 3. 19. 20. 4. 1. 0. 0. 0.
    5. 16. 26. 44. 29. 16. 0. 2. 28. 79. 81. 25. 17. 16. 7. 16. 17. 23.
    33. 33. 19. 9. 4. 19. 12. 6. 4. 26. 9. 1. 0. 7. 132. 11. 5. 11. 5.
    0. 3. 87. 63. 29. 79. 84. 38. 23. 32. 35. 7. 49. 33. 16. 60. 112. 9.
    0. 29. 13. 1. 4. 23. 33. 4. 7. 132. 43. 5. 6. 29. 16. 3. 43. 49. 57.
    35. 65. 132. 106. 2. 9. 21. 132. 70. 15. 28. 61. 6. 0. 10. 2. 0. 0.
    3. 22. 6. 6. 107. 109. 92. 11. 11. 9. 4. 13. 11. 69. 132. 55. 97.
    61. 5. 1. 2. 35. 44. 5. 20. 85. 46. 3. 0. 0. 0. 0. 2. 2. 0. 0. 0. 7.
    19. 5. 20. 30. 0. 0. 1. 44. 73. 6. 14. 28. 5. 2. 17. 56. 51. 1. 0.
    6. 14. 12. 3. 52. 37. 7. 22. 38. 11. 1. 8. 13. 4. 2. 7. 99. 48. 5.
    43. 21. 0. 0. 1. 32. 18. 6. 8. 4. 0. 0. 0. 0. 0. 1. 42. 70. 7. 1.
    33. 108. 44. 6. 122. 41. 2. 3. 17. 79. 77. 58. 15. 4. 2. 24. 81.
    122. 74. 12. 8. 8. 3. 4. 6. 3. 2. 2. 65. 34. 1. 0. 88. 122. 44. 28.
    122. 18. 1. 50. 65. 36. 42. 104. 19. 10. 5. 122. 122. 23. 3. 4. 28.
    24. 4. 10. 11. 2. 0. 1. 57. 82. 33. 5. 4. 24. 41. 18. 6. 12. 29.
    122. 85. 11. 44. 38. 3. 0. 3. 104. 85. 7. 7. 9. 22. 3. 0. 1. 4. 3.
    4. 18. 0. 0. 0. 1. 0. 0. 0. 0. 0. 0. 9. 11. 0. 0. 0. 0. 0. 0. 38.
    34. 0. 0. 0. 0. 3. 4. 70. 45. 1. 0. 0. 1. 0. 0. 0. 10. 12. 1. 0. 0.
    8. 1. 44. 102. 47. 4. 0. 1. 48. 6. 84. 78. 7. 18. 64. 66. 27. 5. 49.
    49. 11. 93. 112. 63. 0. 0. 0. 2. 20. 7. 0. 0. 18. 9. 5. 21. 126. 66.
    0. 2. 126. 126. 53. 11. 37. 26. 37. 67. 94. 66. 58. 24. 31. 83. 75.
    126. 0. 0. 0. 0. 4. 3. 0. 0. 0. 2. 1. 1. 98. 71. 0. 0. 49. 87. 31.
    3. 75. 60. 5. 43. 126. 48. 26. 3. 2. 0. 1. 126. 6. 1. 2. 128. 126.
    37. 20. 11. 47. 14. 4. 99. 79. 128. 25. 5. 128. 40. 1. 1. 2. 7. 1.
