<?xml version="1.0"?>
<opencv_storage>
<keypoints type_id="opencv-matrix">
  <rows>28</rows>
  <cols>7</cols>
  <dt>d</dt>
  <data>
    1.6157024383544922e+01 2.9356174468994141e+01 3.2641067504882813e+00
    3.7518920898437500e+00 6.0310699045658112e-02 9765887. -1.
    1.6196582794189453e+01 3.5332073211669922e+01 3.1861665248870850e+00
    3.5122619628906250e+02 7.3077812790870667e-02 8061951. -1.
    1.9808645248413086e+01 3.0839275360107422e+01 2.5991191864013672e+00
    1.8604937744140625e+02 6.6798359155654907e-02 10027775. -1.
    2.1419620513916016e+01 2.3315517425537109e+01 1.9968904256820679e+00
    6.7908020019531250e+00 7.0324607193470001e-02 7668223. -1.
    2.1419620513916016e+01 2.3315517425537109e+01 1.9968904256820679e+00
    7.7240905761718750e+01 7.0324607193470001e-02 7668223. -1.
    2.2813312530517578e+01 2.7500143051147461e+01 3.2496190071105957e+00
    8.1869232177734375e+01 4.5460447669029236e-02 9438207. -1.
    2.2813312530517578e+01 2.7500143051147461e+01 3.2496190071105957e+00
    2.5000949096679688e+02 4.5460447669029236e-02 9438207. -1.
    2.2813312530517578e+01 2.7500143051147461e+01 3.2496190071105957e+00
    2.9236605834960938e+02 4.5460447669029236e-02 9438207. -1.
    2.2835857391357422e+01 3.6485591888427734e+01 2.5225653648376465e+00
    2.7165032958984375e+02 6.0394559055566788e-02 7865087. -1.
    2.5786266326904297e+01 3.3790248870849609e+01 2.5492303371429443e+00
    9.0615234375000000e+00 5.6093886494636536e-02 8651519. -1.
    2.5788431167602539e+01 3.0654878616333008e+01 2.4883773326873779e+00
    2.3775643920898438e+02 6.3488833606243134e-02 6882047. -1.
    2.5788431167602539e+01 3.0654878616333008e+01 2.4883773326873779e+00
    3.0608590698242188e+02 6.3488833606243134e-02 6882047. -1.
    2.5806331634521484e+01 2.4712398529052734e+01 1.5147944450378418e+01
    3.3295745849609375e+01 8.7910704314708710e-02 3801346. -1.
    2.5806907653808594e+01 2.3206686019897461e+01 1.9149751663208008e+00
    1.2192321777343750e+01 7.5466282665729523e-02 4653567. -1.
    2.5806907653808594e+01 2.3206686019897461e+01 1.9149751663208008e+00
    2.2995957946777344e+02 7.5466282665729523e-02 4653567. -1.
    2.5806907653808594e+01 2.3206686019897461e+01 1.9149751663208008e+00
    2.9111175537109375e+02 7.5466282665729523e-02 4653567. -1.
    2.5806907653808594e+01 2.3206686019897461e+01 1.9149751663208008e+00
    3.4191156005859375e+02 7.5466282665729523e-02 4653567. -1.
    2.5881088256835938e+01 1.7674398422241211e+01 8.1652393341064453e+00
    2.8682586669921875e+01 7.8726388514041901e-02 9240833. -1.
    2.5881088256835938e+01 1.7674398422241211e+01 8.1652393341064453e+00
    1.4977983093261719e+02 7.8726388514041901e-02 9240833. -1.
    2.8764017105102539e+01 2.7526514053344727e+01 3.3266556262969971e+00
    9.6564361572265625e+01 4.4459659606218338e-02 11142143. -1.
    2.8764017105102539e+01 2.7526514053344727e+01 3.3266556262969971e+00
    2.4661270141601563e+02 4.4459659606218338e-02 11142143. -1.
    2.8764017105102539e+01 2.7526514053344727e+01 3.3266556262969971e+00
    2.9523199462890625e+02 4.4459659606218338e-02 11142143. -1.
    2.8806898117065430e+01 3.6448509216308594e+01 2.6741197109222412e+00
    2.6995593261718750e+02 5.9555236250162125e-02 12059391. -1.
    3.0160543441772461e+01 2.3384536743164063e+01 1.9159635305404663e+00
    1.0662945556640625e+02 7.1012899279594421e-02 4653567. -1.
    3.0160543441772461e+01 2.3384536743164063e+01 1.9159635305404663e+00
    1.7099179077148438e+02 7.1012899279594421e-02 4653567. -1.
    3.1945501327514648e+01 3.0875972747802734e+01 2.6302535533905029e+00
    3.5226998901367188e+02 6.6680856049060822e-02 10879743. -1.
    3.5522632598876953e+01 2.9216856002807617e+01 2.9832971096038818e+00
    1.7394363403320313e+02 6.5127789974212646e-02 3277823. -1.
    3.5615081787109375e+01 3.5828880310058594e+01 3.2405154705047607e+00
    1.8295217895507813e+02 7.5913183391094208e-02 9241599. -1.</data></keypoints>
<descriptors type_id="opencv-matrix">
  <rows>28</rows>
  <cols>128</cols>
  <dt>f</dt>
  <data>
    10. 0. 0. 0. 0. 0. 0. 8. 129. 0. 0. 0. 0. 0. 0. 95. 135. 22. 19. 1.
    0. 1. 15. 74. 4. 17. 55. 11. 1. 6. 36. 16. 50. 1. 0. 0. 0. 0. 0. 15.
    135. 3. 0. 2. 2. 0. 1. 135. 55. 21. 41. 32. 13. 0. 20. 135. 3. 33.
    69. 40. 3. 4. 42. 18. 66. 8. 0. 0. 0. 0. 0. 1. 135. 54. 1. 4. 12. 0.
    0. 13. 74. 34. 28. 48. 122. 15. 2. 12. 30. 37. 38. 36. 30. 17. 4.
    13. 21. 12. 0. 0. 0. 0. 0. 0. 117. 135. 43. 2. 2. 0. 0. 0. 21. 56.
    135. 22. 33. 10. 2. 5. 10. 13. 135. 11. 6. 12. 3. 10. 28. 0. 0. 0.
    0. 0. 0. 10. 138. 0. 0. 1. 1. 0. 3. 138. 58. 15. 24. 40. 13. 0. 25.
    135. 5. 49. 52. 18. 1. 5. 37. 16. 63. 4. 0. 0. 0. 0. 0. 6. 138. 45.
    6. 5. 7. 0. 0. 47. 90. 28. 26. 71. 122. 7. 3. 23. 34. 45. 40. 37.
    31. 12. 4. 22. 24. 19. 0. 0. 0. 0. 0. 0. 104. 138. 82. 2. 2. 0. 0.
    1. 16. 131. 138. 18. 28. 5. 3. 9. 10. 62. 138. 6. 16. 15. 5. 20. 0.
    2. 0. 0. 0. 0. 0. 0. 0. 23. 23. 0. 0. 0. 0. 0. 0. 40. 86. 0. 0. 0.
    0. 0. 0. 38. 121. 0. 0. 0. 0. 0. 6. 19. 9. 11. 7. 4. 123. 23. 9. 16.
    6. 23. 25. 14. 123. 13. 44. 22. 4. 4. 16. 39. 123. 28. 2. 0. 0. 0.
    99. 114. 34. 1. 56. 38. 11. 20. 52. 14. 4. 11. 58. 27. 6. 25. 101.
    37. 8. 12. 123. 37. 3. 5. 52. 19. 6. 22. 15. 1. 0. 0. 123. 55. 0. 2.
    26. 1. 2. 1. 18. 60. 73. 71. 22. 1. 7. 6. 19. 92. 88. 68. 68. 1. 11.
    52. 30. 25. 56. 74. 7. 0. 6. 83. 123. 12. 0. 3. 3. 15. 53. 29. 4.
    11. 22. 12. 4. 16. 74. 47. 7. 11. 15. 11. 3. 8. 35. 91. 66. 7. 9. 4.
    0. 0. 5. 105. 83. 1. 0. 0. 115. 2. 0. 0. 0. 0. 0. 101. 107. 19. 44.
    10. 0. 0. 0. 81. 2. 22. 65. 28. 1. 0. 0. 8. 0. 20. 75. 30. 1. 0. 0.
    0. 115. 21. 2. 3. 1. 0. 0. 30. 81. 47. 72. 74. 44. 14. 3. 7. 43. 89.
    75. 60. 36. 15. 5. 15. 34. 51. 54. 56. 37. 20. 11. 20. 115. 13. 0.
    0. 1. 1. 15. 82. 75. 9. 3. 6. 30. 60. 83. 65. 35. 9. 2. 4. 14. 45.
    100. 109. 14. 4. 9. 6. 12. 48. 96. 61. 43. 1. 2. 13. 8. 1. 43. 115.
    16. 31. 87. 44. 9. 2. 26. 42. 2. 61. 55. 46. 7. 2. 25. 16. 2. 28.
    80. 82. 12. 2. 10. 3. 8. 5. 0. 11. 27. 2. 0. 1. 0. 2. 16. 69. 108.
    53. 10. 1. 58. 53. 32. 18. 10. 24. 36. 51. 52. 17. 5. 38. 27. 4. 2.
    27. 12. 55. 12. 46. 37. 2. 0. 0. 4. 16. 58. 112. 77. 46. 14. 3. 99.
    68. 32. 8. 2. 16. 36. 68. 38. 5. 3. 23. 64. 40. 3. 28. 2. 112. 105.
    14. 23. 4. 0. 0. 4. 42. 96. 25. 52. 62. 40. 15. 100. 68. 22. 8. 5.
    8. 31. 88. 27. 8. 21. 112. 59. 12. 0. 7. 0. 112. 67. 0. 0. 0. 0. 0.
    5. 110. 112. 0. 0. 1. 1. 1. 99. 112. 37. 2. 4. 2. 1. 4. 27. 22. 5.
    19. 57. 78. 17. 2. 3. 1. 0. 13. 70. 19. 40. 51. 61. 7. 1. 13. 41.
    14. 19. 41. 16. 2. 17. 54. 80. 55. 13. 20. 4. 23. 42. 19. 23. 25.
    38. 15. 12. 23. 8. 49. 109. 5. 1. 5. 106. 15. 3. 27. 55. 11. 2. 36.
    16. 5. 22. 94. 115. 55. 12. 7. 9. 39. 36. 26. 39. 17. 32. 22. 9.
    115. 115. 44. 26. 1. 0. 2. 94. 90. 25. 34. 32. 7. 1. 9. 9. 15. 27.
    99. 88. 64. 33. 3. 7. 34. 28. 32. 58. 16. 42. 18. 1. 115. 87. 0. 0.
    0. 0. 0. 27. 115. 73. 1. 5. 6. 1. 0. 5. 66. 115. 5. 14. 52. 47. 1.
    2. 6. 63. 68. 70. 21. 45. 4. 83. 21. 27. 3. 4. 13. 18. 104. 21. 86.
    55. 2. 3. 60. 85. 15. 11. 16. 1. 0. 63. 119. 56. 4. 0. 0. 0. 0. 18.
    119. 16. 0. 47. 17. 39. 18. 11. 38. 18. 48. 85. 56. 21. 4. 7. 18.
    44. 111. 29. 10. 1. 20. 108. 84. 15. 52. 6. 0. 0. 3. 19. 119. 85.
    26. 27. 29. 36. 11. 10. 49. 41. 33. 116. 31. 5. 17. 23. 5. 30. 119.
    47. 5. 4. 64. 89. 7. 5. 45. 54. 1. 1. 2. 27. 55. 24. 89. 38. 36. 28.
    5. 3. 27. 55. 30. 66. 22. 22. 51. 26. 1. 9. 41. 67. 13. 14. 38. 36.
    4. 3. 39. 50. 5. 26. 50. 15. 3. 1. 33. 2. 2. 11. 3. 0. 2. 124. 124.
    1. 6. 10. 1. 0. 83. 124. 30. 11. 3. 0. 0. 3. 32. 124. 55. 15. 2. 0.
    0. 0. 61. 124. 31. 24. 26. 84. 60. 3. 4. 37. 50. 101. 67. 46. 7. 6.
    42. 36. 27. 48. 23. 2. 2. 45. 92. 34. 17. 91. 54. 1. 1. 4. 25. 32.
    17. 53. 38. 16. 35. 13. 11. 39. 18. 94. 106. 44. 17. 6. 5. 15. 42.
    57. 52. 5. 3. 64. 71. 4. 9. 63. 78. 9. 9. 22. 21. 3. 3. 87. 79. 4.
    16. 8. 8. 23. 6. 40. 36. 36. 31. 6. 6. 36. 44. 52. 79. 23. 17. 37.
