<?xml version="1.0"?>
<opencv_storage>
<keypoints type_id="opencv-matrix">
  <rows>75</rows>
  <cols>7</cols>
  <dt>d</dt>
  <data>
    2.3059816360473633e+00 7.9157508850097656e+01 1.9260448217391968e+00
    2.2696336364746094e+02 2.9298802837729454e-02 5046783. -1.
    4.0253176689147949e+00 7.3562950134277344e+01 3.5268256664276123e+00
    1.9878451538085938e+02 1.9473809748888016e-02 15401983. -1.
    4.2004165649414063e+00 8.1765419006347656e+01 3.1710419654846191e+00
    2.3601226806640625e+02 2.8466170653700829e-02 7668735. -1.
    8.9582347869873047e+00 7.4015708923339844e+01 3.1236829757690430e+00
    3.4827853393554688e+02 4.1130155324935913e-02 6620159. -1.
    1.0175240516662598e+01 8.5556930541992188e+01 2.5877685546875000e+00
    3.1278976440429688e+02 5.0211366266012192e-02 9700095. -1.
    1.0291677474975586e+01 1.5452459335327148e+01 2.9053056240081787e+00
    6.5359863281250000e+01 6.9233715534210205e-02 1377279. -1.
    1.0291677474975586e+01 1.5452459335327148e+01 2.9053056240081787e+00
    2.8266015625000000e+02 6.9233715534210205e-02 1377279. -1.
    1.0382024765014648e+01 9.5432643890380859e+00 4.0726366043090820e+00
    3.1539459228515625e+01 3.4108515828847885e-02 9109760. -1.
    1.0382024765014648e+01 9.5432643890380859e+00 4.0726366043090820e+00
    6.2155914306640625e+01 3.4108515828847885e-02 9109760. -1.
    1.2026679992675781e+01 8.1826105117797852e+00 2.5998854637145996e+00
    2.5503356933593750e+01 3.4225609153509140e-02 10027775. -1.
    1.2899362564086914e+01 2.2745311737060547e+01 2.4637382030487061e+00
    2.4673278808593750e+01 4.9751292914152145e-02 6161151. -1.
    1.5609354019165039e+01 2.4321186065673828e+01 1.8316227197647095e+00
    2.6332031250000000e+01 6.5095573663711548e-02 1442303. -1.
    1.5629448890686035e+01 1.0567994117736816e+01 3.0649347305297852e+00
    2.2097656250000000e+01 6.1853833496570587e-02 5243903. -1.
    1.5629448890686035e+01 1.0567994117736816e+01 3.0649347305297852e+00
    1.6050161743164063e+02 6.1853833496570587e-02 5243903. -1.
    1.5665733337402344e+01 7.4719902038574219e+01 6.2234849929809570e+00
    1.6885247802734375e+02 6.2642514705657959e-02 6357760. -1.
    1.5665733337402344e+01 7.4719902038574219e+01 6.2234849929809570e+00
    1.9359877014160156e+02 6.2642514705657959e-02 6357760. -1.
    1.5762492179870605e+01 1.3018651008605957e+01 1.8195780515670776e+00
    1.8764004516601563e+02 5.9073951095342636e-02 918015. -1.
    1.5762492179870605e+01 1.3018651008605957e+01 1.8195780515670776e+00
    3.3097860717773438e+02 5.9073951095342636e-02 918015. -1.
    1.7394962310791016e+01 4.5696956634521484e+01 2.0584819316864014e+00
    2.9095458984375000e+00 4.4483840465545654e-02 9896447. -1.
    1.7909511566162109e+01 6.6178672790527344e+01 1.9056427478790283e+00
    1.6051150512695313e+02 6.3366331160068512e-02 4260351. -1.
    1.7917007446289063e+01 2.1454284667968750e+01 1.8857971429824829e+00
    1.7676667785644531e+02 6.1783514916896820e-02 3539455. -1.
    1.9020759582519531e+01 8.4656593322753906e+01 3.0499651432037354e+00
    1.2301383972167969e+02 1.7772052437067032e-02 4916223. -1.
    1.9522813796997070e+01 8.5162553787231445e+00 2.8054382801055908e+00
    1.6195166015625000e+02 3.5637557506561279e-02 15532799. -1.
    2.0686544418334961e+01 1.5416129112243652e+01 2.5861899852752686e+00
    1.2398200988769531e+02 6.3946962356567383e-02 9634559. -1.
    2.0686544418334961e+01 1.5416129112243652e+01 2.5861899852752686e+00
    2.8454583740234375e+02 6.3946962356567383e-02 9634559. -1.
    2.2940166473388672e+01 2.4921808242797852e+01 2.5428524017333984e+00
    4.5675231933593750e+01 2.0441865548491478e-02 8454911. -1.
    2.3117120742797852e+01 4.9252685546875000e+01 5.7925400733947754e+00
    3.3718850708007813e+02 1.9003169611096382e-02 1114880. -1.
    2.4735813140869141e+01 1.3723884582519531e+01 2.2858881950378418e+00
    1.2422412109375000e+02 4.6726983040571213e-02 721663. -1.
    2.4857881546020508e+01 5.5684246063232422e+01 2.6087951660156250e+00
    3.2889001464843750e+02 3.0172998085618019e-02 10289919. -1.
    2.5675830841064453e+01 8.2445472717285156e+01 1.9964306354522705e+00
    6.6138732910156250e+01 3.7844344973564148e-02 7668223. -1.
    2.5675830841064453e+01 8.2445472717285156e+01 1.9964306354522705e+00
    1.0004275512695313e+02 3.7844344973564148e-02 7668223. -1.
    2.6034248352050781e+01 6.7020492553710938e+01 3.4451310634613037e+00
    3.4036370849609375e+02 7.5075574219226837e-02 13698047. -1.
    2.6184667587280273e+01 3.0618637084960938e+01 2.8252582550048828e+00
    2.4544433593750000e+01 2.0919555798172951e-02 16057087. -1.
    2.8126277923583984e+01 1.6594203948974609e+01 3.3107316493988037e+00
    4.3671600341796875e+01 3.4860461950302124e-02 10814463. -1.
    2.8826213836669922e+01 7.9183052062988281e+01 4.8249502182006836e+00
    2.9067102050781250e+02 5.7726211845874786e-02 4653568. -1.
    3.0093366622924805e+01 8.5721130371093750e+01 1.9597872495651245e+00
    3.1061065673828125e+01 6.0131251811981201e-02 6291967. -1.
    3.0093366622924805e+01 8.5721130371093750e+01 1.9597872495651245e+00
    2.0419000244140625e+02 6.0131251811981201e-02 6291967. -1.
    3.0384147644042969e+01 7.1469573974609375e+01 6.3392248153686523e+00
    2.9362094116210938e+02 6.1255130916833878e-02 7668480. -1.
    3.3169750213623047e+01 1.1912384033203125e+01 4.4299926757812500e+00
    4.7997131347656250e+01 3.3820454031229019e-02 15139072. -1.
    3.4960487365722656e+01 7.5476600646972656e+01 2.1685342788696289e+00
    1.9570712280273438e+02 6.6941037774085999e-02 13631999. -1.
    3.5878566741943359e+01 6.0029235839843750e+01 4.7324953079223633e+00
    9.6640594482421875e+01 4.7972954809665680e-02 3211776. -1.
    3.6844463348388672e+01 3.9543945312500000e+01 3.5622279644012451e+00
    1.8240750122070313e+02 2.0835155621170998e-02 16122879. -1.
    3.6844463348388672e+01 3.9543945312500000e+01 3.5622279644012451e+00
    3.1121002197265625e+02 2.0835155621170998e-02 16122879. -1.
    3.7765861511230469e+01 7.9726138114929199e+00 2.9652156829833984e+00
    6.6492492675781250e+01 3.3010695129632950e-02 2819071. -1.
    3.8380020141601563e+01 1.6956138610839844e+01 3.0808026790618896e+00
    1.2328398132324219e+02 4.9117960035800934e-02 5637119. -1.
    3.8380020141601563e+01 1.6956138610839844e+01 3.0808026790618896e+00
    3.2046426391601563e+02 4.9117960035800934e-02 5637119. -1.
    4.2235363006591797e+01 1.0020659446716309e+01 8.1818075180053711e+00
    7.7289123535156250e+01 3.2663051038980484e-02 9437441. -1.
    4.3994148254394531e+01 4.9944736480712891e+01 2.0655462741851807e+00
    1.9787635803222656e+02 3.1293079257011414e-02 10093055. -1.
    4.3994148254394531e+01 4.9944736480712891e+01 2.0655462741851807e+00
    3.5582534790039063e+02 3.1293079257011414e-02 10093055. -1.
    4.5433288574218750e+01 2.4874923706054688e+01 2.7519353866577148e+01
    3.5847534179687500e+01 4.1416868567466736e-02 13566722. -1.
    4.7735004425048828e+01 4.5568382263183594e+01 3.4284965991973877e+00
    1.9019453430175781e+02 2.1883800625801086e-02 13370367. -1.
    4.7735004425048828e+01 4.5568382263183594e+01 3.4284965991973877e+00
    2.7312240600585938e+02 2.1883800625801086e-02 13370367. -1.
    4.7735004425048828e+01 4.5568382263183594e+01 3.4284965991973877e+00
    3.2460061645507813e+02 2.1883800625801086e-02 13370367. -1.
    4.9303123474121094e+01 8.2222312927246094e+01 4.0391821861267090e+00
    3.0936477661132813e+02 4.9183145165443420e-02 8519936. -1.
    5.2096313476562500e+01 5.7479465484619141e+01 2.9719686508178711e+00
    9.7013946533203125e+01 5.1981154829263687e-02 3015679. -1.
    5.2557044982910156e+01 5.3506778717041016e+01 2.2394404411315918e+00
    9.9774932861328125e+01 6.5800644457340240e-02 15991295. -1.
    5.3802898406982422e+01 4.2252563476562500e+01 4.2576460838317871e+00
    3.1583227539062500e+02 1.6686437651515007e-02 12321024. -1.
    5.9221652984619141e+01 5.6704402923583984e+01 1.9714920520782471e+00
