<?xml version="1.0"?>
<opencv_storage>
<keypoints type_id="opencv-matrix">
  <rows>12</rows>
  <cols>7</cols>
  <dt>d</dt>
  <data>
    2.2627927780151367e+01 5.4564945220947266e+01 2.6864426136016846e+00
    3.5086343383789063e+02 6.8293869495391846e-02 12387071. -1.
    2.2717311859130859e+01 2.9347827911376953e+01 2.7415432929992676e+00
    7.0493164062500000e+00 6.9205716252326965e-02 13894399. -1.
    2.2717311859130859e+01 2.9347827911376953e+01 2.7415432929992676e+00
    6.8699432373046875e+01 6.9205716252326965e-02 13894399. -1.
    2.8475553512573242e+01 2.8771568298339844e+01 2.1510186195373535e+00
    2.6312374877929688e+02 7.9002313315868378e-02 13042175. -1.
    3.2058486938476563e+01 2.5097166061401367e+01 2.0544469356536865e+00
    8.6426513671875000e+01 7.9664312303066254e-02 9699839. -1.
    3.5824916839599609e+01 2.5106622695922852e+01 2.1301238536834717e+00
    9.4781188964843750e+01 7.7380336821079254e-02 12321279. -1.
    3.9192523956298828e+01 2.8754510879516602e+01 1.9396547079086304e+00
    2.7723156738281250e+02 8.3054192364215851e-02 5571071. -1.
    5.2603553771972656e+01 3.4230010986328125e+01 2.2095797061920166e+00
    8.4208984375000000e+00 9.1725356876850128e-02 15008255. -1.
    5.2603553771972656e+01 3.4230010986328125e+01 2.2095797061920166e+00
    2.7034289550781250e+02 9.1725356876850128e-02 15008255. -1.
    5.7261463165283203e+01 2.9246482849121094e+01 2.5523757934570313e+00
    1.2685563659667969e+02 6.7922130227088928e-02 8717055. -1.
    5.7534084320068359e+01 5.4522556304931641e+01 2.7243847846984863e+00
    1.9017930603027344e+02 6.7053101956844330e-02 13435647. -1.
    5.7534084320068359e+01 5.4522556304931641e+01 2.7243847846984863e+00
    2.5905654907226563e+02 6.7053101956844330e-02 13435647. -1.</data></keypoints>
<descriptors type_id="opencv-matrix">
  <rows>12</rows>
  <cols>128</cols>
  <dt>f</dt>
  <data>
    12. 0. 0. 0. 0. 0. 0. 3. 137. 0. 0. 4. 16. 0. 0. 56. 58. 0. 0. 53.
    137. 1. 0. 15. 4. 2. 0. 10. 42. 1. 1. 0. 31. 1. 0. 0. 0. 0. 0. 4.
    137. 37. 2. 2. 26. 11. 0. 46. 44. 13. 6. 17. 137. 129. 54. 9. 0. 0.
    1. 2. 16. 58. 137. 0. 13. 7. 0. 0. 0. 0. 0. 0. 95. 137. 49. 0. 1. 4.
    0. 1. 11. 122. 137. 1. 6. 57. 43. 0. 0. 42. 137. 0. 0. 39. 128. 0.
    0. 1. 0. 0. 0. 0. 0. 0. 0. 18. 15. 0. 0. 0. 0. 0. 0. 26. 78. 0. 0.
    0. 0. 0. 0. 26. 101. 0. 0. 0. 0. 0. 0. 0. 0. 0. 0. 0. 0. 1. 0. 0. 0.
    0. 0. 0. 14. 18. 2. 0. 0. 0. 0. 0. 77. 31. 44. 8. 6. 1. 1. 3. 55.
    72. 13. 0. 0. 0. 0. 0. 0. 7. 98. 2. 1. 4. 1. 0. 49. 140. 12. 1. 50.
    53. 3. 2. 140. 133. 10. 5. 66. 81. 41. 35. 121. 21. 32. 3. 0. 0. 0.
    0. 0. 1. 140. 40. 1. 15. 27. 1. 2. 37. 43. 9. 78. 140. 140. 10. 7.
    15. 1. 0. 112. 95. 18. 2. 1. 1. 15. 3. 0. 0. 0. 0. 0. 0. 140. 45. 0.
    0. 25. 4. 0. 0. 52. 10. 0. 3. 140. 40. 0. 0. 8. 0. 2. 2. 33. 6. 0.
    4. 8. 4. 0. 0. 0. 0. 0. 3. 119. 33. 6. 3. 4. 1. 5. 99. 37. 4. 3. 38.
    127. 64. 27. 62. 8. 10. 0. 11. 57. 16. 0. 0. 29. 2. 0. 0. 0. 0. 0.
    6. 127. 44. 3. 3. 22. 4. 0. 92. 47. 16. 6. 56. 127. 102. 22. 26. 0.
    1. 0. 12. 36. 71. 53. 0. 13. 8. 0. 0. 0. 0. 0. 0. 86. 127. 50. 0. 4.
    2. 0. 1. 9. 127. 127. 0. 19. 83. 34. 0. 0. 59. 67. 0. 1. 124. 125.
    0. 0. 1. 0. 0. 0. 0. 0. 0. 0. 18. 12. 0. 0. 0. 0. 0. 0. 64. 69. 0.
    0. 0. 0. 0. 0. 94. 105. 0. 0. 3. 3. 0. 4. 41. 137. 0. 0. 1. 4. 0.
    108. 119. 72. 1. 7. 10. 15. 5. 40. 17. 0. 11. 137. 65. 7. 1. 0. 0.
    0. 4. 74. 11. 0. 0. 27. 6. 10. 0. 0. 0. 0. 2. 137. 34. 5. 8. 13. 0.
    0. 27. 75. 9. 3. 74. 137. 3. 1. 6. 0. 0. 0. 13. 81. 7. 3. 0. 15. 6.
    0. 0. 2. 12. 1. 0. 119. 131. 47. 15. 3. 0. 0. 2. 45. 44. 59. 85. 87.
    18. 36. 34. 3. 0. 0. 3. 57. 82. 54. 13. 0. 1. 0. 0. 34. 51. 0. 0.
    26. 24. 13. 0. 1. 1. 2. 5. 137. 13. 11. 4. 19. 6. 9. 60. 21. 0. 0.
    18. 137. 29. 11. 16. 16. 0. 0. 0. 0. 0. 0. 4. 143. 0. 0. 0. 7. 7.
    27. 100. 36. 11. 19. 18. 136. 46. 48. 43. 6. 15. 84. 60. 34. 1. 0.
    0. 37. 1. 0. 0. 0. 0. 0. 2. 143. 22. 4. 8. 21. 1. 0. 29. 59. 8. 5.
    52. 143. 10. 4. 8. 0. 0. 4. 9. 66. 15. 10. 0. 20. 6. 0. 0. 0. 0. 0.
    0. 129. 128. 62. 17. 4. 0. 0. 1. 57. 38. 68. 75. 82. 20. 41. 47. 6.
    0. 0. 1. 53. 118. 74. 24. 1. 2. 0. 0. 0. 0. 0. 0. 29. 24. 16. 0. 0.
    0. 0. 2. 143. 12. 12. 1. 10. 5. 6. 54. 41. 0. 0. 5. 143. 44. 10. 22.
    0. 0. 0. 0. 0. 0. 0. 1. 37. 3. 0. 0. 0. 0. 11. 20. 142. 54. 9. 6.
    20. 1. 7. 13. 44. 19. 12. 37. 142. 13. 0. 2. 16. 0. 0. 0. 0. 0. 0.
    5. 120. 1. 0. 0. 5. 13. 58. 134. 66. 39. 56. 30. 92. 57. 63. 50. 9.
    21. 85. 112. 51. 1. 0. 0. 30. 3. 0. 0. 0. 0. 0. 1. 142. 34. 0. 1.
    21. 8. 4. 25. 64. 9. 3. 11. 142. 60. 6. 10. 0. 1. 7. 10. 60. 16. 8.
    0. 12. 3. 0. 0. 0. 0. 0. 0. 142. 98. 27. 8. 6. 0. 0. 0. 45. 41. 52.
    60. 119. 15. 18. 17. 10. 0. 0. 1. 35. 78. 73. 23. 0. 0. 0. 0. 11.
    53. 1. 0. 20. 5. 1. 0. 0. 1. 10. 12. 128. 50. 5. 3. 6. 1. 6. 11. 29.
    18. 9. 27. 128. 13. 0. 0. 6. 1. 0. 0. 74. 128. 2. 8. 59. 1. 0. 0. 7.
    18. 63. 121. 46. 25. 24. 16. 54. 54. 77. 47. 6. 14. 57. 89. 47. 3.
    0. 0. 27. 5. 0. 12. 128. 51. 0. 2. 128. 29. 0. 3. 37. 13. 6. 32. 57.
    7. 1. 3. 128. 71. 10. 11. 0. 0. 4. 12. 90. 15. 0. 0. 16. 4. 1. 64.
    125. 0. 0. 2. 128. 42. 1. 10. 22. 1. 0. 0. 74. 14. 0. 0. 128. 35. 0.
    0. 0. 0. 0. 0. 100. 19. 0. 0. 0. 0. 93. 21. 0. 0. 108. 25. 1. 1.
    114. 28. 0. 1. 102. 24. 6. 32. 114. 20. 1. 8. 75. 13. 15. 39. 18. 0.
    54. 81. 25. 0. 11. 4. 114. 32. 0. 3. 2. 2. 74. 20. 107. 19. 2. 12.
    27. 67. 49. 34. 55. 26. 38. 83. 36. 19. 114. 56. 5. 1. 78. 22. 0. 1.
    14. 7. 3. 1. 3. 103. 25. 1. 77. 98. 57. 14. 4. 14. 4. 17. 41. 34.
    76. 102. 40. 18. 4. 5. 114. 48. 3. 7. 52. 12. 0. 0. 7. 30. 1. 0. 29.
    114. 6. 0. 0. 10. 16. 2. 39. 63. 0. 0. 27. 10. 20. 10. 1. 0. 0. 0.
    114. 38. 1. 0. 21. 5. 0. 0. 0. 0. 78. 98. 0. 0. 14. 15. 0. 0. 20.
    116. 7. 1. 14. 7. 116. 1. 0. 12. 3. 3. 12. 4. 116. 1. 0. 0. 83. 1.
    0. 1. 17. 2. 40. 23. 0. 0. 0. 10. 58. 13. 6. 10. 4. 19. 72. 91. 97.
    3. 2. 11. 25. 74. 69. 23. 116. 1. 0. 0. 104. 2. 1. 5. 20. 7. 0. 0.
    0. 0. 70. 5. 75. 87. 38. 18. 4. 5. 60. 24. 70. 17. 39. 74. 32. 20.
    42. 28. 116. 3. 1. 5. 101. 1. 3. 23. 0. 0. 56. 0. 0. 0. 116. 3. 2.
    5. 77. 2. 0. 0. 116. 7. 10. 1. 78. 8. 0. 1. 116. 43. 21. 0. 33. 76.
    44. 0. 11. 36. 0. 0. 0. 0. 0. 0. 0. 1. 2. 0. 0. 0. 0. 0. 7. 61. 0.
    0. 1. 7. 0. 0. 44. 127. 0. 0. 14. 82. 1. 0. 31. 127. 12. 0. 0. 0. 0.
    0. 0. 5. 127. 8. 0. 0. 3. 0. 6. 127. 34. 3. 8. 99. 59. 11. 25. 127.
    15. 2. 21. 127. 19. 26. 29. 36. 14. 5. 0. 0. 0. 0. 0. 1. 127. 127.
    0. 0. 3. 1. 0. 14. 66. 115. 1. 19. 91. 107. 2. 8. 32. 26. 37. 34.
    42. 77. 12. 21. 1. 2. 0. 0. 0. 0. 0. 0. 25. 92. 0. 0. 0. 0. 0. 0.
    55. 127. 0. 0. 9. 34. 0. 0. 9. 41. 8. 9. 51. 127. 0. 0. 0. 0. 0. 0.
    0. 0. 0. 1. 0. 0. 0. 0. 0. 0. 16. 17. 0. 0. 0. 0. 0. 0. 77. 27. 0.
    0. 0. 0. 0. 0. 101. 29. 15. 0. 0. 0. 0. 0. 0. 10. 89. 1. 0. 5. 2. 0.
    56. 136. 8. 0. 49. 59. 8. 0. 136. 119. 0. 0. 131. 43. 0. 0. 136. 44.
    37. 5. 0. 0. 0. 0. 0. 2. 136. 48. 0. 11. 34. 3. 2. 40. 36. 7. 59.
    124. 136. 21. 6. 13. 0. 0. 133. 54. 12. 2. 0. 1. 15. 4. 0. 0. 0. 0.
    0. 0. 136. 64. 0. 0. 20. 5. 0. 0. 54. 16. 0. 1. 136. 62. 0. 0. 6. 0.
    1. 1. 36. 10. 0. 2. 14. 0. 0. 0. 0. 0. 0. 4. 133. 0. 0. 5. 20. 0. 0.
    67. 49. 0. 0. 63. 133. 1. 0. 16. 1. 18. 1. 10. 33. 1. 1. 0. 38. 2.
    0. 0. 0. 0. 0. 6. 133. 42. 2. 3. 32. 15. 1. 52. 31. 13. 6. 20. 133.
    132. 66. 8. 0. 0. 1. 2. 11. 58. 133. 0. 15. 10. 0. 0. 0. 0. 0. 0.
    83. 133. 57. 0. 2. 5. 0. 1. 7. 127. 133. 0. 5. 57. 51. 0. 0. 50.
    133. 0. 0. 46. 132. 0. 0. 1. 0. 0. 0. 0. 0. 0. 0. 16. 15. 0. 0. 0.
    0. 0. 0. 28. 74. 0. 0. 0. 0. 0. 0. 32. 101. 0. 0. 0. 0. 0.</data></descriptors>
</opencv_storage>
