<?xml version="1.0"?>
<opencv_storage>
<keypoints type_id="opencv-matrix">
  <rows>40</rows>
  <cols>7</cols>
  <dt>d</dt>
  <data>
    5.5512860107421875e+02 3.0044546508789063e+02 3.2482952117919922e+01
    8.2744628906250000e+01 8.4744304418563843e-02 8847619. -1.
    5.6890234375000000e+02 2.8379495239257813e+02 6.1947374343872070e+00
    2.7517425537109375e+02 4.5217294245958328e-02 6030080. -1.
    5.6890234375000000e+02 2.8379495239257813e+02 6.1947374343872070e+00
    3.4087249755859375e+02 4.5217294245958328e-02 6030080. -1.
    5.7195727539062500e+02 2.8096237182617188e+02 1.9969319105148315e+00
    2.7698577880859375e+02 5.7740069925785065e-02 7668223. -1.
    5.7195727539062500e+02 2.8096237182617188e+02 1.9969319105148315e+00
    3.5411840820312500e+02 5.7740069925785065e-02 7668223. -1.
    5.7199853515625000e+02 3.2028579711914063e+02 1.9963550567626953e+00
    8.3265869140625000e+01 5.7832054793834686e-02 7668223. -1.
    5.9224530029296875e+02 3.0110794067382813e+02 1.5594756126403809e+01
    7.9745605468750000e+01 5.4120067507028580e-02 5898498. -1.
    5.9224530029296875e+02 3.0110794067382813e+02 1.5594756126403809e+01
    2.7991781616210938e+02 5.4120067507028580e-02 5898498. -1.
    6.4213507080078125e+02 3.1464154052734375e+02 1.9483982324600220e+00
    1.5981488037109375e+02 3.9489522576332092e-02 5898751. -1.
    6.5708038330078125e+02 3.2383956909179688e+02 1.5544725418090820e+01
    1.3523216247558594e+02 3.5178616642951965e-02 5701890. -1.
    6.6894970703125000e+02 3.3933071899414063e+02 1.9549896717071533e+00
    1.0664985656738281e+02 3.5814188420772552e-02 6160895. -1.
    6.7908355712890625e+02 3.0023162841796875e+02 5.4690925598144531e+01
    2.8174011230468750e+01 8.3217419683933258e-02 13107971. -1.
    6.7908355712890625e+02 3.0023162841796875e+02 5.4690925598144531e+01
    1.3625993347167969e+02 8.3217419683933258e-02 13107971. -1.
    6.7908355712890625e+02 3.0023162841796875e+02 5.4690925598144531e+01
    2.4488055419921875e+02 8.3217419683933258e-02 13107971. -1.
    6.8526892089843750e+02 5.0312347412109375e+02 2.2507015228271484e+01
    9.4179016113281250e+01 6.9917671382427216e-02 15729154. -1.
    6.8526892089843750e+02 5.0312347412109375e+02 2.2507015228271484e+01
    1.7580877685546875e+02 6.9917671382427216e-02 15729154. -1.
    7.0627447509765625e+02 5.0704632568359375e+02 1.6198776245117188e+01
    8.8799682617187500e+01 5.8079551905393600e-02 8651010. -1.
    7.5785290527343750e+02 5.1504919433593750e+02 1.9720470905303955e+00
    9.2544097900390625e+01 3.8630589842796326e-02 6750719. -1.
    7.7198815917968750e+02 5.1496136474609375e+02 2.1291558742523193e+00
    8.9967895507812500e+01 3.4588105976581573e-02 12321279. -1.
    7.9581329345703125e+02 3.3540917968750000e+02 1.8454010486602783e+00
    1.3553115844726563e+02 3.6185808479785919e-02 1966591. -1.
    8.0241296386718750e+02 3.3090023803710938e+02 2.5918958187103271e+00
    3.1017565917968750e+02 1.3471813872456551e-02 9831167. -1.
    8.2261920166015625e+02 2.5408074951171875e+02 2.5539011955261230e+00
    7.6398651123046875e+01 1.5407608821988106e-02 8782591. -1.
    8.2281036376953125e+02 3.4183068847656250e+02 2.8743765354156494e+00
    2.7841470336914063e+02 1.3681065291166306e-02 590847. -1.
    8.3177972412109375e+02 5.0304907226562500e+02 2.2403062820434570e+01
    9.2286407470703125e+01 5.4066084325313568e-02 15401474. -1.
    8.3749993896484375e+02 2.1777137756347656e+02 1.9200878143310547e+01
    1.9720222473144531e+02 6.2604285776615143e-02 4260354. -1.
    8.3749993896484375e+02 2.1777137756347656e+02 1.9200878143310547e+01
    2.7518017578125000e+02 6.2604285776615143e-02 4260354. -1.
    8.3946142578125000e+02 2.9362701416015625e+02 7.5759330749511719e+01
    2.2880596923828125e+02 7.2573468089103699e-02 3277316. -1.
    8.7600061035156250e+02 4.8276852416992188e+02 1.5100752830505371e+01
    2.3005570983886719e+02 3.5612002015113831e-02 3604738. -1.
    8.8748217773437500e+02 3.7954260253906250e+02 2.6186439990997314e+00
    1.8749894714355469e+02 4.8831332474946976e-02 10552063. -1.
    8.8751239013671875e+02 4.2711026000976563e+02 2.6501252651214600e+00
    1.7063597106933594e+02 4.8159167170524597e-02 11404031. -1.
    8.8905419921875000e+02 4.0113171386718750e+02 6.3446259498596191e+00
    1.8003938293457031e+02 3.7499163299798965e-02 7734016. -1.
    8.9933300781250000e+02 5.0881225585937500e+02 5.4099666595458984e+01
    1.1258721923828125e+02 8.3369374275207520e-02 12321539. -1.
    9.1022125244140625e+02 3.8376464843750000e+02 7.9328188896179199e+00
    3.5112423706054688e+02 4.0439203381538391e-02 7143681. -1.
    9.1319171142578125e+02 4.2738635253906250e+02 2.4611873626708984e+00
    1.4261169433593750e+01 4.9011088907718658e-02 6095615. -1.
    9.1321368408203125e+02 3.7942434692382813e+02 2.5868890285491943e+00
    3.5175158691406250e+02 4.9764584749937057e-02 9700095. -1.
    9.4887951660156250e+02 2.9806558227539063e+02 1.5206168174743652e+01
    1.0026599121093750e+02 5.4424308240413666e-02 4129026. -1.
    9.7227551269531250e+02 3.1463687133789063e+02 7.3140792846679688e+00
    9.8574859619140625e+01 4.1154310107231140e-02 1310977. -1.
    9.7227551269531250e+02 3.1463687133789063e+02 7.3140792846679688e+00
    1.4036053466796875e+02 4.1154310107231140e-02 1310977. -1.
    9.8517285156250000e+02 2.9873269653320313e+02 3.2277469635009766e+01
    9.9453094482421875e+01 8.4671124815940857e-02 8388867. -1.
    9.8517285156250000e+02 2.9873269653320313e+02 3.2277469635009766e+01
    2.6305358886718750e+02 8.4671124815940857e-02 8388867. -1.</data></keypoints>
