<?xml version="1.0"?>
<opencv_storage>
<keypoints type_id="opencv-matrix">
  <rows>113</rows>
  <cols>7</cols>
  <dt>d</dt>
  <data>
    3.7238292694091797 55.519355773925781 1.9164336919784546
    61.866119384765625 0.041157286614179611 4719103. -1.
    3.7238292694091797 55.519355773925781 1.9164336919784546
    216.72967529296875 0.041157286614179611 4719103. -1.
    5.6209163665771484 59.285343170166016 3.5519950389862061
    221.45655822753906 0.021884499117732048 15926271. -1.
    7.9799056053161621 11.167709350585938 2.2452340126037598
    0.403076171875 0.062287233769893646 16122367. -1. 8.3394947052001953
    18.676824569702148 2.2917141914367676 345.1922607421875
    0.082413151860237122 918271. -1. 8.6578397750854492
    73.041717529296875 2.5250229835510254 19.10980224609375
    0.053267709910869598 7930623. -1. 8.9594345092773438
    15.150521278381348 1.9026405811309814 298.312744140625
    0.059308234602212906 4194815. -1. 11.867547035217285
    11.03276538848877 2.6079425811767578 9.55975341796875
    0.052018102258443832 10289919. -1. 11.867547035217285
    11.03276538848877 2.6079425811767578 86.9552001953125
    0.052018102258443832 10289919. -1. 12.051090240478516
    7.1069602966308594 2.5341286659240723 86.766510009765625
    0.040054384618997574 8192767. -1. 12.097227096557617
    22.157995223999023 2.1105413436889648 301.7127685546875
    0.033085990697145462 11665919. -1. 14.597357749938965
    13.742549896240234 1.8797276020050049 128.19709777832031
    0.038217190653085709 3277311. -1. 15.828765869140625
    15.338910102844238 8.2590398788452148 99.033905029296875
    0.037573941051959991 10092801. -1. 15.828765869140625
    15.338910102844238 8.2590398788452148 200.16439819335938
    0.037573941051959991 10092801. -1. 15.828765869140625
    15.338910102844238 8.2590398788452148 282.80023193359375
    0.037573941051959991 10092801. -1. 15.836899757385254
    18.959930419921875 1.957640528678894 319.61566162109375
    0.087600678205490112 6226431. -1. 15.845160484313965
    21.834407806396484 1.8719888925552368 225.78465270996094
    0.080564722418785095 3015167. -1. 15.845160484313965
    21.834407806396484 1.8719888925552368 300.93148803710938
    0.080564722418785095 3015167. -1. 17.029369354248047
    27.167537689208984 2.6338231563568115 11.874053955078125
    0.014796550385653973 11010815. -1. 17.733222961425781
    82.994659423828125 2.507396936416626 6.1949462890625
    0.036569289863109589 7406335. -1. 19.109828948974609
    64.38751220703125 2.5923793315887451 161.33316040039063
    0.037897445261478424 9831167. -1. 19.729894638061523
    11.264711380004883 2.4551684856414795 27.989166259765625
    0.058528229594230652 5899007. -1. 19.729894638061523
    11.264711380004883 2.4551684856414795 89.23748779296875
    0.058528229594230652 5899007. -1. 19.729894638061523
    11.264711380004883 2.4551684856414795 175.68856811523438
    0.058528229594230652 5899007. -1. 19.760349273681641
    14.939538955688477 1.9391530752182007 128.047119140625
    0.071112938225269318 5571071. -1. 19.784334182739258
    8.0229549407958984 1.8317569494247437 85.072662353515625
    0.040136516094207764 1442303. -1. 19.906408309936523
    18.917087554931641 1.9961128234863281 197.59249877929688
    0.065346360206604004 7668223. -1. 19.906408309936523
    18.917087554931641 1.9961128234863281 251.98126220703125
    0.065346360206604004 7668223. -1. 21.58586311340332
    84.316902160644531 1.9767305850982666 5.386505126953125
    0.029555374756455421 6947327. -1. 22.930519104003906
    14.943739891052246 2.007502555847168 240.46282958984375
    0.061963904649019241 8061439. -1. 22.947811126708984
    79.5499267578125 2.0243790149688721 68.111846923828125
    0.049859348684549332 8651263. -1. 23.051141738891602
    31.678308486938477 3.036447286605835 258.77593994140625
    0.014896807260811329 4588543. -1. 23.358013153076172
    18.226922988891602 2.3345205783843994 200.24209594726563
    0.043405245989561081 2228991. -1. 23.358013153076172
    18.226922988891602 2.3345205783843994 237.55372619628906
    0.043405245989561081 2228991. -1. 23.748863220214844
    11.4307861328125 2.481346607208252 116.47647094726563
    0.053864646703004837 6685439. -1. 23.748863220214844
    11.4307861328125 2.481346607208252 176.49249267578125
    0.053864646703004837 6685439. -1. 27.982368469238281
    12.397975921630859 5.0557022094726563 173.87107849121094
    0.016750996932387352 7995904. -1. 27.982368469238281
    12.397975921630859 5.0557022094726563 238.87893676757813
    0.016750996932387352 7995904. -1. 27.99919319152832
    39.666118621826172 1.8726900815963745 287.52682495117188
    0.034360785037279129 3015167. -1. 29.125997543334961
    71.800254821777344 4.4202184677124023 341.12054443359375
    0.034627020359039307 15008000. -1. 29.271247863769531
    84.512947082519531 2.3685362339019775 283.3089599609375
    0.02353503555059433 3277567. -1. 31.474178314208984
    32.461814880371094 1.8026920557022095 166.05918884277344
    0.025585291907191277 262655. -1. 32.254280090332031
    54.578052520751953 2.3001620769500732 206.23161315917969
    0.015709986910223961 1180415. -1. 32.737209320068359
    63.361518859863281 2.8876762390136719 8.338134765625
    0.050656747072935104 918527. -1. 34.038219451904297
    43.227546691894531 2.0636723041534424 10.932159423828125
    0.042239289730787277 10027519. -1. 34.038219451904297
    43.227546691894531 2.0636723041534424 94.26409912109375
    0.042239289730787277 10027519. -1. 34.038219451904297
    43.227546691894531 2.0636723041534424 270.4512939453125
    0.042239289730787277 10027519. -1. 35.658451080322266
    5.7090373039245605 2.5407180786132813 217.66560363769531
    0.023554902523756027 8389375. -1. 36.517276763916016
    49.846553802490234 2.3865382671356201 243.32695007324219
    0.090122327208518982 3867391. -1. 36.710254669189453
    84.020843505859375 2.2385308742523193 287.85552978515625
    0.029728293418884277 15925759. -1. 36.829471588134766
    5.0375232696533203 2.0475471019744873 225.55548095703125
    0.02289886400103569 9503231. -1. 38.520641326904297
    61.210601806640625 1.8663986921310425 336.55316162109375
    0.037794329226016998 2753023. -1. 38.94586181640625
    43.824939727783203 1.9552013874053955 144.11439514160156
    0.064282819628715515 6160895. -1. 39.393192291259766
    7.4336032867431641 3.2404458522796631 98.739349365234375
    0.035569824278354645 9241599. -1. 40.292011260986328
    52.162845611572266 3.5109672546386719 25.19281005859375
    0.075910545885562897 15074303. -1. 40.292011260986328
    52.162845611572266 3.5109672546386719 246.80290222167969
    0.075910545885562897 15074303. -1. 42.378070831298828
    4.6343140602111816 2.2242772579193115 289.74737548828125
    0.025735208764672279 15467007. -1. 42.824867248535156
    47.815563201904297 2.0692903995513916 127.30511474609375
    0.053922530263662338 10224127. -1. 42.988296508789063
    30.359407424926758 2.5648000240325928 84.01220703125
    0.021342681720852852 9044735. -1. 42.988296508789063
    30.359407424926758 2.5648000240325928 294.92916870117188
    0.021342681720852852 9044735. -1. 44.068504333496094
    52.851539611816406 2.1097102165222168 11.833251953125
    0.051974717527627945 11665919. -1. 50.077548980712891
    46.802997589111328 2.0460600852966309 96.87744140625
    0.055438429117202759 9437695. -1. 51.161319732666016
    3.8434038162231445 2.2712037563323975 298.66134643554688
    0.062411833554506302 262911. -1. 52.030075073242188
    15.579733848571777 1.9807569980621338 128.39591979980469
    0.021778585389256477 7078399. -1. 53.453990936279297
    56.868049621582031 15.67676830291748 12.2998046875
    0.068348050117492676 6291714. -1. 53.864536285400391
    48.170185089111328 3.9858283996582031 87.923065185546875
    0.035683218389749527 7536896. -1. 56.028411865234375
    47.054450988769531 1.8842371702194214 91.015899658203125
