<?xml version="1.0"?>
<opencv_storage>
<keypoints type_id="opencv-matrix">
  <rows>25</rows>
  <cols>7</cols>
  <dt>d</dt>
  <data>
    1.7259449005126953e+01 5.9313018798828125e+01 4.0718212127685547e+00
    3.5260729980468750e+02 6.6649056971073151e-02 9044224. -1.
    2.4422893524169922e+01 6.8905548095703125e+01 3.9489898681640625e+00
    3.4190701293945313e+02 5.8619804680347443e-02 6881536. -1.
    3.6170394897460938e+01 3.1998065948486328e+01 8.7850866317749023e+00
    6.1771118164062500e+01 5.1587574183940887e-02 14549249. -1.
    3.6170394897460938e+01 3.1998065948486328e+01 8.7850866317749023e+00
    8.7937652587890625e+01 5.1587574183940887e-02 14549249. -1.
    4.1477039337158203e+01 6.8759056091308594e+01 6.8461527824401855e+00
    2.8022769165039063e+02 6.0080684721469879e-02 13239040. -1.
    4.4353126525878906e+01 7.8100769042968750e+01 2.1778886318206787e+00
    3.2941210937500000e+02 7.6904632151126862e-02 13959679. -1.
    4.5661941528320313e+01 5.0740493774414063e+01 3.3911312103271484e+01
    9.1444641113281250e+01 7.8075446188449860e-02 11993347. -1.
    4.7073043823242188e+01 5.3508132934570313e+01 2.0553822517395020e+00
    4.7756561279296875e+01 1.4059714041650295e-02 9765375. -1.
    4.7073043823242188e+01 5.3508132934570313e+01 2.0553822517395020e+00
    1.2634683227539063e+02 1.4059714041650295e-02 9765375. -1.
    4.8777130126953125e+01 8.2305961608886719e+01 2.1478316783905029e+00
    2.9251892089843750e+02 8.3209127187728882e-02 12911103. -1.
    4.9906379699707031e+01 7.5341506958007813e+01 2.1723370552062988e+00
    1.1821517944335938e+02 9.3831963837146759e-02 13763071. -1.
    4.9906379699707031e+01 7.5341506958007813e+01 2.1723370552062988e+00
    2.7620306396484375e+02 9.3831963837146759e-02 13763071. -1.
    5.0402164459228516e+01 5.9873451232910156e+01 5.5858144760131836e+00
    2.7003125000000000e+02 4.3760921806097031e-02 15204864. -1.
    5.2709594726562500e+01 8.3317337036132813e+01 2.6219267845153809e+00
    9.1303039550781250e+01 8.6115472018718719e-02 10683135. -1.
    5.2709594726562500e+01 8.3317337036132813e+01 2.6219267845153809e+00
    2.7889935302734375e+02 8.6115472018718719e-02 10683135. -1.
    5.9935180664062500e+01 3.6442451477050781e+01 6.7676692008972168e+00
    1.1717687988281250e+02 4.2658261954784393e-02 12387072. -1.
    6.0743682861328125e+01 8.2004737854003906e+01 2.6560413837432861e+00
    5.9833435058593750e+01 8.4390975534915924e-02 11600639. -1.
    6.0743682861328125e+01 8.2004737854003906e+01 2.6560413837432861e+00
    2.4205184936523438e+02 8.4390975534915924e-02 11600639. -1.
    6.2196769714355469e+01 7.0405128479003906e+01 2.2463047504425049e+00
    2.3279077148437500e+02 7.7895343303680420e-02 16187903. -1.
    6.5141921997070313e+01 7.8538536071777344e+01 2.6925878524780273e+00
    4.0854064941406250e+01 8.4058657288551331e-02 12583679. -1.
    6.5141921997070313e+01 7.8538536071777344e+01 2.6925878524780273e+00
    2.2203775024414063e+02 8.4058657288551331e-02 12583679. -1.
    6.7066520690917969e+01 7.5680168151855469e+01 2.6133339405059814e+00
    3.1207092285156250e+01 7.6972708106040955e-02 10420991. -1.
    6.7066520690917969e+01 7.5680168151855469e+01 2.6133339405059814e+00
    2.1530506896972656e+02 7.6972708106040955e-02 10420991. -1.
    7.1630310058593750e+01 6.6603828430175781e+01 7.7877082824707031e+00
    2.2364239501953125e+02 6.6895164549350739e-02 5832961. -1.
    7.7886024475097656e+01 4.6305919647216797e+01 1.0428275108337402e+01
    1.6902937316894531e+02 5.1608934998512268e-02 10224129. -1.</data></keypoints>
<descriptors type_id="opencv-matrix">
  <rows>25</rows>
  <cols>128</cols>
  <dt>f</dt>
  <data>
    9. 0. 0. 0. 0. 0. 0. 3. 132. 0. 0. 0. 0. 0. 0. 112. 92. 0. 0. 48.
    18. 0. 0. 111. 2. 0. 1. 107. 22. 0. 1. 51. 29. 1. 0. 0. 0. 0. 0. 4.
    132. 21. 3. 4. 1. 0. 0. 50. 101. 11. 7. 109. 54. 0. 0. 37. 37. 0. 0.
    36. 18. 0. 1. 132. 18. 6. 0. 0. 0. 0. 0. 0. 132. 132. 30. 5. 0. 0.
    0. 2. 126. 84. 54. 47. 13. 0. 0. 53. 82. 2. 2. 2. 2. 1. 2. 116. 1.
    2. 0. 0. 0. 0. 0. 0. 25. 52. 10. 0. 0. 0. 0. 0. 132. 86. 13. 1. 0.
    0. 0. 11. 67. 25. 65. 21. 4. 2. 1. 13. 76. 56. 2. 0. 0. 0. 0. 4. 96.
    103. 43. 31. 2. 0. 0. 27. 46. 2. 4. 22. 3. 0. 2. 130. 2. 0. 0. 5. 9.
    3. 11. 61. 25. 30. 1. 0. 0. 0. 0. 1. 130. 68. 9. 0. 0. 0. 0. 55.
    130. 29. 58. 10. 0. 0. 1. 87. 1. 24. 52. 7. 31. 10. 3. 7. 22. 5. 0.
    0. 0. 0. 0. 0. 130. 130. 4. 2. 0. 0. 0. 5. 58. 123. 92. 42. 17. 20.
    8. 2. 20. 92. 103. 6. 4. 15. 17. 8. 2. 2. 0. 0. 0. 0. 0. 0. 19. 114.
    8. 0. 0. 0. 0. 0. 4. 130. 110. 0. 2. 8. 5. 0. 11. 53. 130. 0. 0. 7.
    12. 6. 0. 0. 0. 0. 0. 0. 0. 1. 11. 6. 2. 0. 0. 0. 0. 91. 24. 12. 8.
    0. 0. 0. 25. 147. 23. 11. 2. 0. 0. 0. 80. 122. 16. 0. 0. 0. 0. 0. 0.
    9. 147. 3. 0. 1. 0. 0. 0. 147. 72. 14. 9. 10. 2. 0. 1. 147. 31. 8.
    5. 9. 1. 0. 6. 37. 29. 5. 0. 0. 0. 0. 0. 2. 147. 101. 0. 2. 3. 0. 0.
    27. 143. 50. 6. 17. 25. 4. 0. 13. 69. 11. 9. 27. 25. 18. 7. 9. 5. 4.
    0. 0. 0. 0. 0. 0. 116. 147. 0. 0. 0. 0. 0. 0. 80. 147. 21. 1. 6. 5.
    0. 0. 36. 63. 56. 14. 8. 16. 8. 2. 7. 9. 11. 0. 0. 0. 0. 2. 142. 5.
    18. 2. 0. 0. 0. 111. 124. 7. 3. 0. 0. 0. 5. 141. 21. 5. 1. 11. 22.
    2. 2. 17. 31. 2. 0. 0. 0. 0. 0. 6. 142. 30. 0. 1. 1. 0. 0. 96. 121.
    48. 16. 13. 14. 2. 0. 33. 33. 33. 3. 26. 32. 13. 7. 4. 17. 7. 0. 0.
    0. 0. 0. 0. 142. 142. 1. 0. 1. 0. 0. 2. 50. 142. 16. 5. 19. 16. 1.
    1. 23. 107. 23. 4. 6. 16. 12. 2. 0. 1. 0. 0. 0. 0. 0. 0. 7. 89. 3.
    0. 0. 0. 0. 0. 2. 142. 76. 0. 0. 2. 0. 0. 0. 80. 142. 30. 0. 2. 1.
    0. 64. 3. 0. 0. 0. 0. 0. 37. 123. 21. 0. 0. 0. 0. 33. 123. 32. 15.
    16. 7. 1. 31. 99. 61. 0. 13. 16. 2. 4. 86. 39. 0. 108. 23. 0. 0. 0.
    0. 0. 23. 123. 59. 7. 5. 4. 0. 0. 46. 57. 40. 66. 73. 50. 6. 5. 22.
    32. 52. 28. 8. 14. 37. 4. 16. 93. 4. 2. 1. 0. 0. 0. 92. 123. 46.
    100. 43. 8. 1. 0. 58. 103. 85. 120. 57. 33. 4. 5. 32. 64. 18. 1. 5.
    9. 3. 5. 50. 103. 26. 2. 1. 4. 2. 0. 13. 20. 14. 25. 24. 22. 22. 13.
    12. 123. 45. 15. 12. 8. 14. 33. 81. 80. 19. 3. 2. 4. 6. 3. 14. 12.
    41. 71. 0. 0. 0. 0. 0. 133. 105. 25. 3. 3. 0. 0. 3. 43. 25. 6. 38.
    44. 9. 0. 3. 22. 19. 3. 29. 100. 3. 0. 3. 36. 1. 0. 0. 0. 0. 0. 4.
    133. 5. 1. 9. 23. 0. 0. 23. 58. 52. 19. 97. 127. 0. 0. 3. 58. 95. 8.
    11. 68. 44. 1. 0. 42. 3. 0. 0. 0. 0. 0. 3. 133. 32. 0. 1. 38. 6. 0.
    15. 39. 29. 2. 14. 133. 59. 0. 2. 45. 133. 27. 3. 22. 24. 0. 0. 12.
    7. 0. 0. 0. 0. 0. 0. 115. 132. 0. 0. 6. 4. 0. 0. 26. 71. 2. 0. 78.
    127. 2. 0. 0. 30. 13. 0. 20. 95. 13. 0. 1. 0. 0. 0. 0. 0. 0. 0. 8.
    0. 0. 0. 0. 2. 1. 6. 1. 0. 0. 0. 3. 9. 1. 2. 0. 0. 0. 0. 0. 0. 0. 0.
    31. 3. 0. 0. 0. 0. 0. 3. 165. 57. 5. 7. 16. 38. 24. 151. 51. 17. 8.
    43. 165. 165. 30. 54. 0. 0. 0. 2. 6. 7. 0. 0. 21. 15. 0. 0. 0. 0. 0.
    0. 165. 165. 92. 36. 11. 5. 2. 18. 35. 104. 144. 165. 121. 28. 2. 8.
    0. 0. 1. 12. 4. 1. 0. 0. 0. 1. 0. 0. 0. 0. 0. 0. 4. 30. 10. 2. 0. 0.
    0. 0. 0. 8. 16. 23. 0. 0. 0. 0. 0. 0. 0. 1. 0. 0. 0. 0. 0. 0. 0. 1.
    1. 1. 18. 69. 1. 0. 8. 5. 5. 5. 15. 36. 6. 1. 6. 3. 45. 32. 7. 4.
    12. 4. 7. 39. 49. 63. 44. 23. 1. 0. 0. 18. 7. 0. 2. 30. 3. 8. 45.
    89. 13. 1. 4. 6. 53. 32. 37. 12. 11. 10. 21. 18. 12. 1. 1. 1. 2. 15.
    93. 38. 1. 0. 0. 35. 50. 2. 2. 8. 9. 11. 32. 57. 36. 6. 41. 37. 111.
    39. 30. 4. 1. 4. 41. 43. 48. 22. 19. 9. 0. 0. 29. 28. 1. 0. 0. 20.
    70. 4. 3. 3. 5. 58. 160. 160. 160. 3. 6. 9. 12. 160. 160. 75. 15. 1.
    4. 3. 7. 92. 160. 25. 0. 0. 0. 0. 13. 10. 13. 2. 9. 47. 51. 34. 68.
    17. 9. 1. 1. 2. 16. 48. 77. 35. 29. 7. 8. 4. 0. 8. 1. 2. 12. 44.
    129. 29. 0. 0. 12. 6. 1. 1. 9. 3. 52. 16. 14. 19. 40. 34. 47. 11.
    18. 10. 41. 70. 109. 27. 13. 2. 1. 9. 3. 6. 57. 162. 113. 3. 0. 2.
    25. 36. 0. 1. 9. 4. 1. 1. 6. 5. 3. 9. 57. 91. 7. 1. 59. 35. 9. 26.
    51. 58. 17. 11. 5. 6. 11. 162. 162. 162. 78. 2. 32. 43. 0. 0. 1. 2.
    0. 0. 7. 19. 0. 0. 1. 30. 7. 0. 3. 6. 1. 0. 2. 65. 45. 2. 4. 3. 1.
    0. 4. 143. 86. 3. 7. 0. 0. 0. 0. 0. 0. 3. 106. 0. 0. 1. 2. 0. 0.
