<?xml version="1.0"?>
<opencv_storage>
<keypoints type_id="opencv-matrix">
  <rows>17</rows>
  <cols>7</cols>
  <dt>d</dt>
  <data>
    1.3970602035522461e+01 2.0689809799194336e+01 2.1531550884246826e+00
    2.2778778076171875e+01 5.9980731457471848e-02 13107711. -1.
    1.6415988922119141e+01 2.8844984054565430e+01 3.4148914813995361e+00
    3.2930599975585938e+02 6.5808892250061035e-02 13042687. -1.
    1.9290578842163086e+01 1.5821879386901855e+01 4.0050826072692871e+00
    6.0531372070312500e+01 6.4666010439395905e-02 7864576. -1.
    1.9290578842163086e+01 1.5821879386901855e+01 4.0050826072692871e+00
    9.1110748291015625e+01 6.4666010439395905e-02 7864576. -1.
    2.1964267730712891e+01 3.1108350753784180e+01 2.1142868995666504e+00
    9.8009002685546875e+01 5.4580762982368469e-02 11796991. -1.
    2.4544738769531250e+01 2.3451238632202148e+01 2.7496557235717773e+00
    1.1583450317382813e+02 5.1662262529134750e-02 14091007. -1.
    2.4544738769531250e+01 2.3451238632202148e+01 2.7496557235717773e+00
    1.4583250427246094e+02 5.1662262529134750e-02 14091007. -1.
    2.5399650573730469e+01 3.5081783294677734e+01 4.3645071983337402e+00
    2.7921759033203125e+02 6.5321892499923706e-02 14090496. -1.
    2.5565475463867188e+01 2.6443395614624023e+01 3.1209962368011475e+00
    1.3738494873046875e+02 5.5743135511875153e-02 6554623. -1.
    2.5565475463867188e+01 2.6443395614624023e+01 3.1209962368011475e+00
    2.8497470092773438e+02 5.5743135511875153e-02 6554623. -1.
    2.5565475463867188e+01 2.6443395614624023e+01 3.1209962368011475e+00
    3.2833834838867188e+02 5.5743135511875153e-02 6554623. -1.
    2.5683074951171875e+01 2.4748134613037109e+01 1.6664054870605469e+01
    1.0911782836914063e+02 5.8117236942052841e-02 10748162. -1.
    2.5683074951171875e+01 2.4748134613037109e+01 1.6664054870605469e+01
    3.2158081054687500e+02 5.8117236942052841e-02 10748162. -1.
    2.8366832733154297e+01 1.7061750411987305e+01 4.0127520561218262e+00
    9.8449584960937500e+01 6.5783791244029999e-02 7995648. -1.
    2.9916379928588867e+01 2.1104246139526367e+01 1.8742092847824097e+00
    3.1110263061523438e+02 5.8770302683115005e-02 3080703. -1.
    3.5606380462646484e+01 1.6107879638671875e+01 1.8454557657241821e+00
    6.6455078125000000e+00 6.5541692078113556e-02 1966591. -1.
    3.5606380462646484e+01 1.6107879638671875e+01 1.8454557657241821e+00
    1.6081282043457031e+02 6.5541692078113556e-02 1966591. -1.</data></keypoints>
<descriptors type_id="opencv-matrix">
  <rows>17</rows>
  <cols>128</cols>
  <dt>f</dt>
  <data>
    10. 0. 0. 0. 0. 0. 0. 3. 132. 0. 0. 0. 0. 0. 0. 104. 82. 1. 6. 62.
    5. 0. 1. 84. 0. 0. 55. 132. 3. 1. 7. 12. 32. 0. 0. 0. 0. 0. 0. 3.
    132. 7. 1. 9. 3. 0. 0. 43. 77. 5. 4. 132. 78. 1. 1. 29. 7. 0. 9. 98.
    20. 1. 16. 132. 30. 5. 0. 0. 0. 0. 0. 0. 132. 65. 4. 21. 12. 0. 0.
    2. 89. 18. 5. 91. 85. 0. 0. 60. 59. 0. 1. 34. 48. 2. 1. 131. 6. 4.
    0. 0. 0. 0. 0. 0. 71. 91. 8. 7. 3. 0. 0. 0. 117. 63. 16. 19. 13. 0.
    0. 13. 72. 22. 1. 4. 54. 27. 1. 12. 10. 0. 0. 0. 0. 0. 0. 6. 94. 2.
    0. 0. 0. 0. 4. 123. 35. 15. 47. 5. 0. 5. 53. 120. 2. 46. 88. 3. 2.
    28. 49. 15. 36. 2. 0. 0. 0. 0. 0. 3. 123. 26. 1. 6. 3. 0. 5. 100.
    45. 22. 48. 96. 35. 11. 59. 69. 45. 52. 45. 15. 19. 65. 42. 4. 16.
    8. 0. 0. 0. 0. 0. 0. 123. 123. 9. 6. 5. 0. 0. 5. 81. 100. 25. 54.
    70. 76. 20. 18. 115. 77. 14. 6. 35. 48. 11. 17. 0. 1. 0. 0. 0. 0. 0.
    0. 100. 48. 0. 0. 0. 0. 0. 3. 123. 77. 3. 0. 6. 53. 14. 26. 7. 52.
    12. 1. 8. 105. 52. 3. 1. 0. 0. 0. 0. 0. 0. 3. 31. 0. 0. 0. 0. 0. 0.
    106. 76. 2. 4. 15. 2. 3. 30. 138. 16. 12. 6. 47. 22. 20. 43. 46. 24.
    0. 0. 0. 0. 0. 0. 13. 138. 7. 0. 2. 4. 0. 2. 138. 60. 4. 9. 71. 50.
    1. 8. 138. 10. 3. 25. 72. 14. 4. 55. 52. 34. 10. 0. 0. 0. 0. 0. 2.
    138. 138. 6. 6. 7. 0. 0. 24. 67. 74. 18. 34. 70. 4. 2. 23. 22. 10.
    43. 38. 34. 38. 17. 26. 3. 5. 0. 0. 0. 0. 0. 0. 36. 138. 9. 0. 0. 0.
    0. 0. 16. 138. 104. 3. 3. 2. 0. 1. 7. 50. 122. 44. 9. 29. 10. 3. 31.
    3. 0. 0. 0. 0. 0. 2. 143. 13. 1. 3. 3. 1. 3. 67. 64. 7. 4. 48. 83.
    15. 15. 57. 29. 15. 8. 29. 31. 4. 6. 65. 49. 3. 0. 0. 0. 0. 0. 7.
    143. 44. 1. 2. 13. 5. 0. 70. 87. 19. 3. 17. 99. 35. 2. 31. 31. 10.
    13. 61. 36. 27. 23. 28. 23. 13. 0. 0. 0. 0. 0. 0. 140. 143. 23. 1.
    4. 1. 0. 4. 25. 143. 120. 19. 43. 24. 0. 1. 12. 35. 121. 43. 11. 20.
    24. 3. 0. 2. 0. 0. 0. 0. 0. 0. 1. 62. 17. 0. 0. 0. 0. 0. 0. 97. 139.
    4. 0. 0. 0. 0. 0. 8. 143. 43. 0. 0. 0. 0. 40. 5. 1. 12. 72. 8. 2.
    35. 76. 20. 0. 20. 116. 11. 2. 11. 116. 29. 0. 2. 4. 1. 0. 12. 4. 1.
    0. 14. 116. 20. 0. 0. 2. 3. 68. 116. 45. 0. 2. 11. 89. 16. 15. 56.
    65. 5. 9. 91. 93. 6. 40. 62. 1. 0. 1. 73. 2. 1. 30. 116. 57. 0. 0.
    0. 7. 4. 42. 61. 48. 64. 35. 11. 116. 25. 15. 21. 17. 6. 24. 84. 29.
    5. 50. 116. 103. 8. 1. 12. 0. 0. 41. 115. 9. 0. 0. 0. 1. 19. 9. 0.
    4. 63. 91. 12. 11. 1. 7. 28. 33. 10. 71. 83. 2. 0. 1. 55. 116. 13.
    2. 7. 0. 0. 1. 5. 21. 1. 0. 0. 2. 5. 69. 12. 12. 24. 48. 20. 28. 93.
    69. 4. 21. 31. 9. 9. 39. 52. 5. 1. 51. 94. 2. 8. 57. 88. 1. 1. 34.
    25. 0. 3. 21. 5. 0. 24. 106. 22. 31. 30. 95. 13. 2. 21. 84. 17. 6.
    106. 60. 9. 6. 89. 79. 17. 1. 61. 87. 34. 9. 44. 60. 14. 2. 18. 41.
    60. 1. 6. 106. 38. 0. 1. 106. 57. 0. 6. 74. 44. 0. 15. 28. 35. 5.
    82. 82. 73. 29. 9. 57. 24. 7. 34. 19. 25. 57. 69. 106. 45. 1. 0. 18.
    35. 1. 3. 15. 55. 2. 0. 35. 106. 10. 1. 6. 106. 28. 0. 3. 48. 38. 2.
    1. 15. 55. 30. 5. 10. 48. 30. 1. 8. 82. 35. 1. 8. 34. 12. 16. 61.
    52. 3. 2. 70. 51. 0. 24. 62. 17. 2. 28. 110. 13. 1. 35. 83. 12. 19.
    48. 12. 1. 1. 7. 7. 41. 32. 30. 65. 53. 31. 110. 75. 23. 4. 25. 35.
    4. 23. 40. 19. 5. 49. 110. 66. 10. 5. 60. 72. 16. 19. 38. 22. 21.
    45. 30. 23. 5. 0. 67. 87. 12. 21. 68. 106. 5. 1. 48. 108. 9. 5. 14.
    99. 48. 7. 43. 67. 43. 5. 17. 8. 51. 16. 7. 20. 74. 82. 11. 110. 65.
    0. 6. 20. 1. 0. 14. 63. 12. 0. 5. 110. 40. 1. 1. 43. 50. 1. 0. 65.
    96. 2. 0. 11. 66. 23. 3. 6. 61. 10. 0. 0. 0. 0. 0. 0. 0. 1. 46. 0.
    0. 0. 0. 0. 1. 69. 106. 9. 24. 9. 4. 3. 34. 133. 15. 21. 26. 5. 11.
    24. 55. 33. 18. 0. 0. 0. 0. 0. 0. 8. 133. 4. 0. 0. 5. 4. 14. 133.
    68. 7. 14. 14. 84. 30. 33. 133. 41. 17. 16. 42. 37. 8. 7. 73. 28. 7.
    0. 0. 0. 0. 0. 1. 133. 133. 1. 0. 9. 4. 1. 33. 79. 89. 8. 4. 98. 63.
    5. 22. 43. 10. 5. 33. 41. 43. 14. 14. 3. 3. 0. 0. 0. 0. 0. 0. 35.
    133. 7. 0. 0. 0. 0. 0. 10. 133. 106. 3. 8. 14. 1. 0. 5. 24. 133. 27.
    2. 15. 7. 1. 10. 4. 24. 5. 1. 13. 31. 53. 1. 41. 75. 6. 4. 51. 34.
    7. 6. 110. 45. 2. 4. 48. 31. 1. 3. 27. 3. 12. 85. 110. 11. 0. 7. 24.
    105. 37. 7. 29. 22. 13. 71. 79. 41. 5. 20. 88. 18. 7. 44. 101. 13.
    18. 66. 92. 3. 1. 27. 68. 11. 61. 110. 21. 1. 1. 32. 9. 5. 5. 72.
    95. 30. 27. 110. 53. 3. 12. 57. 33. 2. 22. 30. 32. 8. 53. 110. 55.
    35. 26. 52. 33. 5. 14. 54. 57. 23. 66. 21. 94. 18. 1. 41. 59. 2. 2.
    27. 73. 10. 1. 18. 100. 18. 1. 3. 57. 50. 2. 11. 38. 54. 20. 4. 4.
    38. 72. 35. 5. 18. 38. 109. 11. 11. 16. 7. 1. 4. 70. 24. 39. 96. 50.
    15. 17. 23. 26. 29. 55. 19. 1. 39. 72. 4. 8. 61. 72. 1. 4. 39. 23.
    2. 0. 47. 3. 2. 15. 66. 18. 24. 109. 61. 17. 16. 32. 69. 22. 25.
    109. 48. 15. 3. 78. 80. 12. 8. 85. 109. 18. 1. 24. 55. 12. 0. 28.
    55. 21. 0. 6. 109. 48. 6. 29. 109. 33. 1. 16. 75. 39. 3. 24. 47. 19.
    3. 101. 96. 54. 12. 14. 105. 41. 27. 32. 10. 10. 14. 30. 29. 109.
    13. 1. 25. 38. 0. 0. 31. 43. 11. 1. 25. 100. 11. 2. 20. 42. 13. 3.
    13. 71. 34. 2. 5. 13. 34. 22. 2. 32. 66. 2. 21. 5. 21. 25. 3. 5. 50.
    50. 6. 36. 54. 11. 3. 55. 65. 1. 19. 108. 28. 1. 19. 65. 13. 0. 26.
    61. 5. 8. 33. 77. 26. 1. 31. 42. 30. 85. 62. 25. 9. 16. 108. 70. 38.
    24. 26. 34. 12. 21. 41. 48. 4. 5. 108. 82. 11. 5. 24. 89. 45. 28.
    24. 10. 20. 25. 108. 59. 5. 4. 20. 62. 16. 24. 62. 94. 8. 1. 26.
    107. 25. 15. 12. 96. 42. 1. 41. 71. 47. 5. 3. 16. 28. 13. 5. 17. 87.
    49. 108. 103. 9. 0. 1. 17. 5. 12. 8. 50. 34. 1. 4. 108. 61. 3. 2.
