<?xml version="1.0"?>
<opencv_storage>
<keypoints type_id="opencv-matrix">
  <rows>8</rows>
  <cols>7</cols>
  <dt>d</dt>
  <data>
    9.5234498977661133e+00 8.2124624252319336e+00 3.9485993385314941e+00
    8.6236145019531250e+01 1.2109152972698212e-01 6881536. -1.
    9.5769433975219727e+00 2.8106790542602539e+01 4.0424957275390625e+00
    2.7311325073242188e+02 1.1972888559103012e-01 8519936. -1.
    1.3992876052856445e+01 1.9950073242187500e+01 2.1481957435607910e+00
    2.7472842407226563e+02 8.1654503941535950e-02 12976639. -1.
    2.2910802841186523e+01 2.8810703277587891e+01 3.1103293895721436e+00
    2.6537106323242188e+02 1.3183571398258209e-01 6292479. -1.
    2.2953418731689453e+01 7.5182719230651855e+00 3.0488717555999756e+00
    9.4629180908203125e+01 1.3106070458889008e-01 4850687. -1.
    2.2953418731689453e+01 7.5182719230651855e+00 3.0488717555999756e+00
    2.6760247802734375e+02 1.3106070458889008e-01 4850687. -1.
    2.6949626922607422e+01 1.8156826019287109e+01 6.2351226806640625e+00
    1.3460685729980469e+02 1.3047179579734802e-01 6488832. -1.
    2.6949626922607422e+01 1.8156826019287109e+01 6.2351226806640625e+00
    2.2042045593261719e+02 1.3047179579734802e-01 6488832. -1.</data></keypoints>
<descriptors type_id="opencv-matrix">
  <rows>8</rows>
  <cols>128</cols>
  <dt>f</dt>
  <data>
    25. 0. 0. 0. 0. 0. 0. 3. 143. 0. 0. 1. 28. 2. 1. 34. 101. 7. 1. 15.
    143. 8. 1. 11. 143. 20. 2. 11. 40. 0. 0. 7. 42. 1. 0. 0. 0. 0. 0. 3.
    143. 24. 2. 1. 23. 14. 1. 26. 84. 10. 9. 4. 120. 106. 42. 27. 129.
    30. 14. 21. 28. 12. 25. 33. 21. 9. 0. 0. 0. 0. 0. 0. 119. 143. 71.
    0. 1. 3. 0. 2. 12. 70. 143. 4. 5. 32. 24. 6. 4. 24. 143. 2. 2. 7.
    19. 13. 0. 2. 0. 0. 0. 0. 0. 0. 1. 19. 25. 0. 0. 0. 0. 0. 0. 12. 86.
    0. 0. 0. 0. 0. 0. 8. 88. 0. 0. 0. 0. 0. 0. 0. 0. 0. 0. 0. 0. 2. 0.
    0. 0. 0. 0. 0. 27. 17. 0. 0. 0. 0. 0. 0. 81. 9. 0. 0. 0. 0. 0. 0.
    79. 6. 23. 0. 0. 0. 0. 0. 0. 11. 112. 1. 0. 5. 1. 1. 88. 143. 9. 7.
    26. 30. 5. 4. 143. 56. 4. 12. 16. 7. 2. 2. 143. 21. 51. 3. 0. 0. 0.
    0. 0. 1. 143. 22. 0. 18. 34. 1. 4. 27. 88. 28. 47. 99. 118. 3. 11.
    11. 113. 28. 21. 11. 40. 24. 17. 35. 33. 3. 0. 0. 0. 0. 0. 0. 143.
    33. 1. 3. 41. 2. 0. 0. 113. 9. 2. 7. 143. 13. 1. 12. 143. 5. 0. 0.
    55. 16. 2. 19. 0. 0. 86. 24. 1. 0. 78. 9. 1. 5. 127. 10. 0. 0. 80.
    11. 1. 1. 116. 14. 0. 1. 68. 9. 0. 0. 112. 26. 3. 3. 39. 4. 12. 5.
    113. 58. 50. 2. 0. 1. 98. 20. 110. 6. 0. 0. 15. 76. 14. 2. 49. 6. 6.
    23. 122. 53. 0. 0. 40. 20. 87. 79. 29. 0. 31. 3. 1. 2. 112. 12. 0.
    0. 127. 23. 0. 0. 1. 0. 2. 24. 75. 6. 0. 0. 26. 11. 20. 18. 0. 0. 0.
    0. 127. 42. 4. 0. 17. 2. 0. 0. 104. 12. 0. 0. 127. 26. 0. 0. 1. 0.
    0. 0. 83. 10. 0. 0. 18. 2. 0. 0. 0. 0. 0. 0. 127. 20. 0. 0. 18. 0.
    0. 0. 0. 0. 0. 2. 142. 0. 0. 1. 10. 0. 0. 28. 72. 0. 2. 40. 142. 0.
    0. 8. 142. 6. 5. 12. 43. 0. 1. 36. 32. 1. 0. 0. 0. 0. 0. 3. 142. 21.
    3. 7. 17. 0. 0. 23. 68. 8. 5. 47. 142. 4. 3. 11. 142. 0. 0. 4. 41.
    3. 3. 58. 17. 7. 0. 0. 0. 0. 0. 0. 101. 118. 59. 11. 3. 0. 0. 1. 38.
    68. 81. 52. 64. 7. 11. 31. 110. 30. 0. 1. 8. 4. 13. 142. 0. 1. 0. 0.
    0. 0. 0. 0. 1. 18. 18. 0. 0. 0. 0. 0. 24. 96. 21. 0. 0. 0. 0. 2. 48.
    142. 13. 1. 0. 0. 0. 10. 0. 0. 0. 0. 0. 0. 0. 2. 1. 0. 0. 0. 0. 0.
    21. 18. 29. 2. 0. 0. 0. 1. 21. 93. 57. 10. 0. 0. 0. 1. 11. 142. 20.
    0. 0. 0. 0. 0. 0. 8. 101. 1. 0. 0. 4. 13. 62. 118. 40. 35. 9. 6. 62.
    56. 78. 61. 112. 142. 9. 3. 7. 1. 0. 28. 37. 3. 0. 0. 0. 0. 0. 1.
    142. 23. 0. 0. 20. 8. 4. 22. 59. 12. 3. 4. 142. 48. 4. 7. 142. 64.
    3. 2. 38. 3. 0. 0. 22. 2. 0. 0. 0. 0. 0. 0. 142. 28. 0. 0. 12. 2. 0.
    0. 64. 7. 0. 0. 142. 39. 1. 1. 142. 33. 1. 0. 40. 11. 4. 5. 20. 1.
    1. 9. 149. 11. 1. 1. 149. 8. 1. 4. 47. 0. 0. 10. 37. 1. 0. 16. 149.
    0. 0. 2. 0. 0. 0. 3. 47. 0. 0. 0. 24. 0. 0. 5. 149. 51. 3. 5. 149.
    17. 5. 11. 51. 11. 3. 20. 34. 5. 4. 48. 149. 0. 0. 1. 0. 0. 0. 4.
    49. 0. 0. 0. 4. 1. 2. 71. 118. 110. 5. 3. 59. 55. 90. 67. 33. 25. 5.
    7. 5. 13. 62. 126. 93. 0. 0. 0. 0. 0. 0. 9. 19. 0. 0. 0. 0. 0. 16.
    149. 20. 1. 0. 0. 0. 1. 29. 66. 7. 0. 0. 0. 0. 0. 21. 16. 1. 0. 0.
    0. 0. 0. 0. 2. 0. 0. 0. 0. 0. 0. 0. 0. 0. 0. 0. 0. 0. 0. 0. 0. 0. 1.
    24. 5. 0. 0. 0. 0. 0. 3. 75. 15. 0. 0. 0. 0. 0. 13. 35. 5. 24. 1. 0.
    0. 0. 0. 0. 4. 127. 13. 1. 0. 1. 12. 117. 127. 13. 9. 2. 0. 20. 117.
    127. 62. 8. 9. 0. 0. 5. 127. 85. 17. 69. 3. 0. 0. 0. 0. 0. 15. 127.
    117. 18. 0. 1. 8. 10. 60. 22. 127. 47. 5. 46. 127. 18. 11. 26. 18.
    4. 32. 32. 108. 18. 13. 32. 14. 0. 0. 0. 0. 0. 4. 83. 127. 4. 0. 0.
    8. 7. 17. 20. 110. 31. 32. 3. 16. 24. 16. 5. 11. 12. 127. 10. 11. 4.
    3. 31. 4. 0. 0. 0. 0. 0. 9. 90. 15. 6. 6. 0. 0. 8. 126. 15. 14. 28.
    15. 3. 23. 39. 115. 4. 4. 5. 8. 23. 126. 12. 13. 68. 8. 0. 0. 0. 0.
    0. 4. 126. 52. 12. 7. 1. 0. 24. 123. 19. 12. 22. 126. 32. 4. 65.
    126. 22. 14. 25. 100. 29. 38. 5. 19. 21. 4. 0. 0. 0. 0. 0. 2. 113.
    126. 126. 11. 0. 0. 1. 14. 11. 74. 126. 116. 14. 0. 2. 9. 8. 19. 84.
    126. 4. 0. 0. 11. 0. 0. 0. 0. 0. 0. 0. 0. 0. 6. 25. 1. 0. 0. 0. 0.
    0. 25. 72. 2. 0. 0. 0. 0. 0. 6. 37. 19. 0. 0. 0. 0.</data></descriptors>
</opencv_storage>
