<?xml version="1.0"?>
<opencv_storage>
<keypoints type_id="opencv-matrix">
  <rows>22</rows>
  <cols>7</cols>
  <dt>d</dt>
  <data>
    1.2027641296386719e+01 4.5128421783447266e+01 3.0477306842803955e+00
    1.7182586669921875e+01 8.8746629655361176e-02 4850687. -1.
    1.2027641296386719e+01 4.5128421783447266e+01 3.0477306842803955e+00
    2.3550599670410156e+02 8.8746629655361176e-02 4850687. -1.
    1.8018703460693359e+01 3.1326831817626953e+01 4.0713362693786621e+00
    2.9212921142578125e+01 6.9902569055557251e-02 9044224. -1.
    1.9426399230957031e+01 3.9111915588378906e+01 2.0524322986602783e+00
    2.2043934631347656e+02 5.5325202643871307e-02 9634303. -1.
    2.1511909484863281e+01 2.2582965850830078e+01 2.1560673713684082e+00
    3.4722747802734375e+01 5.2123948931694031e-02 13238783. -1.
    2.3148532867431641e+01 2.2761615753173828e+01 4.1318101882934570e+00
    3.0671875000000000e+01 6.4988166093826294e-02 10158336. -1.
    2.4597597122192383e+01 3.6213954925537109e+01 3.1437668800354004e+00
    1.8187585449218750e+02 6.4232535660266876e-02 7078911. -1.
    2.6073616027832031e+01 7.5000734329223633e+00 3.2153046131134033e+00
    1.1597781372070313e+02 9.5196083188056946e-02 8717311. -1.
    2.6073616027832031e+01 7.5000734329223633e+00 3.2153046131134033e+00
    3.1602032470703125e+02 9.5196083188056946e-02 8717311. -1.
    2.7684946060180664e+01 1.8752141952514648e+01 5.1348137855529785e+00
    3.8250305175781250e+01 7.4978977441787720e-02 9110016. -1.
    2.9169095993041992e+01 4.4455337524414063e+01 3.4692285060882568e+00
    2.7694924926757813e+02 8.1608653068542480e-02 14222335. -1.
    2.9169095993041992e+01 4.4455337524414063e+01 3.4692285060882568e+00
    3.2410308837890625e+02 8.1608653068542480e-02 14222335. -1.
    2.9499259948730469e+01 2.1338825225830078e+01 1.9864635467529297e+00
    2.2913938903808594e+02 4.6466376632452011e-02 7275007. -1.
    3.2460868835449219e+01 1.8070062637329102e+01 1.8970330953598022e+00
    2.1786976623535156e+02 6.3887082040309906e-02 3932671. -1.
    3.9097839355468750e+01 2.7224822998046875e+01 3.5800545215606689e+00
    9.6209289550781250e+01 8.1042721867561340e-02 16450559. -1.
    3.9097839355468750e+01 2.7224822998046875e+01 3.5800545215606689e+00
    1.4113310241699219e+02 8.1042721867561340e-02 16450559. -1.
    3.9323493957519531e+01 4.4538810729980469e+01 3.3698639869689941e+00
    2.1518728637695313e+02 8.1327825784683228e-02 12125183. -1.
    3.9323493957519531e+01 4.4538810729980469e+01 3.3698639869689941e+00
    2.6208786010742188e+02 8.1327825784683228e-02 12125183. -1.
    3.9579818725585938e+01 1.6504091262817383e+01 3.2152397632598877e+00
    1.3147012329101563e+02 9.5054201781749725e-02 8717311. -1.
    3.9579818725585938e+01 1.6504091262817383e+01 3.2152397632598877e+00
    2.9215124511718750e+02 9.5054201781749725e-02 8717311. -1.
    4.4341197967529297e+01 3.5880924224853516e+01 3.3782889842987061e+00
    1.5748474121093750e+02 8.1077180802822113e-02 12256255. -1.
    4.4341197967529297e+01 3.5880924224853516e+01 3.3782889842987061e+00
    2.0215902709960938e+02 8.1077180802822113e-02 12256255. -1.</data></keypoints>
<descriptors type_id="opencv-matrix">
  <rows>22</rows>
  <cols>128</cols>
  <dt>f</dt>
  <data>
    21. 0. 0. 0. 0. 0. 0. 3. 151. 0. 0. 0. 0. 0. 0. 47. 147. 2. 2. 71.
    68. 11. 0. 21. 0. 29. 21. 127. 121. 10. 0. 0. 41. 1. 0. 0. 0. 0. 0.
    5. 151. 28. 9. 14. 1. 0. 0. 48. 95. 15. 15. 151. 89. 0. 0. 9. 0. 3.
    2. 151. 77. 0. 0. 0. 23. 11. 0. 0. 0. 0. 0. 0. 123. 135. 74. 30. 1.
    0. 0. 2. 12. 25. 77. 151. 34. 0. 0. 0. 0. 0. 0. 46. 13. 0. 0. 0. 1.
    2. 0. 0. 0. 0. 0. 0. 1. 18. 24. 3. 0. 0. 0. 0. 0. 2. 22. 19. 0. 0.
    0. 0. 0. 0. 0. 2. 0. 0. 0. 0. 0. 0. 0. 0. 0. 0. 0. 3. 1. 0. 0. 0. 0.
    4. 24. 18. 0. 0. 0. 0. 0. 18. 18. 1. 0. 0. 0. 0. 0. 2. 0. 0. 26. 0.
    0. 0. 0. 0. 0. 14. 118. 2. 0. 0. 1. 37. 80. 136. 9. 0. 0. 0. 38.
    155. 71. 21. 0. 0. 0. 0. 13. 36. 0. 0. 51. 4. 0. 0. 0. 0. 0. 1. 155.
    34. 0. 0. 2. 20. 10. 32. 78. 6. 0. 0. 105. 155. 14. 14. 0. 0. 0. 0.
    65. 155. 0. 0. 24. 4. 0. 0. 0. 1. 16. 2. 155. 76. 0. 0. 0. 1. 4. 5.
    102. 59. 7. 0. 40. 109. 2. 2. 0. 2. 1. 0. 73. 155. 1. 0. 25. 3. 0.
    0. 0. 0. 0. 1. 150. 32. 0. 2. 3. 0. 0. 19. 89. 13. 1. 34. 75. 2. 4.
    15. 13. 1. 2. 42. 42. 5. 30. 33. 32. 2. 0. 0. 0. 0. 0. 5. 150. 19.
    0. 1. 7. 1. 0. 64. 111. 11. 1. 9. 104. 5. 0. 22. 28. 7. 1. 23. 91.
    34. 1. 4. 29. 8. 0. 0. 0. 0. 0. 1. 150. 89. 0. 0. 5. 1. 0. 12. 107.
    38. 9. 10. 117. 38. 0. 6. 9. 60. 75. 18. 46. 38. 4. 1. 10. 3. 0. 0.
    0. 0. 0. 0. 150. 52. 0. 0. 0. 0. 0. 0. 124. 31. 6. 78. 126. 12. 0.
    1. 0. 44. 58. 69. 86. 2. 0. 0. 22. 0. 0. 0. 0. 0. 0. 4. 133. 0. 0.
    0. 0. 0. 0. 48. 98. 0. 0. 0. 22. 14. 0. 21. 0. 0. 0. 0. 133. 90. 0.
    0. 37. 0. 0. 0. 0. 15. 22. 7. 133. 32. 1. 0. 0. 0. 2. 35. 89. 35. 6.
    0. 7. 5. 0. 9. 0. 2. 0. 0. 133. 81. 0. 0. 10. 2. 1. 0. 0. 104. 133.
    6. 88. 99. 18. 0. 0. 61. 96. 12. 39. 133. 50. 0. 1. 15. 3. 1. 19.
    38. 1. 0. 51. 57. 0. 0. 2. 80. 24. 0. 0. 31. 52. 0. 2. 20. 2. 0. 27.
    129. 69. 0. 89. 61. 5. 1. 47. 73. 5. 4. 82. 37. 0. 0. 6. 10. 0. 0.
    15. 0. 0. 0. 0. 0. 0. 2. 139. 1. 0. 0. 0. 0. 0. 40. 123. 0. 0. 7. 4.
    0. 0. 20. 1. 0. 0. 86. 57. 0. 0. 1. 28. 1. 0. 0. 0. 0. 0. 2. 139.
    18. 0. 0. 0. 0. 0. 31. 119. 14. 0. 8. 39. 1. 0. 13. 19. 0. 0. 65.
    139. 7. 1. 13. 15. 7. 0. 0. 0. 0. 0. 0. 139. 139. 0. 0. 0. 0. 0. 3.
    125. 112. 0. 0. 40. 3. 0. 2. 39. 6. 0. 3. 139. 15. 0. 3. 2. 1. 0. 0.
    0. 0. 0. 0. 139. 25. 0. 0. 0. 0. 0. 27. 139. 19. 0. 0. 23. 2. 0. 32.
    27. 4. 0. 1. 139. 13. 0. 1. 20. 46. 12. 0. 0. 0. 0. 1. 153. 75. 29.
    0. 0. 0. 6. 49. 47. 8. 19. 20. 84. 43. 38. 43. 0. 0. 43. 61. 90. 21.
    30. 25. 41. 2. 0. 0. 0. 0. 0. 5. 153. 15. 1. 4. 4. 0. 0. 60. 96. 5.
    2. 62. 140. 16. 16. 31. 4. 0. 5. 29. 69. 22. 95. 84. 39. 6. 0. 0. 0.
    0. 0. 2. 153. 54. 0. 3. 9. 0. 0. 26. 103. 18. 1. 23. 99. 3. 2. 17.
    23. 3. 3. 59. 88. 10. 8. 15. 32. 3. 0. 0. 0. 0. 0. 3. 153. 33. 0. 0.
    9. 2. 0. 38. 76. 18. 3. 3. 91. 14. 0. 12. 16. 18. 16. 5. 54. 51. 3.
    2. 2. 67. 49. 1. 2. 15. 39. 4. 5. 36. 7. 0. 63. 119. 13. 0. 9. 0. 0.
    0. 25. 99. 22. 99. 11. 0. 0. 4. 6. 1. 11. 119. 48. 87. 29. 4. 1. 0.
    1. 7. 113. 61. 2. 2. 26. 80. 3. 5. 78. 5. 0. 3. 54. 119. 25. 65. 93.
    9. 1. 35. 41. 1. 2. 75. 53. 10. 1. 1. 1. 3. 19. 87. 119. 5. 1. 34.
    26. 4. 1. 66. 70. 2. 1. 51. 70. 12. 1. 64. 60. 3. 0. 59. 101. 1. 0.
    40. 4. 2. 18. 6. 1. 1. 43. 92. 15. 0. 7. 65. 38. 1. 6. 69. 49. 0. 1.
    53. 24. 0. 0. 91. 9. 0. 1. 119. 50. 0. 0. 12. 22. 0. 0. 0. 0. 0. 0.
    4. 146. 0. 0. 2. 8. 0. 0. 63. 119. 13. 5. 38. 119. 1. 1. 26. 80. 45.
    39. 4. 9. 11. 33. 34. 48. 2. 0. 0. 0. 0. 0. 5. 146. 35. 7. 17. 21.
    0. 0. 50. 68. 31. 50. 146. 146. 0. 0. 8. 13. 92. 146. 26. 11. 0. 0.
    0. 22. 13. 0. 0. 0. 0. 0. 0. 111. 146. 85. 28. 5. 0. 0. 2. 9. 28.
    91. 146. 83. 0. 0. 0. 0. 6. 36. 24. 13. 0. 0. 0. 0. 2. 0. 0. 0. 0.
    0. 0. 0. 15. 21. 2. 0. 0. 0. 0. 0. 2. 22. 15. 0. 0. 0. 0. 0. 0. 0.
    2. 0. 0. 0. 0. 0. 0. 0. 0. 0. 0. 0. 2. 0. 0. 0. 0. 0. 2. 22. 14. 0.
    0. 0. 0. 0. 14. 20. 1. 0. 0. 0. 0. 0. 1. 0. 0. 23. 0. 0. 0. 0. 0. 1.
    15. 114. 2. 0. 0. 4. 29. 90. 136. 10. 0. 0. 0. 79. 136. 85. 23. 0.
    0. 0. 0. 20. 19. 0. 0. 22. 0. 0. 0. 0. 2. 129. 61. 136. 21. 0. 0.
    14. 23. 58. 80. 65. 10. 0. 0. 136. 136. 8. 8. 0. 0. 0. 0. 82. 34. 0.
    0. 0. 3. 7. 2. 9. 22. 136. 51. 82. 17. 1. 4. 58. 69. 65. 21. 67. 20.
    0. 0. 136. 78. 0. 1. 0. 0. 0. 0. 116. 44. 0. 0. 33. 19. 3. 0. 0. 0.
    44. 68. 7. 18. 4. 1. 1. 1. 142. 51. 0. 1. 3. 33. 14. 32. 142. 12. 0.
    0. 1. 21. 43. 63. 35. 0. 58. 114. 22. 0. 0. 0. 4. 14. 142. 99. 17.
    3. 14. 13. 34. 37. 13. 1. 6. 73. 135. 70. 48. 25. 0. 0. 6. 42. 34.
    28. 121. 65. 75. 19. 1. 0. 0. 0. 0. 0. 142. 58. 1. 5. 23. 4. 1. 8.
    31. 9. 1. 13. 108. 47. 47. 26. 1. 4. 36. 55. 39. 10. 52. 45. 37. 9.
    0. 0. 0. 0. 0. 0. 142. 62. 0. 1. 7. 1. 0. 1. 45. 13. 3. 7. 48. 13.
    1. 3. 2. 3. 8. 21. 66. 53. 16. 4. 0. 2. 0. 0. 0. 0. 0. 1. 4. 62. 6.
