<?xml version="1.0"?>
<opencv_storage>
<keypoints type_id="opencv-matrix">
  <rows>93</rows>
  <cols>7</cols>
  <dt>d</dt>
  <data>
    7.8270673751831055e+00 1.2533292770385742e+01 2.4491128921508789e+00
    2.7008666992187500e+00 5.1690440624952316e-02 5702399. -1.
    8.0521593093872070e+00 1.9268070220947266e+01 2.4425182342529297e+00
    3.1298370361328125e+02 4.6068489551544189e-02 5505791. -1.
    8.0521593093872070e+00 1.9268070220947266e+01 2.4425182342529297e+00
    3.2670004272460938e+02 4.6068489551544189e-02 5505791. -1.
    8.8531436920166016e+00 1.6032409667968750e+01 2.0784394741058350e+00
    3.0376446533203125e+02 7.0568777620792389e-02 10551807. -1.
    1.1765716552734375e+01 1.2042260169982910e+01 2.6475658416748047e+00
    9.0548095703125000e+01 5.9094812721014023e-02 11338495. -1.
    1.1805816650390625e+01 1.5908286094665527e+01 1.8796697854995728e+00
    6.0633270263671875e+01 8.4180131554603577e-02 3277311. -1.
    1.1805816650390625e+01 1.5908286094665527e+01 1.8796697854995728e+00
    3.2074829101562500e+02 8.4180131554603577e-02 3277311. -1.
    1.1912569999694824e+01 1.9854042053222656e+01 2.1947801113128662e+00
    2.8892367553710938e+02 6.9073125720024109e-02 14483967. -1.
    1.1912569999694824e+01 1.9854042053222656e+01 2.1947801113128662e+00
    3.4576812744140625e+02 6.9073125720024109e-02 14483967. -1.
    1.2154727935791016e+01 2.3450241088867188e+01 2.2717845439910889e+00
    3.0353073120117188e+02 4.2248528450727463e-02 262911. -1.
    1.2316082954406738e+01 8.1573362350463867e+00 2.4266514778137207e+00
    8.7726196289062500e+01 4.3992653489112854e-02 5047039. -1.
    1.3400826454162598e+01 3.0347881317138672e+01 1.0490199089050293e+01
    3.5917907714843750e+02 2.6297949254512787e-02 10682881. -1.
    1.3768910408020020e+01 6.0954986572265625e+01 4.7144036293029785e+00
    3.8036804199218750e+00 1.9668413326144218e-02 2949632. -1.
    1.4066920280456543e+01 1.4330530166625977e+01 1.8646440505981445e+00
    1.2362184143066406e+02 4.6079445630311966e-02 2687487. -1.
    1.4066920280456543e+01 1.4330530166625977e+01 1.8646440505981445e+00
    3.2572546386718750e+02 4.6079445630311966e-02 2687487. -1.
    1.4468792915344238e+01 1.5545420646667480e+01 8.1973733901977539e+00
    3.1135363769531250e+02 4.5676566660404205e-02 9568513. -1.
    1.5796731948852539e+01 1.2056051254272461e+01 1.9785495996475220e+00
    2.8326385498046875e+01 7.2522282600402832e-02 7012863. -1.
    1.5796731948852539e+01 1.2056051254272461e+01 1.9785495996475220e+00
    1.2412500000000000e+02 7.2522282600402832e-02 7012863. -1.
    1.5842791557312012e+01 1.9954742431640625e+01 1.9718278646469116e+00
    3.2053384399414063e+02 8.8600657880306244e-02 6750719. -1.
    1.5850246429443359e+01 2.2870023727416992e+01 1.9640210866928101e+00
    2.3099235534667969e+02 8.6986236274242401e-02 6488575. -1.
    1.5850246429443359e+01 2.2870023727416992e+01 1.9640210866928101e+00
    3.0815576171875000e+02 8.6986236274242401e-02 6488575. -1.
    1.5908052444458008e+01 9.1480112075805664e+00 1.8426262140274048e+00
    5.2835052490234375e+01 7.3051035404205322e-02 1835519. -1.
    1.5908052444458008e+01 9.1480112075805664e+00 1.8426262140274048e+00
    1.2640289306640625e+02 7.3051035404205322e-02 1835519. -1.
    1.6048328399658203e+01 3.7674621582031250e+01 2.9298632144927979e+00
    2.7633972167968750e+00 3.5609565675258636e-02 1967103. -1.
    1.7638132095336914e+01 7.4680686950683594e+01 2.0339303016662598e+00
    3.5633511352539063e+02 2.8556734323501587e-02 8978943. -1.
    1.8419273376464844e+01 5.6056785583496094e+01 2.1567990779876709e+00
    6.4086914062500000e-01 3.3373422920703888e-02 13238783. -1.
    1.9186586380004883e+01 5.9298145294189453e+01 3.6771988868713379e+00
    1.9664916992187500e+00 3.1429972499608994e-02 1704192. -1.
    1.9463479995727539e+01 8.3385848999023438e+00 2.3124663829803467e+00
    9.2735168457031250e+01 4.3932493776082993e-02 1573631. -1.
    1.9826520919799805e+01 1.5959032058715820e+01 1.8479543924331665e+00
    1.2732260131835938e+02 8.3680957555770874e-02 2097663. -1.
    1.9826770782470703e+01 1.2211461067199707e+01 2.5729124546051025e+00
    9.2048828125000000e+01 6.3408836722373962e-02 9306879. -1.
    1.9826770782470703e+01 1.2211461067199707e+01 2.5729124546051025e+00
    1.7057127380371094e+02 6.3408836722373962e-02 9306879. -1.
    1.9948614120483398e+01 1.9955181121826172e+01 2.0014805793762207e+00
    1.8886364746093750e+02 7.1689471602439880e-02 7864831. -1.
    1.9948614120483398e+01 1.9955181121826172e+01 2.0014805793762207e+00
    2.5635943603515625e+02 7.1689471602439880e-02 7864831. -1.
    2.0059234619140625e+01 2.3510753631591797e+01 2.5568435192108154e+00
    2.9606079101562500e+01 6.3481390476226807e-02 8848127. -1.
    2.0698814392089844e+01 7.4666244506835938e+01 2.7601490020751953e+00
    3.4001388549804688e+02 2.5807529687881470e-02 14353151. -1.
    2.1780641555786133e+01 7.9509956359863281e+01 3.2744500637054443e+00
    3.3118518066406250e+02 2.4109050631523132e-02 10028031. -1.
    2.2948774337768555e+01 1.5909600257873535e+01 2.0082991123199463e+00
    1.2102525329589844e+02 6.8246766924858093e-02 8061439. -1.
    2.2948774337768555e+01 1.5909600257873535e+01 2.0082991123199463e+00
    2.4152899169921875e+02 6.8246766924858093e-02 8061439. -1.
    2.3382394790649414e+01 1.9175178527832031e+01 2.2862236499786377e+00
    2.7515106201171875e+01 7.8012302517890930e-02 721663. -1.
    2.4910213470458984e+01 4.0761573791503906e+01 1.9896585941314697e+00
    3.5745013427734375e+02 3.5456914454698563e-02 7406079. -1.
    2.8559389114379883e+01 6.6563896179199219e+01 1.8674026727676392e+00
    1.5902510070800781e+02 3.5318810492753983e-02 2818559. -1.
    2.8670249938964844e+01 6.3838130950927734e+01 5.2509212493896484e+00
    3.2072061157226563e+02 3.9675533771514893e-02 10748416. -1.
    2.8766454696655273e+01 2.7170860767364502e+00 2.5592291355133057e+00
    7.1136169433593750e+00 1.3378789648413658e-02 8913663. -1.
    2.9577013015747070e+01 3.9204635620117188e+01 3.4207413196563721e+00
    2.5767529296875000e+02 5.6302752345800400e-02 13173759. -1.
    3.3411407470703125e+01 1.0538905143737793e+01 2.0492010116577148e+00
    5.5920959472656250e+01 4.7889210283756256e-02 9568767. -1.
    3.4016834259033203e+01 3.1567882537841797e+01 2.3681614398956299e+00
    4.8492462158203125e+01 4.4998161494731903e-02 3277567. -1.
    3.4252632141113281e+01 4.1914691925048828e+01 2.6271691322326660e+00
    6.7681610107421875e+01 8.1907518208026886e-02 10814207. -1.
    3.4252632141113281e+01 4.1914691925048828e+01 2.6271691322326660e+00
    2.6171984863281250e+02 8.1907518208026886e-02 10814207. -1.
    3.8364051818847656e+01 4.4203933715820313e+01 2.5416960716247559e+00
    4.5880645751953125e+01 4.4812347739934921e-02 8389375. -1.
    3.8364051818847656e+01 4.4203933715820313e+01 2.5416960716247559e+00
    1.4736804199218750e+02 4.4812347739934921e-02 8389375. -1.
    4.1810935974121094e+01 4.3584804534912109e+01 2.4275832176208496e+00
    1.4841186523437500e+02 3.6382656544446945e-02 5112575. -1.
    4.2237228393554688e+01 2.0080953598022461e+01 3.9420878887176514e+00
    2.3341954040527344e+02 2.1466420963406563e-02 6750464. -1.
    4.2237228393554688e+01 2.0080953598022461e+01 3.9420878887176514e+00
    3.4403701782226563e+02 2.1466420963406563e-02 6750464. -1.
    4.3624427795410156e+01 5.8965538024902344e+01 1.6225351333618164e+01
    2.6020623779296875e+02 6.1894766986370087e-02 8782082. -1.
    4.3854541778564453e+01 2.1456069946289063e+01 2.2615602016448975e+00
    2.0938934326171875e+02 1.4558560214936733e-02 16646655. -1.
    4.5862857818603516e+01 6.8846664428710938e+01 3.8824555873870850e+00
    2.4404939270019531e+02 5.3085494786500931e-02 5636352. -1.
    4.7160785675048828e+01 7.3106765747070313e+01 3.1932334899902344e+00
    2.4257769775390625e+02 6.2147364020347595e-02 8193023. -1.
    4.9005504608154297e+01 4.8912994384765625e+01 2.3180687427520752e+00
