<?xml version="1.0"?>
<opencv_storage>
<keypoints type_id="opencv-matrix">
  <rows>22</rows>
  <cols>7</cols>
  <dt>d</dt>
  <data>
    9.7387542724609375e+00 2.5116731643676758e+01 1.9745539426803589e+00
    2.8651245117187500e+01 3.4968342632055283e-02 6881791. -1.
    1.6504711151123047e+01 2.0620162963867188e+01 1.8250675201416016e+00
    4.8174957275390625e+01 4.0203262120485306e-02 1180159. -1.
    1.6717601776123047e+01 1.5556671142578125e+01 3.1125783920288086e+00
    4.1770538330078125e+01 7.5252845883369446e-02 6358015. -1.
    1.7965267181396484e+01 3.2907104492187500e+01 2.0777359008789063e+00
    3.5975357055664063e+02 5.3169842809438705e-02 10551807. -1.
    1.9486669540405273e+01 1.8173006057739258e+01 1.8142210245132446e+00
    5.4741668701171875e+01 5.5014763027429581e-02 721407. -1.
    1.9486669540405273e+01 1.8173006057739258e+01 1.8142210245132446e+00
    2.1841218566894531e+02 5.5014763027429581e-02 721407. -1.
    2.0851749420166016e+01 3.8217952728271484e+01 1.9823513031005859e+00
    3.0848748779296875e+02 3.1310163438320160e-02 7143935. -1.
    2.2314197540283203e+01 1.5597224235534668e+01 1.9755805730819702e+00
    4.5936584472656250e+01 6.1874698847532272e-02 6881791. -1.
    2.4319406509399414e+01 1.3419210433959961e+01 4.3568482398986816e+00
    7.5269683837890625e+01 4.3262705206871033e-02 13959424. -1.
    2.5412221908569336e+01 1.5087350845336914e+01 2.1019592285156250e+00
    1.9881106567382813e+02 5.5744476616382599e-02 11403775. -1.
    2.5456026077270508e+01 8.8778934478759766e+00 1.9699836969375610e+00
    1.1917813110351563e+02 3.6104802042245865e-02 6685183. -1.
    2.5460914611816406e+01 2.1079841613769531e+01 3.3140208721160889e+00
    6.9849975585937500e+01 4.9782566726207733e-02 10879999. -1.
    2.5874540328979492e+01 2.6298316955566406e+01 4.3380274772644043e+00
    6.9139587402343750e+01 4.6293374150991440e-02 13631744. -1.
    2.8466741561889648e+01 1.7161020278930664e+01 2.9610829353332520e+00
    4.8400787353515625e+01 3.7662122398614883e-02 2753535. -1.
    2.8466741561889648e+01 1.7161020278930664e+01 2.9610829353332520e+00
    2.0551799011230469e+02 3.7662122398614883e-02 2753535. -1.
    3.0652761459350586e+01 2.0068086624145508e+01 1.9762762784957886e+00
    6.0269104003906250e+01 6.1270978301763535e-02 6947327. -1.
    3.0788000106811523e+01 2.9077602386474609e+01 2.6210975646972656e+00
    1.2914007568359375e+02 8.8820748031139374e-02 10617599. -1.
    3.0788000106811523e+01 2.9077602386474609e+01 2.6210975646972656e+00
    1.7668394470214844e+02 8.8820748031139374e-02 10617599. -1.
    3.1415664672851563e+01 1.4542347908020020e+01 2.2572598457336426e+00
    1.3879608154296875e+02 2.7447851374745369e-02 16515583. -1.
    3.3865810394287109e+01 2.3040433883666992e+01 2.5609383583068848e+00
    1.2458541870117188e+02 6.4750514924526215e-02 8979199. -1.
    3.7667366027832031e+01 2.5389097213745117e+01 1.8688726425170898e+00
    1.8848428344726563e+02 5.6560236960649490e-02 2884095. -1.
    3.8606037139892578e+01 3.0782808303833008e+01 2.9734573364257813e+00
    1.8379034423828125e+02 3.0015831813216209e-02 3015679. -1.</data></keypoints>
<descriptors type_id="opencv-matrix">
  <rows>22</rows>
  <cols>128</cols>
  <dt>f</dt>
  <data>
    14. 1. 0. 0. 0. 0. 0. 2. 138. 4. 0. 0. 0. 0. 0. 36. 123. 1. 0. 10.
    18. 2. 0. 32. 138. 0. 0. 13. 33. 1. 0. 66. 27. 1. 0. 0. 0. 0. 0. 3.
    138. 28. 1. 0. 1. 0. 0. 35. 138. 22. 7. 11. 25. 2. 0. 13. 138. 18.
    0. 7. 65. 6. 0. 14. 13. 8. 0. 0. 0. 0. 0. 0. 83. 138. 26. 0. 0. 0.
    0. 1. 42. 138. 100. 1. 4. 1. 0. 1. 138. 138. 11. 0. 20. 12. 0. 0. 0.
    1. 0. 0. 0. 0. 0. 0. 0. 27. 10. 0. 0. 0. 0. 0. 16. 113. 32. 0. 0. 0.
    0. 0. 63. 138. 5. 0. 0. 1. 0. 0. 72. 21. 16. 7. 10. 13. 25. 39. 11.
    1. 9. 21. 130. 62. 11. 6. 130. 0. 0. 1. 48. 11. 1. 28. 20. 0. 0. 5.
    130. 2. 0. 6. 34. 80. 130. 12. 2. 0. 0. 0. 25. 11. 105. 85. 46. 5.
    1. 2. 130. 9. 5. 10. 52. 3. 1. 17. 27. 1. 0. 5. 130. 1. 0. 3. 56.
    88. 41. 0. 0. 0. 0. 1. 69. 14. 19. 7. 10. 13. 2. 5. 130. 17. 1. 1.
    44. 5. 0. 2. 23. 4. 0. 1. 130. 16. 0. 0. 100. 48. 0. 0. 0. 0. 0. 0.
    69. 23. 0. 1. 17. 3. 0. 1. 130. 52. 0. 1. 20. 5. 0. 0. 19. 10. 0. 0.
    123. 60. 0. 0. 11. 0. 0. 0. 0. 0. 0. 23. 73. 0. 0. 0. 0. 0. 1. 130.
    75. 10. 12. 3. 2. 6. 29. 130. 4. 10. 8. 3. 53. 63. 32. 9. 90. 2. 0.
    0. 0. 0. 0. 20. 130. 22. 4. 2. 2. 4. 11. 130. 48. 19. 20. 18. 54.
    41. 22. 82. 29. 15. 8. 13. 112. 10. 1. 16. 70. 29. 0. 0. 0. 0. 0. 0.
    130. 130. 38. 4. 1. 1. 1. 10. 74. 78. 81. 34. 30. 9. 2. 12. 63. 4.
    1. 15. 113. 3. 1. 20. 7. 15. 0. 0. 0. 0. 0. 0. 116. 100. 3. 0. 0. 0.
    0. 0. 130. 51. 6. 0. 5. 0. 0. 2. 65. 16. 0. 7. 96. 14. 0. 1. 98. 11.
    0. 15. 45. 2. 0. 21. 23. 0. 0. 61. 113. 7. 0. 12. 120. 0. 0. 6. 3.
    0. 0. 112. 37. 0. 0. 0. 0. 0. 1. 61. 120. 63. 0. 1. 39. 24. 0. 1.
    45. 7. 0. 2. 98. 120. 7. 13. 120. 14. 0. 0. 1. 11. 5. 38. 52. 6. 0.
    0. 0. 0. 0. 6. 68. 120. 2. 0. 2. 7. 0. 0. 17. 102. 23. 2. 12. 120.
    18. 5. 120. 61. 15. 7. 4. 37. 21. 14. 40. 69. 2. 0. 0. 0. 0. 0. 3.
    120. 14. 0. 0. 0. 0. 0. 0. 120. 77. 4. 1. 3. 0. 0. 4. 68. 87. 17. 2.
    3. 1. 0. 4. 120. 28. 0. 0. 0. 0. 0. 102. 13. 4. 13. 5. 2. 3. 41. 22.
    27. 38. 79. 37. 11. 1. 6. 80. 67. 21. 6. 45. 15. 0. 0. 5. 3. 0. 1.
    123. 36. 0. 1. 44. 5. 1. 2. 10. 26. 54. 96. 31. 3. 1. 7. 107. 117.
    18. 6. 123. 12. 0. 0. 49. 19. 1. 5. 20. 0. 0. 0. 123. 28. 0. 4. 75.
    58. 64. 19. 12. 10. 10. 18. 16. 3. 44. 69. 123. 51. 5. 3. 123. 11.
    2. 7. 51. 15. 2. 7. 29. 1. 0. 0. 123. 28. 0. 1. 13. 63. 116. 9. 0.
    0. 0. 0. 19. 14. 67. 47. 7. 4. 1. 1. 123. 37. 4. 7. 18. 5. 0. 1. 25.
    5. 0. 0. 123. 30. 0. 0. 117. 0. 0. 7. 32. 1. 0. 38. 78. 0. 0. 34.
    117. 2. 1. 21. 6. 3. 0. 18. 79. 9. 35. 16. 2. 1. 0. 4. 37. 46. 46.
    2. 117. 1. 0. 13. 16. 0. 0. 55. 65. 3. 1. 80. 117. 1. 1. 16. 116. 7.
    1. 15. 29. 7. 66. 75. 10. 2. 1. 5. 42. 80. 117. 19. 117. 0. 0. 12.
    27. 0. 0. 48. 53. 7. 0. 73. 117. 3. 1. 7. 117. 64. 22. 12. 10. 1. 2.
    14. 14. 21. 64. 76. 67. 9. 5. 4. 117. 12. 0. 2. 22. 14. 1. 16. 16.
    3. 0. 10. 77. 64. 44. 29. 36. 13. 9. 24. 32. 10. 30. 61. 1. 3. 44.
    97. 41. 2. 1. 0. 130. 11. 0. 0. 0. 0. 0. 1. 130. 62. 6. 6. 26. 2. 0.
    6. 17. 11. 5. 11. 81. 24. 21. 88. 7. 0. 0. 0. 1. 1. 32. 130. 130.
    32. 0. 0. 0. 0. 0. 0. 102. 127. 11. 2. 2. 0. 0. 2. 130. 39. 8. 2. 4.
    2. 4. 83. 34. 0. 0. 0. 0. 0. 1. 62. 127. 37. 0. 0. 0. 0. 0. 0. 130.
    34. 0. 0. 0. 0. 0. 7. 130. 28. 0. 0. 0. 0. 0. 18. 38. 6. 0. 0. 0. 0.
    0. 5. 65. 36. 0. 0. 0. 0. 0. 0. 99. 80. 0. 0. 0. 0. 0. 0. 130. 130.
    0. 0. 0. 0. 0. 0. 29. 54. 1. 0. 0. 0. 0. 0. 100. 1. 0. 0. 0. 0. 1.
    70. 22. 3. 5. 1. 0. 2. 77. 90. 0. 2. 7. 5. 12. 86. 94. 7. 6. 3. 23.
    6. 26. 50. 3. 2. 116. 5. 2. 4. 1. 0. 3. 116. 41. 27. 63. 76. 10. 1.
    20. 70. 35. 78. 49. 14. 62. 55. 25. 3. 14. 5. 1. 2. 116. 63. 1. 2.
    54. 4. 1. 3. 8. 17. 60. 107. 38. 11. 12. 44. 103. 61. 16. 13. 116.
    30. 7. 9. 76. 6. 0. 22. 12. 3. 0. 11. 116. 4. 0. 7. 72. 31. 39. 12.
    16. 12. 17. 25. 29. 1. 19. 31. 116. 41. 7. 10. 116. 0. 0. 5. 79. 5.
    1. 34. 25. 0. 0. 12. 116. 1. 0. 15. 2. 0. 0. 0. 0. 0. 0. 8. 2. 0. 0.
    0. 0. 0. 32. 87. 15. 2. 0. 0. 0. 0. 67. 132. 18. 6. 3. 5. 1. 2. 61.
    132. 48. 3. 0. 0. 0. 0. 0. 21. 132. 8. 1. 0. 0. 2. 46. 132. 41. 18.
    2. 1. 8. 61. 89. 94. 114. 43. 1. 3. 4. 19. 14. 51. 73. 7. 0. 0. 0.
    0. 0. 2. 132. 43. 3. 1. 1. 3. 5. 26. 52. 17. 14. 9. 20. 61. 16. 17.
    132. 72. 3. 0. 13. 42. 5. 12. 24. 14. 0. 0. 0. 0. 0. 0. 124. 132.
    36. 2. 0. 1. 1. 5. 20. 126. 99. 20. 6. 10. 3. 4. 10. 87. 17. 1. 15.
    34. 3. 1. 2. 1. 22. 63. 76. 23. 13. 9. 69. 0. 7. 27. 21. 2. 0. 106.
    60. 0. 0. 92. 38. 0. 0. 107. 65. 5. 1. 83. 21. 0. 4. 44. 19. 1. 4.
    114. 46. 12. 6. 6. 114. 22. 1. 8. 15. 7. 2. 87. 42. 10. 2. 49. 107.
    69. 40. 42. 65. 15. 12. 31. 22. 12. 44. 59. 9. 31. 20. 8. 5. 32. 23.
    3. 100. 113. 17. 0. 1. 11. 19. 9. 14. 92. 114. 23. 9. 37. 31. 4. 0.
    1. 59. 114. 20. 8. 30. 9. 0. 100. 69. 0. 0. 1. 2. 0. 1. 98. 71. 0.
