<?xml version="1.0"?>
<opencv_storage>
<keypoints type_id="opencv-matrix">
  <rows>19</rows>
  <cols>7</cols>
  <dt>d</dt>
  <data>
    1.1355205535888672e+01 2.5523366928100586e+01 2.0988972187042236e+00
    2.5323028564453125e+01 3.6107599735260010e-02 11272703. -1.
    1.1355205535888672e+01 2.5523366928100586e+01 2.0988972187042236e+00
    3.2699877929687500e+02 3.6107599735260010e-02 11272703. -1.
    1.6244592666625977e+01 2.1211139678955078e+01 2.2610690593719482e+00
    3.5255029296875000e+02 3.2817482948303223e-02 16646655. -1.
    2.0741796493530273e+01 1.1175489425659180e+01 3.0564935207366943e+00
    6.3504028320312500e+01 2.5640696287155151e-02 5047295. -1.
    2.3965089797973633e+01 2.4459892272949219e+01 1.5240416526794434e+01
    6.5123443603515625e+01 9.3151487410068512e-02 4260098. -1.
    2.3965089797973633e+01 2.4459892272949219e+01 1.5240416526794434e+01
    1.1174560546875000e+02 9.3151487410068512e-02 4260098. -1.
    2.3965089797973633e+01 2.4459892272949219e+01 1.5240416526794434e+01
    2.2919117736816406e+02 9.3151487410068512e-02 4260098. -1.
    2.3965089797973633e+01 2.4459892272949219e+01 1.5240416526794434e+01
    3.2239260864257813e+02 9.3151487410068512e-02 4260098. -1.
    2.4014226913452148e+01 3.2474273681640625e+01 2.5611574649810791e+00
    2.8927722167968750e+02 4.1999753564596176e-02 8979199. -1.
    2.4310462951660156e+01 2.2274362564086914e+01 1.8458359241485596e+00
    1.7593670654296875e+02 4.6580292284488678e-02 1966591. -1.
    2.4865900039672852e+01 3.5883083343505859e+01 1.8922271728515625e+00
    2.8775271606445313e+02 3.7500545382499695e-02 3801599. -1.
    2.5013038635253906e+01 3.8991275787353516e+01 2.3093495368957520e+00
    2.3815234375000000e+02 3.5318367183208466e-02 1508095. -1.
    2.5013038635253906e+01 3.8991275787353516e+01 2.3093495368957520e+00
    2.9650900268554688e+02 3.5318367183208466e-02 1508095. -1.
    2.5102144241333008e+01 1.1059991836547852e+01 1.8259512186050415e+00
    8.3687500000000000e+01 2.9901115223765373e-02 1180159. -1.
    2.6026002883911133e+01 2.4464128494262695e+01 1.8543227910995483e+00
    6.9947570800781250e+01 3.1744889914989471e-02 2294271. -1.
    2.8902433395385742e+01 2.5710548400878906e+01 3.9070451259613037e+00
    2.2201092529296875e+02 4.1429549455642700e-02 6095104. -1.
    3.0662853240966797e+01 2.9418132781982422e+01 2.1621549129486084e+00
    2.2534025573730469e+02 4.7365434467792511e-02 13435391. -1.
    3.3220046997070313e+01 3.1348102569580078e+01 1.8833717107772827e+00
    2.3030625915527344e+02 2.5440588593482971e-02 3408383. -1.
    3.5126083374023438e+01 2.5539491653442383e+01 2.0693709850311279e+00
    2.2855657958984375e+02 3.6266665905714035e-02 10224127. -1.</data></keypoints>
<descriptors type_id="opencv-matrix">
  <rows>19</rows>
  <cols>128</cols>
  <dt>f</dt>
  <data>
    45. 88. 38. 0. 0. 0. 0. 3. 72. 121. 110. 1. 0. 0. 0. 8. 121. 133. 9.
    0. 0. 0. 0. 12. 34. 88. 0. 0. 1. 1. 0. 3. 31. 22. 6. 0. 0. 0. 0. 1.
    133. 50. 5. 0. 1. 1. 0. 31. 79. 133. 7. 1. 6. 6. 2. 14. 36. 133. 9.
    0. 0. 0. 0. 0. 15. 10. 0. 0. 0. 0. 0. 0. 81. 133. 34. 0. 0. 0. 0. 2.
    13. 133. 128. 1. 2. 4. 1. 1. 7. 133. 96. 0. 0. 0. 0. 1. 0. 1. 0. 0.
    0. 0. 0. 0. 0. 25. 13. 0. 0. 0. 0. 0. 0. 61. 70. 0. 0. 0. 0. 0. 0.
    76. 97. 0. 0. 0. 0. 0. 0. 0. 0. 0. 0. 0. 0. 1. 10. 0. 0. 0. 0. 0. 8.
    27. 115. 32. 0. 0. 0. 0. 17. 69. 111. 73. 1. 3. 4. 7. 32. 49. 14. 0.
    0. 0. 0. 0. 0. 12. 71. 1. 0. 0. 0. 0. 33. 129. 38. 3. 0. 3. 1. 1.
    95. 129. 129. 9. 0. 0. 1. 2. 22. 129. 35. 5. 0. 0. 0. 0. 0. 3. 129.
    47. 0. 1. 1. 0. 2. 32. 128. 12. 1. 8. 5. 2. 9. 90. 129. 0. 0. 0. 0.
    0. 1. 129. 14. 5. 0. 0. 0. 0. 0. 0. 129. 60. 0. 0. 0. 0. 0. 0. 129.
    28. 0. 0. 0. 0. 1. 46. 129. 3. 0. 0. 0. 0. 0. 43. 34. 14. 1. 0. 0.
    0. 34. 116. 7. 13. 4. 1. 9. 18. 125. 81. 4. 0. 0. 0. 5. 29. 125. 52.
    16. 34. 6. 0. 0. 26. 69. 56. 80. 114. 10. 0. 0. 0. 2. 40. 123. 101.
    16. 2. 11. 11. 31. 51. 23. 1. 0. 0. 5. 36. 92. 125. 1. 17. 4. 1. 16.
    125. 54. 7. 60. 12. 0. 0. 1. 0. 3. 118. 125. 18. 0. 0. 1. 0. 4. 43.
    97. 3. 0. 0. 3. 3. 9. 29. 0. 0. 0. 10. 103. 30. 4. 1. 54. 64. 1. 1.
    3. 1. 1. 18. 125. 46. 0. 1. 2. 1. 1. 4. 88. 27. 0. 0. 4. 0. 0. 0. 2.
    0. 0. 3. 89. 8. 1. 1. 0. 0. 0. 0. 0. 0. 0. 0. 29. 0. 0. 0. 0. 0. 0.
    35. 47. 0. 0. 0. 0. 0. 6. 156. 6. 0. 0. 0. 0. 1. 52. 156. 1. 0. 0.
    0. 0. 0. 0. 0. 117. 11. 0. 0. 0. 0. 0. 11. 156. 17. 3. 1. 0. 0. 2.
    135. 43. 10. 15. 21. 4. 5. 27. 116. 1. 0. 0. 0. 0. 0. 0. 0. 127. 2.
    0. 0. 0. 0. 0. 9. 156. 38. 4. 1. 0. 0. 0. 48. 69. 20. 16. 13. 0. 3.
    49. 108. 1. 0. 0. 0. 0. 0. 0. 0. 118. 3. 0. 0. 0. 0. 0. 26. 156. 23.
    10. 0. 0. 0. 0. 100. 101. 69. 32. 0. 0. 1. 12. 56. 0. 0. 0. 0. 0. 0.
    0. 1. 1. 0. 0. 0. 0. 1. 12. 43. 0. 0. 0. 0. 1. 4. 9. 9. 0. 0. 0. 0.
    0. 0. 0. 0. 34. 4. 0. 0. 0. 0. 0. 13. 149. 47. 12. 9. 11. 34. 92.
    149. 16. 10. 13. 44. 149. 149. 94. 68. 0. 0. 0. 1. 26. 13. 0. 0. 45.
    23. 0. 0. 0. 0. 0. 2. 149. 149. 149. 43. 9. 6. 6. 39. 13. 45. 149.
    149. 130. 40. 7. 9. 0. 0. 0. 4. 14. 4. 0. 0. 0. 1. 0. 0. 0. 0. 0. 0.
    1. 14. 32. 4. 0. 0. 0. 0. 0. 2. 40. 12. 0. 0. 0. 0. 0. 0. 0. 0. 0.
    0. 0. 0. 0. 0. 0. 0. 0. 0. 0. 0. 0. 0. 0. 0. 0. 7. 11. 3. 0. 0. 0.
    0. 0. 19. 18. 0. 0. 0. 0. 0. 0. 0. 0. 0. 50. 5. 0. 0. 0. 0. 0. 5.
    143. 64. 12. 9. 11. 60. 114. 142. 11. 11. 12. 61. 132. 143. 138. 26.
    0. 0. 0. 6. 11. 3. 0. 0. 28. 20. 1. 0. 0. 0. 0. 1. 143. 143. 143.
    47. 10. 8. 7. 22. 9. 53. 143. 143. 143. 32. 7. 5. 0. 0. 0. 28. 17.
    1. 0. 0. 0. 1. 0. 0. 0. 0. 0. 0. 0. 30. 33. 3. 0. 0. 0. 0. 0. 6. 25.
    17. 1. 0. 0. 0. 0. 0. 0. 1. 0. 0. 0. 0. 0. 0. 0. 0. 0. 0. 0. 0. 0.
    0. 0. 0. 0. 4. 34. 2. 0. 0. 0. 0. 0. 14. 38. 1. 0. 0. 0. 0. 0. 0. 0.
    0. 26. 1. 0. 0. 0. 0. 0. 4. 143. 28. 6. 10. 11. 50. 143. 143. 7. 6.
    6. 46. 143. 143. 143. 33. 0. 0. 0. 3. 45. 14. 0. 0. 31. 3. 0. 0. 0.
    0. 0. 1. 143. 141. 124. 79. 13. 10. 11. 42. 9. 28. 119. 143. 143.
    44. 10. 8. 0. 0. 0. 14. 41. 2. 0. 0. 0. 0. 0. 0. 0. 0. 0. 0. 0. 2.
    20. 13. 0. 0. 0. 0. 0. 0. 24. 34. 0. 0. 0. 0. 0. 0. 0. 0. 0. 0. 0.
    0. 0. 0. 0. 0. 0. 0. 0. 0. 0. 0. 0. 0. 0. 3. 46. 16. 0. 0. 0. 0. 0.
    13. 40. 3. 0. 0. 0. 0. 0. 0. 0. 0. 39. 1. 0. 0. 0. 0. 0. 13. 144.
    35. 8. 6. 6. 45. 144. 144. 11. 9. 9. 29. 112. 144. 144. 45. 0. 0. 0.
    1. 22. 37. 0. 0. 37. 3. 0. 0. 0. 0. 0. 3. 144. 144. 144. 31. 6. 10.
    12. 48. 11. 42. 144. 144. 115. 78. 14. 10. 0. 0. 0. 3. 17. 13. 0. 0.
    0. 0. 0. 0. 0. 0. 0. 0. 0. 3. 23. 2. 0. 0. 0. 0. 0. 1. 32. 4. 0. 0.
    0. 0. 0. 0. 0. 0. 0. 0. 0. 0. 54. 0. 0. 0. 0. 0. 0. 72. 125. 0. 0.
    0. 0. 0. 0. 125. 73. 1. 5. 12. 0. 0. 1. 125. 1. 0. 27. 51. 1. 0. 2.
    14. 109. 1. 0. 0. 0. 0. 0. 115. 125. 11. 3. 4. 0. 0. 0. 86. 75. 7.
    21. 111. 1. 0. 0. 27. 4. 0. 23. 80. 3. 10. 20. 32. 104. 36. 5. 0. 0.
    0. 0. 45. 125. 53. 10. 16. 1. 0. 0. 4. 46. 26. 41. 90. 5. 0. 0. 11.
    23. 53. 64. 9. 1. 5. 8. 36. 20. 115. 28. 0. 0. 0. 0. 0. 72. 125. 35.
    13. 0. 0. 0. 0. 5. 21. 95. 77. 1. 1. 0. 0. 1. 76. 92. 20. 1. 3. 2.
    0. 3. 0. 13. 4. 4. 3. 18. 85. 5. 2. 8. 21. 111. 41. 2. 5. 125. 43.
    1. 5. 38. 12. 0. 0. 59. 14. 0. 0. 3. 4. 0. 0. 0. 0. 125. 41. 1. 1.
    8. 4. 6. 5. 125. 125. 36. 9. 7. 1. 125. 41. 24. 37. 16. 2. 1. 6.
    110. 6. 0. 0. 1. 0. 0. 4. 0. 2. 84. 13. 1. 3. 99. 30. 9. 4. 54. 47.
    17. 73. 86. 8. 125. 67. 12. 14. 5. 18. 11. 23. 82. 52. 10. 4. 0. 0.
    0. 2. 7. 12. 101. 3. 0. 0. 27. 34. 2. 5. 53. 53. 11. 44. 61. 8. 24.
    125. 40. 20. 5. 56. 25. 0. 7. 125. 83. 11. 0. 5. 2. 0. 47. 0. 0. 0.
    0. 0. 0. 71. 99. 3. 1. 1. 0. 0. 0. 120. 133. 3. 1. 1. 0. 0. 0. 66.
    66. 2. 6. 46. 1. 0. 0. 22. 121. 2. 0. 0. 0. 0. 0. 104. 91. 10. 4.
    10. 11. 3. 0. 54. 133. 25. 5. 13. 2. 0. 0. 9. 48. 10. 9. 131. 19. 0.
    0. 8. 105. 101. 11. 0. 1. 0. 0. 17. 60. 76. 36. 3. 13. 7. 1. 10.
    133. 49. 9. 23. 5. 1. 0. 7. 26. 15. 26. 75. 20. 0. 0. 9. 4. 69. 19.
    0. 0. 0. 0. 0. 28. 133. 50. 0. 0. 0. 0. 0. 97. 133. 26. 24. 0. 0. 0.
