<?xml version="1.0"?>
<opencv_storage>
<keypoints type_id="opencv-matrix">
  <rows>57</rows>
  <cols>7</cols>
  <dt>d</dt>
  <data>
    1.3930982589721680e+01 2.8646474838256836e+01 1.9305073022842407e+00
    1.7186683654785156e+02 8.2307413220405579e-02 5243391. -1.
    1.6487068176269531e+01 3.3678394317626953e+01 2.0875041484832764e+00
    1.2646002197265625e+02 7.7860005199909210e-02 10879487. -1.
    1.8874193191528320e+01 2.9190181732177734e+01 1.8684366941452026e+00
    6.2777130126953125e+01 1.0128127038478851e-01 2884095. -1.
    1.8874193191528320e+01 2.9190181732177734e+01 1.8684366941452026e+00
    2.3583106994628906e+02 1.0128127038478851e-01 2884095. -1.
    1.8913324356079102e+01 2.1496234893798828e+01 1.8399447202682495e+00
    1.2514540100097656e+02 1.0023120790719986e-01 1769983. -1.
    1.8913324356079102e+01 2.1496234893798828e+01 1.8399447202682495e+00
    2.9610437011718750e+02 1.0023120790719986e-01 1769983. -1.
    1.9022916793823242e+01 3.7002918243408203e+01 4.1066193580627441e+00
    1.2093994140625000e+02 9.4553232192993164e-02 9699584. -1.
    2.1349315643310547e+01 3.2263572692871094e+01 3.4239127635955811e+00
    1.1958726501464844e+02 8.8990941643714905e-02 13239295. -1.
    2.1440029144287109e+01 1.8580436706542969e+01 3.3057105541229248e+00
    2.4268829345703125e+02 8.5073933005332947e-02 10683391. -1.
    2.2564062118530273e+01 2.6963472366333008e+01 1.9095162153244019e+00
    2.0354583740234375e+01 7.1375459432601929e-02 4456959. -1.
    2.2564062118530273e+01 2.6963472366333008e+01 1.9095162153244019e+00
    2.8236944580078125e+02 7.1375459432601929e-02 4456959. -1.
    2.2581607818603516e+01 2.3693937301635742e+01 1.8955163955688477e+00
    7.8753204345703125e+01 7.1386486291885376e-02 3932671. -1.
    2.2581607818603516e+01 2.3693937301635742e+01 1.8955163955688477e+00
    3.3957531738281250e+02 7.1386486291885376e-02 3932671. -1.
    2.2753662109375000e+01 3.7387592315673828e+01 2.1330173015594482e+00
    2.4286450195312500e+02 8.6277313530445099e-02 12452351. -1.
    2.2918672561645508e+01 1.3548998832702637e+01 1.8379281759262085e+00
    9.3589813232421875e+01 9.7099043428897858e-02 1704447. -1.
    2.2918672561645508e+01 1.3548998832702637e+01 1.8379281759262085e+00
    2.4713873291015625e+02 9.7099043428897858e-02 1704447. -1.
    2.4905572891235352e+01 2.4443702697753906e+01 1.8207403182983398e+01
    3.7610534667968750e+01 1.8438637256622314e-02 393730. -1.
    2.4905572891235352e+01 2.4443702697753906e+01 1.8207403182983398e+01
    3.5881161499023438e+02 1.8438637256622314e-02 393730. -1.
    2.5327352523803711e+01 1.0544910430908203e+01 2.9013099670410156e+00
    5.0196777343750000e+01 5.5470809340476990e-02 1246207. -1.
    2.5343315124511719e+01 4.0047264099121094e+01 2.8072440624237061e+00
    2.3255070495605469e+02 5.6495167315006256e-02 15598335. -1.
    2.5392686843872070e+01 2.5281728744506836e+01 2.2274153232574463e+00
    2.1940795898437500e+01 1.1393784731626511e-01 15598079. -1.
    2.5392686843872070e+01 2.5281728744506836e+01 2.2274153232574463e+00
    4.7045318603515625e+01 1.1393784731626511e-01 15598079. -1.
    2.5392686843872070e+01 2.5281728744506836e+01 2.2274153232574463e+00
    9.0409973144531250e+01 1.1393784731626511e-01 15598079. -1.
    2.5392686843872070e+01 2.5281728744506836e+01 2.2274153232574463e+00
    1.5188102722167969e+02 1.1393784731626511e-01 15598079. -1.
    2.5392686843872070e+01 2.5281728744506836e+01 2.2274153232574463e+00
    2.1640588378906250e+02 1.1393784731626511e-01 15598079. -1.
    2.5392686843872070e+01 2.5281728744506836e+01 2.2274153232574463e+00
    2.7634478759765625e+02 1.1393784731626511e-01 15598079. -1.
    2.5392686843872070e+01 2.5281728744506836e+01 2.2274153232574463e+00
    3.2430993652343750e+02 1.1393784731626511e-01 15598079. -1.
    2.5412851333618164e+01 2.1869289398193359e+01 2.0002715587615967e+00
    3.7992889404296875e+01 7.1554385125637054e-02 7799295. -1.
    2.5412851333618164e+01 2.1869289398193359e+01 2.0002715587615967e+00
    1.4191250610351563e+02 7.1554385125637054e-02 7799295. -1.
    2.5431135177612305e+01 2.5354246139526367e+01 6.4809184074401855e+00
    6.7845001220703125e+01 3.3713608980178833e-02 9241344. -1.
    2.5431135177612305e+01 2.5354246139526367e+01 6.4809184074401855e+00
    1.1787126159667969e+02 3.3713608980178833e-02 9241344. -1.
    2.5431135177612305e+01 2.5354246139526367e+01 6.4809184074401855e+00
    1.7096862792968750e+02 3.3713608980178833e-02 9241344. -1.
    2.5431135177612305e+01 2.5354246139526367e+01 6.4809184074401855e+00
    2.9915371704101563e+02 3.3713608980178833e-02 9241344. -1.
    2.5431135177612305e+01 2.5354246139526367e+01 6.4809184074401855e+00
    3.5508593750000000e+02 3.3713608980178833e-02 9241344. -1.
    2.5431568145751953e+01 3.2794734954833984e+01 1.8946169614791870e+00
    2.1252136230468750e+00 9.5328755676746368e-02 3867135. -1.
    2.5431568145751953e+01 3.2794734954833984e+01 1.8946169614791870e+00
    1.7734503173828125e+02 9.5328755676746368e-02 3867135. -1.
    2.5433191299438477e+01 1.7871671676635742e+01 1.9115337133407593e+00
    1.8213171386718750e+02 9.4896160066127777e-02 4522495. -1.
    2.5433191299438477e+01 1.7871671676635742e+01 1.9115337133407593e+00
    3.5734515380859375e+02 9.4896160066127777e-02 4522495. -1.
    2.5450838088989258e+01 2.8765981674194336e+01 2.0115823745727539e+00
    2.1941833496093750e+02 7.0550948381423950e-02 8192511. -1.
    2.5450838088989258e+01 2.8765981674194336e+01 2.0115823745727539e+00
    3.2015545654296875e+02 7.0550948381423950e-02 8192511. -1.
    2.8007696151733398e+01 3.7086158752441406e+01 1.8748629093170166e+00
    6.6754913330078125e+01 9.5819056034088135e-02 3080703. -1.
    2.8235439300537109e+01 1.3282273292541504e+01 2.2094805240631104e+00
    2.9407739257812500e+02 8.7400354444980621e-02 15008255. -1.
    2.8283767700195313e+01 2.6958148956298828e+01 1.9003118276596069e+00
    1.5664253234863281e+02 6.9477751851081848e-02 4063743. -1.
    2.8283767700195313e+01 2.6958148956298828e+01 1.9003118276596069e+00
    2.5702380371093750e+02 6.9477751851081848e-02 4063743. -1.
    2.9445850372314453e+01 3.2124103546142578e+01 3.3035027980804443e+00
    5.7255523681640625e+01 8.5253424942493439e-02 10683391. -1.
    2.9544523239135742e+01 1.8293540954589844e+01 3.3993115425109863e+00
    3.0035330200195313e+02 8.8916778564453125e-02 12715007. -1.
    3.1839742660522461e+01 1.3644210815429688e+01 4.1444821357727051e+00
    2.9883456420898438e+02 9.4098538160324097e-02 10354944. -1.
    3.1968568801879883e+01 2.9195819854736328e+01 1.8366397619247437e+00
    1.1582521057128906e+02 1.0188741236925125e-01 1638911. -1.
    3.1968568801879883e+01 2.9195819854736328e+01 1.8366397619247437e+00
    3.0548895263671875e+02 1.0188741236925125e-01 1638911. -1.
    3.2001911163330078e+01 2.1470026016235352e+01 1.8736418485641479e+00
    5.5777404785156250e+01 1.0318509489297867e-01 3080703. -1.
    3.2001911163330078e+01 2.1470026016235352e+01 1.8736418485641479e+00
    2.4439904785156250e+02 1.0318509489297867e-01 3080703. -1.
    3.3197643280029297e+01 2.5394081115722656e+01 3.3565564155578613e+00
    1.7929382324218750e+00 8.3065554499626160e-02 11797503. -1.
    3.4306526184082031e+01 1.6814888000488281e+01 2.1999309062957764e+00
    1.6898313903808594e+02 7.9663917422294617e-02 14680575. -1.
    3.4306526184082031e+01 1.6814888000488281e+01 2.1999309062957764e+00
    3.0321032714843750e+02 7.9663917422294617e-02 14680575. -1.
    3.6937316894531250e+01 2.1979806900024414e+01 1.9330139160156250e+00
    1.6837295532226563e+02 8.4602542221546173e-02 5308927. -1.
    3.6937316894531250e+01 2.1979806900024414e+01 1.9330139160156250e+00
    3.5259625244140625e+02 8.4602542221546173e-02 5308927. -1.
    4.0409057617187500e+01 2.4425657272338867e+01 2.4206020832061768e+00
    1.7598091125488281e+02 5.3975768387317657e-02 4850431. -1.</data></keypoints>
