<?xml version="1.0"?>
<opencv_storage>
<keypoints type_id="opencv-matrix">
  <rows>21</rows>
  <cols>7</cols>
  <dt>d</dt>
  <data>
    1.3060789108276367e+01 2.6029981613159180e+01 4.4667153358459473e+00
    3.4560058593750000e+01 7.7351823449134827e-02 15794432. -1.
    1.3060789108276367e+01 2.6029981613159180e+01 4.4667153358459473e+00
    3.2713336181640625e+02 7.7351823449134827e-02 15794432. -1.
    1.9856634140014648e+01 1.5334156990051270e+01 2.4594528675079346e+00
    5.7454193115234375e+01 7.5308755040168762e-02 6030079. -1.
    1.9856634140014648e+01 1.5334156990051270e+01 2.4594528675079346e+00
    2.3011593627929688e+02 7.5308755040168762e-02 6030079. -1.
    2.1714891433715820e+01 2.1816213607788086e+01 2.6935448646545410e+00
    4.9846374511718750e+01 5.7251397520303726e-02 12583679. -1.
    2.2180955886840820e+01 2.1819244384765625e+01 3.0033500194549561e+00
    5.7508422851562500e+01 5.7443562895059586e-02 3802111. -1.
    2.2180955886840820e+01 2.1819244384765625e+01 3.0033500194549561e+00
    3.2098657226562500e+02 5.7443562895059586e-02 3802111. -1.
    2.2238891601562500e+01 3.7977878570556641e+01 2.2152493000030518e+00
    2.9176565551757813e+02 7.8136026859283447e-02 15204863. -1.
    2.4996774673461914e+01 2.3960769653320313e+01 1.7268276214599609e+01
    4.0957824707031250e+01 7.2078339755535126e-02 13304066. -1.
    2.6010869979858398e+01 2.9462026596069336e+01 2.4453008174896240e+00
    1.9743212890625000e+02 6.2139697372913361e-02 5636863. -1.
    2.6010869979858398e+01 2.9462026596069336e+01 2.4453008174896240e+00
    3.4069873046875000e+02 6.2139697372913361e-02 5636863. -1.
    2.6047117233276367e+01 1.2305157661437988e+01 4.2813105583190918e+00
    8.9990814208984375e+01 7.8612111508846283e-02 12714240. -1.
    2.6176605224609375e+01 2.2936460494995117e+01 5.3834056854248047e+00
    2.1687480163574219e+02 7.0800870656967163e-02 12583424. -1.
    2.6176605224609375e+01 2.2936460494995117e+01 5.3834056854248047e+00
    3.2126550292968750e+02 7.0800870656967163e-02 12583424. -1.
    2.9884962081909180e+01 2.1804237365722656e+01 3.1134583950042725e+00
    1.2296784973144531e+02 5.9450313448905945e-02 6358015. -1.
    2.9884962081909180e+01 2.1804237365722656e+01 3.1134583950042725e+00
    2.1849206542968750e+02 5.9450313448905945e-02 6358015. -1.
    3.0667900085449219e+01 3.7860935211181641e+01 2.3574953079223633e+00
    2.4772851562500000e+02 7.4452020227909088e-02 2949887. -1.
    3.2718086242675781e+01 1.5358399391174316e+01 2.5425143241882324e+00
    1.2513458251953125e+02 7.8735321760177612e-02 8454911. -1.
    3.2718086242675781e+01 1.5358399391174316e+01 2.5425143241882324e+00
    3.1010064697265625e+02 7.8735321760177612e-02 8454911. -1.
    3.9425815582275391e+01 2.6013870239257813e+01 4.5022826194763184e+00
    1.4621209716796875e+02 8.0680333077907562e-02 16318720. -1.
    3.9425815582275391e+01 2.6013870239257813e+01 4.5022826194763184e+00
    2.1289347839355469e+02 8.0680333077907562e-02 16318720. -1.</data></keypoints>
<descriptors type_id="opencv-matrix">
  <rows>21</rows>
  <cols>128</cols>
  <dt>f</dt>
  <data>
    45. 1. 0. 0. 0. 0. 0. 7. 144. 5. 1. 3. 16. 4. 1. 63. 101. 40. 26. 8.
    22. 7. 10. 64. 17. 34. 45. 17. 73. 24. 34. 33. 68. 5. 0. 0. 0. 0. 0.
    2. 144. 46. 6. 1. 5. 18. 13. 28. 51. 44. 42. 8. 41. 91. 33. 12. 11.
    76. 75. 17. 34. 25. 10. 7. 27. 17. 0. 0. 0. 0. 0. 1. 126. 144. 94.
    1. 1. 2. 1. 5. 11. 144. 144. 9. 27. 27. 7. 2. 3. 33. 115. 20. 16.
    23. 32. 6. 0. 2. 0. 0. 0. 0. 0. 0. 0. 27. 23. 0. 0. 0. 0. 0. 0. 87.
    92. 0. 0. 0. 0. 0. 0. 31. 144. 16. 1. 0. 0. 0. 0. 0. 0. 0. 0. 0. 0.
    2. 0. 0. 0. 0. 0. 0. 23. 28. 0. 0. 0. 0. 0. 0. 92. 85. 0. 0. 1. 1.
    0. 0. 142. 52. 27. 1. 0. 0. 0. 0. 0. 16. 127. 5. 0. 1. 1. 1. 89.
    142. 13. 2. 6. 21. 36. 12. 142. 142. 8. 7. 24. 19. 5. 7. 141. 62.
    63. 2. 0. 0. 0. 0. 0. 4. 142. 31. 7. 14. 5. 1. 6. 45. 69. 23. 17.
    90. 60. 8. 12. 25. 117. 30. 16. 18. 10. 20. 54. 52. 41. 8. 0. 0. 0.
    0. 0. 1. 142. 82. 2. 4. 9. 4. 0. 4. 44. 28. 12. 28. 28. 20. 7. 15.
    61. 28. 43. 54. 9. 3. 3. 15. 84. 22. 0. 0. 0. 0. 0. 35. 119. 67. 24.
    4. 1. 0. 1. 72. 12. 11. 66. 62. 52. 15. 2. 14. 12. 2. 12. 25. 48.
    18. 23. 68. 63. 61. 0. 0. 0. 0. 0. 1. 127. 93. 14. 4. 18. 8. 3. 23.
    56. 9. 41. 49. 116. 19. 3. 15. 127. 6. 10. 9. 5. 1. 2. 87. 70. 10.
    0. 0. 0. 0. 0. 0. 127. 49. 0. 0. 27. 7. 0. 7. 86. 19. 0. 0. 127. 54.
    1. 5. 127. 72. 28. 9. 8. 5. 0. 11. 23. 12. 0. 0. 0. 0. 0. 0. 127.
    126. 0. 0. 4. 2. 0. 0. 48. 58. 0. 0. 65. 90. 5. 0. 22. 49. 16. 7.
    10. 39. 23. 12. 8. 19. 11. 9. 38. 58. 33. 12. 100. 79. 5. 1. 47. 32.
    0. 0. 15. 5. 0. 0. 132. 92. 0. 0. 0. 0. 0. 0. 44. 15. 0. 0. 5. 1. 0.
    43. 132. 39. 24. 4. 132. 20. 1. 15. 95. 9. 0. 8. 43. 4. 1. 28. 132.
    16. 0. 1. 0. 0. 0. 6. 87. 4. 0. 0. 8. 2. 9. 119. 96. 6. 19. 16. 108.
    10. 3. 23. 41. 13. 59. 55. 17. 5. 3. 52. 132. 70. 8. 2. 0. 0. 0. 5.
    64. 32. 0. 0. 80. 15. 20. 27. 3. 1. 23. 37. 36. 7. 4. 33. 19. 21.
    73. 40. 0. 0. 0. 94. 130. 68. 11. 1. 0. 0. 0. 29. 61. 17. 0. 0. 55.
    37. 36. 20. 29. 5. 2. 21. 49. 8. 57. 48. 42. 5. 7. 54. 22. 1. 1. 2.
    8. 6. 61. 116. 0. 0. 1. 5. 83. 43. 50. 19. 116. 5. 0. 7. 116. 10. 2.
    21. 116. 26. 8. 8. 73. 5. 0. 64. 62. 19. 75. 8. 2. 1. 1. 51. 0. 12.
    43. 6. 85. 56. 0. 1. 116. 54. 0. 0. 82. 43. 1. 0. 85. 79. 23. 5. 58.
    58. 15. 10. 15. 43. 116. 53. 11. 33. 12. 6. 3. 93. 116. 8. 8. 24.
    11. 3. 116. 88. 0. 0. 6. 21. 5. 2. 28. 10. 1. 1. 13. 84. 70. 16. 2.
    2. 14. 12. 19. 74. 34. 10. 5. 17. 27. 3. 1. 31. 53. 14. 60. 42. 34.
    34. 16. 4. 2. 26. 34. 4. 22. 49. 58. 13. 18. 65. 13. 0. 3. 4. 15.
    28. 90. 116. 3. 7. 4. 5. 82. 76. 38. 7. 116. 25. 9. 13. 63. 17. 1.
    9. 116. 35. 16. 13. 38. 9. 0. 50. 60. 20. 88. 18. 16. 13. 4. 47. 1.
    7. 51. 13. 94. 116. 4. 1. 116. 78. 0. 0. 46. 34. 1. 1. 65. 87. 27.
    5. 39. 55. 18. 6. 11. 38. 116. 64. 9. 25. 17. 4. 7. 53. 116. 15. 9.
    23. 14. 7. 109. 116. 0. 0. 2. 10. 2. 1. 47. 38. 3. 1. 6. 54. 77. 14.
    1. 2. 4. 6. 24. 76. 47. 6. 6. 7. 4. 3. 5. 18. 37. 18. 0. 0. 3. 11.
    5. 3. 117. 96. 0. 0. 51. 29. 1. 1. 117. 61. 4. 8. 71. 9. 1. 21. 117.
    11. 30. 21. 10. 2. 1. 27. 86. 48. 4. 2. 10. 67. 72. 12. 38. 18. 27.
    5. 43. 47. 20. 8. 72. 75. 15. 11. 50. 5. 1. 67. 117. 28. 40. 59. 51.
    8. 14. 46. 28. 7. 6. 8. 29. 76. 33. 3. 1. 2. 117. 42. 9. 24. 10. 3.
    13. 46. 74. 7. 16. 8. 9. 70. 61. 21. 7. 6. 14. 17. 107. 117. 11. 0.
    9. 3. 2. 15. 32. 19. 10. 17. 117. 12. 20. 31. 7. 4. 6. 73. 31. 11.
    117. 89. 4. 1. 1. 6. 5. 5. 70. 71. 58. 11. 3. 5. 28. 1. 0. 0. 0. 0.
    0. 7. 141. 1. 0. 1. 3. 0. 0. 113. 72. 0. 0. 77. 102. 0. 1. 66. 26.
    0. 2. 68. 45. 0. 2. 69. 57. 1. 0. 0. 0. 0. 0. 3. 141. 14. 2. 8. 14.
    0. 0. 32. 98. 9. 4. 79. 141. 0. 1. 17. 65. 4. 1. 27. 74. 19. 12. 32.
    51. 0. 0. 0. 0. 0. 0. 40. 141. 44. 26. 38. 13. 3. 1. 58. 64. 62. 57.
    141. 58. 5. 2. 3. 97. 77. 8. 6. 10. 13. 8. 9. 71. 20. 1. 0. 0. 0. 0.
    27. 56. 37. 17. 9. 21. 19. 4. 37. 27. 20. 10. 26. 30. 45. 85. 33.
    53. 71. 8. 1. 3. 26. 37. 18. 0. 0. 0. 0. 0. 0. 0. 0. 0. 0. 0. 0. 0.
    0. 30. 12. 0. 0. 0. 0. 0. 0. 28. 7. 0. 0. 0. 0. 0. 0. 0. 0. 38. 1.
    0. 0. 0. 0. 0. 5. 147. 46. 12. 7. 6. 16. 147. 147. 26. 13. 16. 55.
    127. 83. 147. 77. 0. 0. 0. 5. 16. 1. 0. 0. 34. 5. 0. 0. 0. 0. 0. 2.
    147. 147. 147. 21. 5. 5. 9. 40. 24. 82. 147. 142. 130. 23. 14. 11.
    0. 0. 0. 6. 18. 0. 0. 0. 0. 0. 0. 0. 0. 0. 0. 0. 0. 17. 24. 0. 0. 0.
    0. 0. 0. 8. 17. 0. 0. 0. 0. 0. 0. 0. 0. 0. 0. 0. 0. 0. 4. 1. 2. 55.
    60. 21. 31. 35. 15. 17. 3. 4. 16. 14. 110. 80. 7. 34. 43. 14. 7. 16.
    49. 18. 1. 59. 53. 2. 1. 33. 9. 0. 44. 12. 20. 61. 12. 0. 4. 46. 89.
    47. 22. 16. 17. 31. 27. 31. 13. 27. 42. 32. 99. 133. 13. 5. 37. 102.
    24. 3. 7. 42. 11. 2. 59. 10. 7. 47. 98. 8. 2. 21. 133. 43. 9. 18.
    21. 19. 7. 45. 59. 3. 0. 0. 44. 133. 24. 15. 46. 38. 2. 1. 8. 133.
    72. 12. 30. 12. 15. 9. 56. 24. 10. 37. 133. 4. 1. 0. 8. 8. 8. 133.
    36. 1. 6. 5. 1. 57. 16. 23. 0. 0. 3. 39. 35. 95. 57. 2. 12. 26. 11.
