<?xml version="1.0"?>
<opencv_storage>
<keypoints type_id="opencv-matrix">
  <rows>15</rows>
  <cols>7</cols>
  <dt>d</dt>
  <data>
    1.5828090667724609e+01 2.7408428192138672e+01 3.1799275875091553e+00
    1.0108294677734375e+02 8.7868414819240570e-02 7930879. -1.
    2.2524606704711914e+01 2.0032226562500000e+01 3.2233636379241943e+00
    8.4919464111328125e+01 7.9049117863178253e-02 8913919. -1.
    2.2675466537475586e+01 2.3779783248901367e+01 1.9798662662506104e+00
    3.5737692260742188e+02 7.3003552854061127e-02 7078399. -1.
    2.5221754074096680e+01 1.4825051307678223e+01 4.0988564491271973e+00
    8.0717346191406250e+01 6.5053232014179230e-02 9568512. -1.
    2.5711069107055664e+01 3.6218116760253906e+01 3.7924797534942627e+00
    2.6205200195312500e+02 4.8064224421977997e-02 3932416. -1.
    2.5742786407470703e+01 2.2486068725585938e+01 1.8759377002716064e+00
    1.9164617919921875e+02 1.1481564491987228e-01 3146239. -1.
    2.5742786407470703e+01 2.2486068725585938e+01 1.8759377002716064e+00
    2.4967465209960938e+02 1.1481564491987228e-01 3146239. -1.
    2.5742786407470703e+01 2.2486068725585938e+01 1.8759377002716064e+00
    3.1801144409179688e+02 1.1481564491987228e-01 3146239. -1.
    2.5938381195068359e+01 2.5203319549560547e+01 1.1520463943481445e+01
    2.6805468750000000e+02 4.8791337758302689e-02 721665. -1.
    2.8553831100463867e+01 2.3809732437133789e+01 1.9006708860397339e+00
    1.8711915588378906e+02 7.2705015540122986e-02 4129279. -1.
    2.8662231445312500e+01 1.9467575073242188e+01 3.4348111152648926e+00
    7.9558441162109375e+01 8.4742918610572815e-02 13501439. -1.
    2.9004140853881836e+01 3.4525924682617188e+01 1.8482443094253540e+00
    2.7665606689453125e+02 4.9415688961744308e-02 2097663. -1.
    3.2734367370605469e+01 2.2173784255981445e+01 3.3798663616180420e+00
    1.9972212219238281e+02 8.0737903714179993e-02 12321791. -1.
    3.5455234527587891e+01 2.6405399322509766e+01 3.4261729717254639e+00
    7.1799133300781250e+01 8.7897621095180511e-02 13304831. -1.
    3.5455234527587891e+01 2.6405399322509766e+01 3.4261729717254639e+00
    2.2618128967285156e+02 8.7897621095180511e-02 13304831. -1.</data></keypoints>
<descriptors type_id="opencv-matrix">
  <rows>15</rows>
  <cols>128</cols>
  <dt>f</dt>
  <data>
    28. 23. 30. 67. 27. 45. 22. 3. 94. 53. 32. 21. 22. 32. 11. 7. 22. 6.
    0. 4. 142. 129. 1. 1. 4. 0. 0. 4. 52. 83. 15. 14. 44. 43. 78. 142.
    56. 6. 2. 3. 142. 98. 64. 52. 30. 4. 1. 22. 72. 11. 3. 106. 142. 14.
    0. 4. 0. 0. 2. 57. 59. 11. 1. 0. 24. 9. 13. 37. 49. 19. 12. 14. 142.
    87. 46. 44. 12. 6. 8. 32. 23. 23. 42. 142. 98. 0. 0. 1. 0. 0. 1. 27.
    14. 0. 0. 0. 2. 1. 0. 0. 1. 2. 2. 1. 9. 25. 28. 8. 0. 0. 1. 2. 0. 4.
    22. 33. 2. 0. 0. 0. 0. 0. 0. 2. 0. 0. 0. 0. 26. 26. 18. 35. 7. 0. 0.
    1. 138. 65. 7. 7. 4. 36. 33. 23. 35. 9. 7. 28. 15. 122. 116. 19. 60.
    30. 5. 13. 22. 12. 28. 23. 42. 8. 4. 19. 34. 47. 9. 11. 138. 43. 8.
    12. 11. 12. 6. 27. 55. 13. 42. 64. 47. 61. 17. 6. 58. 7. 12. 6. 38.
    21. 10. 24. 20. 2. 0. 0. 2. 30. 16. 18. 138. 46. 48. 67. 6. 5. 8.
    40. 65. 47. 138. 138. 16. 13. 3. 17. 138. 37. 29. 16. 47. 7. 2. 38.
    4. 4. 0. 0. 0. 0. 0. 1. 10. 21. 20. 35. 16. 6. 2. 1. 105. 15. 15.
    38. 22. 11. 11. 73. 111. 17. 21. 82. 26. 0. 0. 53. 18. 89. 64. 2. 0.
    1. 14. 15. 43. 116. 15. 2. 0. 5. 90. 18. 7. 13. 26. 44. 5. 2. 116.
    13. 5. 39. 36. 11. 1. 1. 84. 17. 32. 49. 38. 5. 1. 21. 27. 15. 116.
    116. 10. 7. 6. 0. 1. 27. 38. 27. 31. 94. 106. 19. 4. 5. 78. 71. 39.
    26. 18. 10. 6. 24. 15. 1. 0. 0. 0. 116. 116. 23. 108. 35. 19. 3. 1.
    13. 112. 48. 11. 17. 43. 27. 33. 18. 73. 4. 28. 21. 23. 8. 7. 11.
    50. 18. 0. 33. 60. 0. 0. 43. 61. 1. 1. 5. 69. 5. 0. 16. 116. 4. 0.
    0. 63. 27. 1. 13. 114. 0. 0. 1. 66. 15. 1. 8. 74. 0. 0. 0. 0. 1. 0.
    0. 0. 0. 26. 12. 7. 5. 0. 0. 2. 14. 51. 13. 2. 1. 10. 76. 60. 43.
    149. 17. 1. 1. 9. 58. 49. 51. 0. 0. 0. 10. 14. 2. 0. 0. 87. 49. 27.
    60. 42. 12. 2. 7. 149. 67. 8. 9. 14. 69. 63. 60. 77. 10. 1. 13. 30.
    105. 101. 44. 0. 0. 0. 1. 12. 9. 0. 0. 85. 7. 1. 7. 36. 61. 29. 50.
    149. 58. 87. 44. 17. 5. 9. 68. 74. 45. 83. 46. 39. 11. 3. 17. 0. 0.
    0. 0. 0. 1. 0. 0. 20. 12. 5. 1. 0. 4. 5. 10. 56. 40. 89. 77. 9. 4.
    4. 24. 149. 48. 63. 52. 9. 1. 1. 67. 0. 0. 0. 2. 0. 0. 0. 0. 12. 10.
    10. 10. 0. 0. 0. 5. 94. 13. 3. 0. 0. 0. 4. 141. 48. 0. 0. 26. 94.
    19. 31. 141. 0. 0. 0. 8. 15. 2. 0. 0. 38. 34. 26. 56. 48. 14. 2. 5.
    141. 86. 11. 4. 1. 2. 1. 39. 138. 22. 3. 23. 104. 30. 14. 28. 0. 0.
    0. 0. 10. 8. 0. 0. 32. 3. 1. 4. 35. 62. 27. 50. 141. 18. 1. 0. 1. 7.
    12. 141. 104. 24. 16. 30. 37. 6. 4. 24. 0. 0. 0. 0. 0. 1. 0. 0. 30.
    18. 0. 0. 0. 3. 6. 19. 141. 119. 2. 0. 1. 2. 4. 51. 53. 49. 26. 34.
    135. 33. 6. 17. 2. 2. 74. 24. 0. 1. 33. 15. 2. 2. 97. 30. 1. 4. 15.
    13. 5. 3. 79. 30. 5. 12. 25. 21. 0. 3. 69. 41. 59. 26. 9. 1. 80. 29.
    18. 5. 13. 12. 25. 32. 16. 20. 20. 31. 76. 43. 25. 13. 104. 53. 11.
    5. 20. 26. 20. 44. 9. 1. 1. 3. 116. 116. 13. 5. 116. 22. 1. 0. 9.
    13. 6. 49. 20. 3. 4. 8. 48. 116. 84. 30. 65. 9. 23. 14. 4. 20. 57.
    114. 8. 0. 40. 30. 23. 116. 16. 10. 116. 10. 21. 13. 0. 1. 2. 43. 8.
    3. 96. 95. 2. 13. 17. 4. 1. 0. 116. 116. 0. 2. 10. 7. 3. 5. 116. 76.
    2. 1. 0. 1. 30. 1. 1. 60. 72. 1. 1. 7. 25. 10. 5. 18. 34. 40. 62.
    38. 3. 8. 3. 0. 1. 78. 123. 38. 4. 0. 0. 14. 32. 9. 87. 98. 20. 3.
    1. 66. 72. 2. 2. 8. 33. 54. 73. 27. 20. 17. 12. 15. 72. 122. 44. 6.
    5. 7. 42. 21. 12. 9. 1. 78. 123. 5. 20. 7. 29. 19. 7. 37. 40. 6. 10.
    29. 18. 26. 16. 9. 16. 80. 103. 43. 77. 25. 4. 9. 24. 10. 63. 123.
    11. 2. 0. 86. 123. 0. 1. 8. 10. 45. 63. 22. 42. 17. 0. 2. 12. 123.
    73. 2. 2. 4. 16. 7. 8. 93. 18. 18. 42. 2. 16. 20. 0. 1. 2. 49. 123.
    4. 1. 1. 108. 28. 0. 0. 0. 2. 8. 86. 112. 8. 14. 3. 0. 48. 19. 46.
    1. 5. 13. 2. 1. 116. 54. 1. 1. 0. 0. 0. 0. 116. 67. 0. 54. 19. 8. 9.
    1. 9. 18. 116. 34. 19. 83. 109. 22. 3. 2. 40. 64. 105. 75. 18. 3.
    33. 12. 10. 19. 11. 3. 8. 3. 116. 61. 2. 12. 28. 16. 7. 2. 101. 11.
    4. 14. 19. 23. 45. 37. 31. 26. 28. 91. 34. 20. 33. 5. 5. 22. 108.
    21. 9. 88. 116. 3. 6. 2. 5. 0. 42. 33. 1. 3. 83. 4. 0. 11. 26. 8. 1.
    1. 99. 8. 6. 10. 28. 38. 87. 18. 18. 5. 14. 0. 0. 43. 116. 25. 16.
    15. 0. 3. 0. 0. 0. 0. 0. 0. 5. 7. 0. 0. 0. 0. 11. 49. 50. 0. 0. 0.
    0. 3. 55. 39. 5. 0. 0. 0. 0. 2. 4. 0. 0. 49. 3. 0. 0. 0. 0. 0. 10.
    151. 19. 4. 6. 11. 56. 104. 151. 22. 6. 4. 26. 151. 151. 97. 35. 0.
    0. 1. 3. 48. 20. 0. 0. 48. 10. 0. 0. 0. 0. 0. 4. 151. 151. 99. 46.
    11. 7. 4. 19. 22. 39. 104. 151. 151. 39. 4. 5. 0. 0. 0. 20. 54. 6.
    0. 0. 3. 4. 0. 0. 0. 0. 0. 0. 7. 43. 32. 8. 0. 0. 0. 0. 0. 5. 32.
    50. 2. 0. 0. 0. 0. 0. 0. 5. 2. 0. 0. 0. 0. 0. 24. 44. 4. 26. 92. 9.
    1. 1. 87. 22. 0. 5. 112. 16. 1. 1. 112. 15. 0. 1. 55. 41. 1. 2. 114.
    19. 0. 1. 20. 21. 11. 14. 56. 121. 39. 1. 0. 2. 79. 32. 83. 28. 4.
    5. 27. 40. 9. 8. 57. 27. 43. 29. 41. 14. 42. 28. 34. 12. 8. 11. 26.
    32. 50. 24. 70. 102. 7. 4. 1. 13. 121. 46. 6. 4. 10. 9. 9. 71. 34.
    7. 5. 19. 110. 114. 48. 25. 94. 27. 7. 7. 13. 26. 40. 85. 57. 1. 3.
    3. 2. 22. 25. 58. 121. 7. 12. 4. 0. 3. 4. 105. 17. 3. 56. 37. 5. 52.
    40. 15. 4. 1. 95. 43. 1. 10. 36. 35. 8. 1. 0. 0. 0. 0. 1. 6. 18. 2.
    0. 2. 11. 32. 28. 27. 67. 18. 9. 11. 20. 31. 9. 20. 91. 17. 1. 0.
    14. 67. 47. 55. 26. 22. 21. 35. 5. 0. 0. 2. 140. 48. 10. 6. 9. 73.
    44. 42. 82. 16. 5. 15. 23. 140. 130. 31. 140. 63. 5. 21. 34. 29. 28.
    30. 47. 9. 9. 30. 39. 36. 6. 12. 140. 28. 8. 19. 14. 16. 9. 46. 50.
    8. 32. 68. 42. 78. 37. 14. 44. 6. 7. 16. 58. 16. 15. 30. 25. 2. 0.
    0. 4. 29. 13. 22. 140. 29. 61. 54. 6. 7. 6. 50. 58. 40. 140. 63. 15.
    22. 6. 18. 69. 13. 7. 11. 74. 10. 3. 28. 1. 3. 2. 58. 41. 23. 1. 0.
    125. 106. 4. 12. 4. 6. 1. 0. 127. 90. 0. 0. 29. 23. 0. 2. 127. 122.
    1. 1. 25. 10. 0. 0. 0. 0. 0. 1. 15. 127. 15. 0. 119. 31. 0. 0. 1.
    82. 31. 14. 127. 48. 0. 0. 41. 23. 3. 15. 127. 57. 0. 0. 55. 20. 0.
