<?xml version="1.0"?>
<opencv_storage>
<keypoints type_id="opencv-matrix">
  <rows>25</rows>
  <cols>7</cols>
  <dt>d</dt>
  <data>
    2.0110078811645508e+01 7.0754455566406250e+01 2.4485657215118408e+00
    2.9159918212890625e+02 6.4138509333133698e-02 5702399. -1.
    2.1554430007934570e+01 2.4694231033325195e+01 2.0277020931243896e+00
    4.0091583251953125e+01 9.9557563662528992e-02 8782335. -1.
    2.5110000610351563e+01 4.5875293731689453e+01 3.9293410778045654e+00
    3.5235815429687500e+02 5.3488224744796753e-02 6488320. -1.
    2.5125190734863281e+01 3.7725025177001953e+01 4.0329322814941406e+00
    3.5636447143554688e+02 5.5470470339059830e-02 8388864. -1.
    2.5146038055419922e+01 2.8741130828857422e+01 3.9618370532989502e+00
    8.2461853027343750e+00 7.9318962991237640e-02 7078144. -1.
    2.5146038055419922e+01 2.8741130828857422e+01 3.9618370532989502e+00
    1.0794303894042969e+02 7.9318962991237640e-02 7078144. -1.
    3.1558189392089844e+01 2.2140356063842773e+01 3.2967984676361084e+00
    6.3812561035156250e+01 9.7217656672000885e-02 10486783. -1.
    3.1564865112304688e+01 2.9942434310913086e+01 3.3275341987609863e+00
    9.0534759521484375e+01 6.3385896384716034e-02 11207679. -1.
    3.2240493774414063e+01 4.6221572875976563e+01 3.8592166900634766e+00
    9.1037933349609375e+01 4.8654891550540924e-02 5177600. -1.
    3.4082908630371094e+01 3.3503952026367188e+01 2.0056791305541992e+00
    9.6659393310546875e+01 9.0145088732242584e-02 7995903. -1.
    3.4082908630371094e+01 3.3503952026367188e+01 2.0056791305541992e+00
    2.6256845092773438e+02 9.0145088732242584e-02 7995903. -1.
    4.1328182220458984e+01 4.1791191101074219e+01 1.8074541091918945e+00
    7.7657928466796875e+01 9.1115206480026245e-02 459263. -1.
    4.1328182220458984e+01 4.1791191101074219e+01 1.8074541091918945e+00
    2.8002447509765625e+02 9.1115206480026245e-02 459263. -1.
    4.2954948425292969e+01 3.7843555450439453e+01 3.8830993175506592e+00
    8.9598815917968750e+01 5.3745225071907043e-02 5636352. -1.
    4.3005325317382813e+01 4.5849327087402344e+01 3.8668682575225830e+00
    2.7107785034179688e+02 4.8240996897220612e-02 5308672. -1.
    4.3620437622070313e+01 2.2142652511596680e+01 3.2827343940734863e+00
    1.1608985900878906e+02 9.8062187433242798e-02 10224639. -1.
    4.9826847076416016e+01 2.8919097900390625e+01 4.1139059066772461e+00
    7.4419128417968750e+01 7.5790509581565857e-02 9830656. -1.
    4.9826847076416016e+01 2.8919097900390625e+01 4.1139059066772461e+00
    1.7523139953613281e+02 7.5790509581565857e-02 9830656. -1.
    4.9857189178466797e+01 3.7452941894531250e+01 4.0439753532409668e+00
    1.8165899658203125e+02 5.4346535354852676e-02 8585472. -1.
    4.9943141937255859e+01 4.6167240142822266e+01 3.9761142730712891e+00
    1.8409967041015625e+02 4.9542207270860672e-02 7340288. -1.
    5.1749126434326172e+01 6.6352134704589844e+01 2.0574617385864258e+00
    2.2518844604492188e+02 4.4012177735567093e-02 9830911. -1.
    5.3355381011962891e+01 2.4606815338134766e+01 2.0482461452484131e+00
    1.3760781860351563e+02 8.9512653648853302e-02 9503231. -1.
    5.3355381011962891e+01 2.4606815338134766e+01 2.0482461452484131e+00
    2.8305609130859375e+02 8.9512653648853302e-02 9503231. -1.
    5.6559310913085938e+01 5.5135368347167969e+01 1.8830183744430542e+00
    1.8713668823242188e+02 8.4525562822818756e-02 3408383. -1.
    5.6570583343505859e+01 6.1006656646728516e+01 1.8430575132369995e+00
    1.7445977783203125e+02 8.1149831414222717e-02 1901055. -1.</data></keypoints>
<descriptors type_id="opencv-matrix">
  <rows>25</rows>
  <cols>128</cols>
  <dt>f</dt>
  <data>
    0. 0. 0. 0. 0. 0. 0. 1. 3. 0. 0. 0. 0. 0. 9. 64. 1. 0. 1. 1. 0. 0.
    99. 122. 0. 0. 14. 5. 0. 0. 122. 122. 15. 0. 0. 0. 0. 0. 0. 7. 122.
    3. 0. 1. 2. 0. 4. 122. 38. 1. 20. 76. 22. 1. 43. 122. 10. 2. 66. 43.
    1. 0. 36. 110. 22. 6. 0. 0. 0. 0. 0. 1. 122. 92. 0. 2. 5. 1. 0. 19.
    98. 36. 2. 32. 65. 42. 7. 38. 107. 14. 3. 7. 4. 6. 15. 122. 3. 3. 0.
    0. 0. 0. 0. 0. 113. 99. 0. 0. 0. 0. 0. 0. 115. 98. 0. 0. 12. 22. 2.
    3. 88. 67. 0. 0. 7. 7. 1. 3. 7. 0. 0. 0. 0. 0. 2. 55. 5. 0. 1. 9. 0.
    0. 34. 118. 2. 2. 6. 39. 33. 20. 52. 78. 3. 43. 29. 7. 23. 14. 51.
    9. 117. 2. 0. 0. 1. 0. 0. 98. 53. 1. 8. 83. 53. 5. 4. 113. 83. 8.
    21. 78. 16. 4. 14. 74. 20. 2. 0. 2. 3. 8. 118. 71. 118. 70. 0. 0. 1.
    1. 0. 8. 71. 63. 1. 12. 84. 86. 1. 4. 118. 85. 1. 5. 24. 67. 2. 19.
    57. 86. 0. 1. 2. 1. 10. 16. 24. 75. 0. 0. 0. 0. 0. 0. 35. 118. 0. 0.
    5. 35. 0. 0. 23. 76. 0. 0. 9. 118. 2. 0. 27. 118. 0. 0. 3. 20. 0. 0.
    147. 1. 0. 0. 0. 0. 0. 34. 147. 6. 2. 2. 1. 2. 1. 28. 50. 11. 43.
    21. 11. 33. 34. 19. 2. 15. 63. 5. 1. 24. 48. 14. 147. 5. 0. 0. 0. 0.
    0. 39. 147. 23. 5. 4. 2. 4. 1. 16. 43. 13. 64. 31. 19. 47. 35. 4. 0.
    17. 99. 3. 2. 21. 72. 1. 147. 2. 0. 0. 0. 0. 0. 51. 147. 11. 14. 14.
    7. 8. 3. 42. 24. 49. 84. 28. 10. 26. 34. 14. 2. 22. 89. 16. 2. 21.
    51. 4. 147. 5. 0. 0. 0. 0. 0. 28. 147. 6. 0. 1. 3. 10. 11. 25. 13.
    6. 5. 3. 5. 24. 75. 22. 1. 3. 13. 6. 1. 33. 68. 5. 145. 0. 0. 0. 0.
    0. 0. 27. 145. 2. 2. 5. 2. 5. 15. 83. 23. 16. 25. 24. 5. 51. 82. 27.
    6. 19. 33. 8. 0. 7. 86. 6. 145. 0. 0. 0. 0. 0. 0. 18. 145. 6. 3. 7.
    6. 11. 4. 18. 30. 19. 39. 27. 16. 41. 55. 30. 3. 12. 51. 15. 2. 30.
    60. 14. 145. 8. 0. 0. 0. 0. 0. 12. 145. 34. 7. 9. 4. 5. 2. 4. 21.
    11. 90. 39. 14. 26. 38. 6. 0. 10. 133. 2. 1. 10. 55. 3. 145. 4. 0.
    0. 0. 0. 0. 16. 145. 19. 11. 8. 3. 5. 1. 11. 16. 25. 55. 17. 7. 22.
    34. 4. 1. 8. 53. 10. 1. 9. 57. 1. 23. 0. 0. 0. 0. 0. 28. 92. 3. 0.
    0. 0. 0. 6. 129. 79. 45. 19. 4. 0. 0. 5. 87. 129. 15. 19. 49. 5. 0.
    5. 41. 128. 129. 11. 0. 0. 0. 0. 4. 63. 81. 3. 0. 2. 0. 13. 81. 113.
    31. 23. 12. 9. 0. 37. 129. 47. 8. 20. 49. 11. 0. 1. 80. 32. 129. 45.
    0. 0. 0. 0. 0. 2. 129. 41. 2. 10. 5. 4. 6. 25. 29. 25. 32. 48. 18.
    26. 48. 24. 4. 12. 34. 28. 2. 12. 53. 20. 129. 40. 0. 0. 0. 0. 0. 0.
    129. 63. 1. 1. 1. 2. 2. 1. 37. 18. 26. 28. 10. 17. 31. 14. 1. 1. 74.
    23. 1. 4. 33. 14. 21. 57. 12. 12. 66. 27. 1. 3. 57. 50. 2. 9. 34.
    29. 2. 1. 49. 35. 7. 10. 30. 29. 3. 7. 23. 18. 1. 0. 49. 50. 5. 3.
    30. 120. 74. 35. 19. 1. 0. 1. 120. 61. 25. 25. 20. 14. 2. 10. 41.
    24. 36. 30. 24. 45. 28. 23. 23. 9. 52. 55. 10. 25. 8. 12. 120. 120.
    11. 1. 0. 0. 0. 2. 97. 107. 81. 6. 0. 1. 0. 5. 5. 19. 120. 87. 1. 6.
    4. 2. 0. 0. 120. 120. 0. 0. 0. 1. 32. 93. 14. 0. 0. 0. 0. 0. 7. 78.
    120. 22. 0. 0. 0. 0. 0. 2. 120. 93. 0. 0. 0. 0. 0. 0. 97. 67. 0. 0.
    0. 0. 37. 5. 0. 0. 0. 0. 0. 10. 133. 25. 0. 0. 0. 0. 26. 133. 36. 5.
    0. 36. 34. 2. 42. 126. 21. 0. 0. 48. 70. 8. 4. 48. 53. 4. 0. 0. 0.
    0. 0. 5. 133. 49. 6. 5. 0. 0. 0. 29. 95. 19. 13. 133. 55. 0. 0. 12.
    63. 0. 1. 53. 36. 0. 0. 80. 51. 1. 0. 0. 0. 0. 0. 41. 133. 70. 39.
    7. 0. 3. 12. 71. 62. 32. 73. 77. 9. 1. 11. 94. 64. 2. 9. 36. 34. 2.
    2. 77. 83. 2. 0. 0. 1. 0. 0. 69. 64. 16. 4. 7. 7. 8. 19. 90. 43. 34.
    9. 4. 12. 6. 29. 132. 16. 9. 19. 45. 42. 21. 13. 27. 26. 8. 0. 2.
    113. 11. 1. 30. 114. 2. 0. 1. 87. 6. 0. 5. 89. 2. 0. 2. 114. 5. 1.
    2. 94. 2. 0. 5. 68. 1. 0. 2. 46. 75. 13. 38. 113. 0. 0. 1. 114. 18.
    2. 22. 83. 6. 0. 1. 77. 9. 5. 15. 99. 46. 10. 23. 74. 10. 1. 1. 91.
    4. 2. 21. 62. 85. 66. 53. 15. 0. 6. 26. 114. 12. 10. 35. 30. 10. 2.
    75. 47. 33. 21. 64. 68. 46. 23. 25. 58. 39. 6. 3. 63. 13. 7. 25. 90.
    27. 5. 2. 6. 4. 11. 34. 61. 77. 61. 3. 6. 11. 5. 48. 7. 8. 110. 9.
    14. 42. 32. 20. 12. 2. 93. 10. 8. 9. 10. 23. 84. 4. 2. 16. 85. 8. 1.
    1. 80. 30. 9. 17. 82. 7. 3. 8. 72. 9. 0. 8. 117. 4. 0. 2. 107. 7. 0.
    1. 8. 0. 0. 1. 75. 6. 1. 3. 117. 11. 1. 19. 117. 5. 1. 3. 117. 11.
    1. 4. 79. 7. 2. 11. 117. 47. 3. 21. 106. 9. 1. 1. 8. 3. 1. 21. 52.
    30. 5. 8. 92. 28. 7. 19. 99. 4. 6. 8. 88. 33. 17. 35. 49. 23. 12.
    50. 100. 39. 9. 19. 81. 36. 13. 6. 5. 2. 3. 16. 12. 5. 117. 24. 9.
    13. 6. 14. 5. 2. 117. 51. 13. 16. 8. 14. 6. 7. 117. 28. 21. 24. 9.
