<?xml version="1.0"?>
<opencv_storage>
<keypoints type_id="opencv-matrix">
  <rows>25</rows>
  <cols>7</cols>
  <dt>d</dt>
  <data>
    9.5321502685546875e+00 2.5466415405273438e+01 2.0209388732910156e+00
    3.7155212402343750e+01 3.0119255185127258e-02 8520191. -1.
    1.1225646018981934e+01 3.0962472915649414e+01 3.3097209930419922e+00
    3.0618103027343750e+02 7.9629093408584595e-02 10814463. -1.
    1.1225646018981934e+01 3.0962472915649414e+01 3.3097209930419922e+00
    3.5688522338867188e+02 7.9629093408584595e-02 10814463. -1.
    1.3346261024475098e+01 2.6325912475585938e+01 2.2208487987518311e+00
    3.4127227783203125e+02 4.8057395964860916e-02 15335935. -1.
    1.9010951995849609e+01 1.5387440681457520e+01 6.1006045341491699e+00
    3.5124938964843750e+01 7.6394081115722656e-02 4915968. -1.
    1.9010951995849609e+01 1.5387440681457520e+01 6.1006045341491699e+00
    6.8704772949218750e+01 7.6394081115722656e-02 4915968. -1.
    2.2414770126342773e+01 2.1605764389038086e+01 4.5805759429931641e+00
    7.0319519042968750e+01 6.6903971135616302e-02 852480. -1.
    2.2658674240112305e+01 3.9315013885498047e+01 2.1106545925140381e+00
    3.1113549804687500e+02 2.6858104392886162e-02 11665919. -1.
    2.5629344940185547e+01 3.7986152648925781e+01 2.0808026790618896e+00
    2.8080841064453125e+02 2.9657561331987381e-02 10617343. -1.
    2.5792070388793945e+01 9.5777330398559570e+00 2.0791394710540771e+00
    1.2755279541015625e+02 3.6922052502632141e-02 10617343. -1.
    2.5886159896850586e+01 4.1775161743164063e+01 2.7831771373748779e+00
    2.3111970520019531e+02 3.7347208708524704e-02 14942975. -1.
    2.5886159896850586e+01 4.1775161743164063e+01 2.7831771373748779e+00
    3.0895825195312500e+02 3.7347208708524704e-02 14942975. -1.
    2.6354074478149414e+01 3.0053493499755859e+01 7.9866442680358887e+00
    2.4501687622070313e+02 5.7185899466276169e-02 7667969. -1.
    2.6354074478149414e+01 3.0053493499755859e+01 7.9866442680358887e+00
    2.8914001464843750e+02 5.7185899466276169e-02 7667969. -1.
    2.6715433120727539e+01 3.1959983825683594e+01 2.1747710704803467e+00
    2.3923239135742188e+02 3.1528413295745850e-02 13828607. -1.
    2.7003471374511719e+01 2.8233282089233398e+01 5.5571351051330566e+00
    6.9968841552734375e+01 6.3007749617099762e-02 14877184. -1.
    2.7003471374511719e+01 2.8233282089233398e+01 5.5571351051330566e+00
    1.2946789550781250e+02 6.3007749617099762e-02 14877184. -1.
    2.7003471374511719e+01 2.8233282089233398e+01 5.5571351051330566e+00
    2.5020126342773438e+02 6.3007749617099762e-02 14877184. -1.
    3.0050041198730469e+01 1.8245798110961914e+01 2.4795336723327637e+00
    1.6786882019042969e+02 3.4633629024028778e-02 6619903. -1.
    3.3424854278564453e+01 2.7446775436401367e+01 2.1109759807586670e+00
    3.6687072753906250e+01 5.0985492765903473e-02 11665919. -1.
    3.6619491577148438e+01 3.1294792175292969e+01 1.9146898984909058e+00
    2.3303114318847656e+02 5.7586107403039932e-02 4653567. -1.
    3.7704730987548828e+01 2.0230056762695313e+01 4.1209650039672852e+00
    1.2770454406738281e+02 7.8312493860721588e-02 9961728. -1.
    3.7704730987548828e+01 2.0230056762695313e+01 4.1209650039672852e+00
    1.5883001708984375e+02 7.8312493860721588e-02 9961728. -1.
    3.9909278869628906e+01 3.2209571838378906e+01 2.5488443374633789e+00
    1.7019219970703125e+02 7.2923965752124786e-02 8585983. -1.
    3.9909278869628906e+01 3.2209571838378906e+01 2.5488443374633789e+00
    2.3646260070800781e+02 7.2923965752124786e-02 8585983. -1.</data></keypoints>
<descriptors type_id="opencv-matrix">
  <rows>25</rows>
  <cols>128</cols>
  <dt>f</dt>
  <data>
    14. 6. 0. 0. 0. 0. 0. 1. 129. 71. 0. 0. 0. 0. 0. 15. 68. 129. 24. 2.
    1. 0. 0. 6. 0. 129. 40. 0. 1. 18. 0. 0. 23. 1. 0. 0. 0. 0. 0. 3.
    129. 14. 0. 0. 0. 0. 0. 36. 69. 40. 16. 5. 16. 12. 16. 35. 17. 128.
    37. 1. 5. 11. 39. 49. 14. 7. 0. 0. 0. 0. 0. 0. 110. 129. 1. 0. 0. 0.
    0. 2. 129. 129. 2. 0. 1. 2. 12. 60. 53. 20. 6. 2. 10. 72. 61. 83. 0.
    2. 0. 0. 0. 0. 0. 0. 13. 63. 0. 0. 0. 0. 0. 0. 92. 129. 22. 0. 0. 0.
    0. 2. 30. 129. 129. 13. 2. 12. 3. 3. 0. 0. 0. 0. 0. 0. 0. 2. 0. 0.
    0. 0. 0. 0. 14. 46. 0. 0. 0. 0. 0. 3. 105. 60. 0. 0. 0. 0. 0. 5.
    126. 48. 20. 0. 0. 0. 0. 0. 0. 13. 116. 3. 0. 1. 1. 2. 48. 130. 15.
    1. 1. 6. 16. 57. 130. 130. 13. 0. 2. 6. 1. 12. 100. 130. 40. 9. 0.
    0. 0. 0. 0. 3. 130. 128. 5. 8. 2. 1. 4. 46. 80. 45. 9. 46. 27. 21.
    15. 67. 44. 1. 6. 74. 22. 9. 8. 96. 9. 5. 0. 0. 0. 0. 0. 0. 130.
    110. 1. 1. 0. 0. 0. 4. 130. 89. 2. 4. 2. 0. 1. 23. 34. 8. 1. 17. 22.
    13. 30. 28. 13. 0. 0. 0. 0. 0. 0. 9. 67. 0. 0. 0. 0. 0. 3. 130. 130.
    25. 0. 1. 3. 0. 8. 93. 56. 16. 1. 25. 122. 17. 4. 5. 48. 3. 0. 0. 0.
    0. 0. 5. 130. 39. 2. 0. 1. 3. 19. 113. 95. 51. 5. 3. 25. 31. 52. 58.
    52. 66. 2. 1. 44. 35. 9. 10. 19. 13. 0. 0. 0. 0. 0. 0. 118. 130. 43.
    1. 1. 1. 1. 7. 22. 130. 130. 12. 25. 12. 2. 4. 18. 121. 101. 2. 4.
    4. 1. 1. 0. 1. 0. 0. 0. 0. 0. 0. 0. 37. 18. 0. 0. 0. 0. 0. 0. 81.
    99. 0. 0. 0. 0. 0. 2. 130. 54. 0. 0. 0. 0. 0. 5. 0. 0. 0. 0. 0. 20.
    59. 12. 1. 0. 1. 0. 0. 60. 123. 123. 1. 0. 0. 0. 0. 8. 123. 41. 0.
    0. 36. 16. 0. 0. 28. 76. 0. 0. 0. 0. 1. 17. 110. 39. 6. 4. 13. 7.
    24. 46. 54. 123. 8. 2. 3. 3. 3. 5. 32. 36. 0. 0. 63. 107. 0. 0. 5.
    123. 11. 0. 1. 4. 6. 34. 123. 22. 5. 1. 21. 56. 86. 78. 37. 123. 34.
    2. 9. 16. 14. 9. 17. 30. 7. 0. 24. 123. 12. 5. 6. 104. 123. 8. 3. 6.
    1. 1. 11. 9. 54. 21. 26. 88. 43. 5. 3. 102. 61. 4. 7. 15. 23. 10. 7.
    37. 22. 0. 1. 63. 24. 3. 7. 0. 0. 0. 0. 0. 0. 0. 2. 2. 0. 0. 0. 0.
    0. 15. 53. 0. 0. 0. 0. 0. 7. 124. 40. 0. 0. 0. 0. 0. 9. 119. 28. 19.
    0. 0. 0. 0. 0. 0. 12. 125. 2. 0. 0. 2. 1. 27. 128. 17. 1. 0. 6. 33.
    50. 128. 126. 13. 2. 0. 1. 5. 28. 124. 63. 39. 8. 0. 0. 0. 0. 0. 3.
    128. 109. 0. 1. 5. 1. 2. 45. 68. 50. 2. 10. 60. 29. 24. 54. 12. 4.
    9. 23. 20. 19. 66. 72. 13. 5. 0. 0. 0. 0. 0. 0. 128. 119. 3. 0. 0.
    0. 0. 0. 66. 110. 86. 16. 1. 3. 4. 7. 5. 6. 128. 84. 8. 1. 2. 7. 4.
    0. 0. 0. 0. 0. 0. 5. 20. 0. 0. 0. 0. 0. 27. 116. 24. 3. 0. 0. 0. 3.
    62. 137. 22. 12. 2. 0. 2. 29. 67. 68. 35. 2. 0. 0. 0. 0. 0. 7. 137.
    25. 0. 0. 1. 4. 19. 137. 59. 11. 1. 0. 28. 59. 66. 108. 55. 8. 2. 8.
    23. 18. 29. 88. 21. 11. 0. 0. 0. 0. 0. 0. 137. 137. 11. 0. 1. 1. 0.
    8. 39. 137. 63. 1. 13. 34. 13. 13. 30. 28. 39. 103. 12. 5. 7. 15. 1.
    2. 0. 0. 0. 0. 0. 0. 3. 88. 6. 0. 0. 0. 0. 0. 1. 137. 64. 1. 0. 0.
    0. 0. 0. 53. 99. 126. 3. 0. 0. 0. 26. 0. 0. 0. 0. 0. 36. 116. 19. 4.
    1. 0. 3. 11. 70. 102. 25. 18. 34. 1. 1. 4. 21. 60. 8. 9. 9. 1. 21.
    30. 28. 24. 123. 13. 0. 0. 5. 7. 17. 110. 26. 5. 1. 8. 83. 62. 43.
    37. 123. 16. 3. 5. 10. 11. 26. 88. 14. 6. 4. 19. 85. 32. 31. 29.
    123. 123. 12. 0. 3. 3. 0. 6. 18. 113. 51. 2. 33. 76. 25. 6. 61. 24.
    31. 16. 3. 20. 36. 30. 9. 9. 16. 123. 41. 1. 0. 1. 5. 121. 18. 0. 0.
    0. 0. 0. 4. 123. 71. 0. 0. 1. 1. 0. 3. 91. 67. 43. 5. 1. 2. 1. 0. 1.
    14. 123. 26. 0. 0. 0. 23. 2. 0. 0. 0. 0. 0. 2. 140. 28. 0. 0. 0. 0.
    0. 25. 140. 113. 2. 1. 0. 0. 0. 10. 94. 60. 4. 28. 37. 0. 0. 5. 36.
    2. 0. 0. 0. 0. 0. 1. 140. 8. 0. 0. 2. 0. 0. 19. 132. 73. 5. 11. 25.
    0. 0. 7. 87. 140. 21. 12. 7. 0. 0. 1. 32. 2. 0. 0. 0. 0. 0. 4. 140.
    16. 0. 0. 2. 1. 0. 27. 90. 26. 3. 7. 48. 28. 8. 8. 52. 108. 19. 11.
    4. 6. 8. 5. 18. 8. 0. 0. 0. 0. 0. 2. 135. 117. 22. 0. 0. 0. 0. 12.
    25. 59. 140. 1. 2. 15. 7. 4. 7. 14. 124. 4. 0. 4. 8. 5. 44. 0. 0. 0.
    0. 0. 0. 79. 69. 1. 1. 5. 1. 0. 0. 125. 125. 6. 3. 6. 0. 0. 0. 68.
    81. 6. 9. 61. 2. 0. 0. 50. 84. 1. 0. 0. 1. 0. 0. 125. 60. 4. 3. 38.
    25. 4. 1. 87. 125. 27. 10. 16. 3. 1. 0. 19. 103. 38. 11. 17. 1. 0.
    0. 66. 106. 122. 13. 0. 3. 1. 0. 47. 24. 54. 18. 7. 29. 31. 10. 17.
    125. 44. 28. 7. 2. 6. 7. 16. 59. 125. 32. 5. 0. 0. 0. 4. 5. 125. 28.
    0. 0. 0. 0. 0. 1. 125. 70. 0. 0. 2. 2. 1. 10. 91. 58. 9. 0. 1. 2. 3.
    70. 52. 15. 6. 0. 0. 0. 8. 11. 0. 0. 0. 0. 0. 0. 2. 140. 0. 0. 0. 0.
