<?xml version="1.0"?>
<opencv_storage>
<keypoints type_id="opencv-matrix">
  <rows>158</rows>
  <cols>7</cols>
  <dt>d</dt>
  <data>
    2.9694645404815674e+00 2.9550640106201172e+01 3.0608165264129639e+00
    9.5418090820312500e+01 1.5409324318170547e-02 5112831. -1.
    6.2678823471069336e+00 6.6148231506347656e+01 2.1145336627960205e+00
    6.1161865234375000e+01 4.3439093977212906e-02 11796991. -1.
    6.2678823471069336e+00 6.6148231506347656e+01 2.1145336627960205e+00
    1.9078512573242188e+02 4.3439093977212906e-02 11796991. -1.
    6.2678823471069336e+00 6.6148231506347656e+01 2.1145336627960205e+00
    2.3562303161621094e+02 4.3439093977212906e-02 11796991. -1.
    7.0141606330871582e+00 7.5783020019531250e+01 2.1449527740478516e+00
    1.4472076416015625e+01 3.7158016115427017e-02 12845567. -1.
    7.0141606330871582e+00 7.5783020019531250e+01 2.1449527740478516e+00
    2.3364271545410156e+02 3.7158016115427017e-02 12845567. -1.
    8.6167459487915039e+00 7.8930267333984375e+01 1.9204357862472534e+00
    1.7150756835937500e+01 3.5042449831962585e-02 4850175. -1.
    9.9174098968505859e+00 5.9293025970458984e+01 2.0527112483978271e+00
    2.2976783752441406e+02 3.7800367921590805e-02 9634303. -1.
    1.0193835258483887e+01 1.8423196792602539e+01 2.0954511165618896e+00
    3.0415228271484375e+02 6.9960400462150574e-02 11141631. -1.
    1.0982244491577148e+01 2.2589624404907227e+01 2.8273046016693115e+00
    3.1135852050781250e+02 5.7512044906616211e-02 16122623. -1.
    1.1007467269897461e+01 4.9588790893554688e+01 6.0657362937927246e+00
    4.4639587402343750e+01 4.0256183594465256e-02 4457216. -1.
    1.1007467269897461e+01 4.9588790893554688e+01 6.0657362937927246e+00
    2.1250354003906250e+02 4.0256183594465256e-02 4457216. -1.
    1.1511283874511719e+01 8.0253877639770508e+00 2.0904004573822021e+00
    8.2373657226562500e+01 2.3978048935532570e-02 11010559. -1.
    1.2299220085144043e+01 1.0693780899047852e+01 2.1890165805816650e+00
    9.5221740722656250e+01 3.5456825047731400e-02 14287359. -1.
    1.2595621109008789e+01 8.0936737060546875e+01 2.6833331584930420e+00
    1.4887084960937500e+00 3.2795861363410950e-02 12321535. -1.
    1.2956920623779297e+01 1.7464450836181641e+01 1.8128989934921265e+00
    1.0019894409179688e+02 7.6727166771888733e-02 655871. -1.
    1.2956920623779297e+01 1.7464450836181641e+01 1.8128989934921265e+00
    1.7009422302246094e+02 7.6727166771888733e-02 655871. -1.
    1.2956920623779297e+01 1.7464450836181641e+01 1.8128989934921265e+00
    3.4217913818359375e+02 7.6727166771888733e-02 655871. -1.
    1.3949665069580078e+01 4.2117492675781250e+01 2.3679301738739014e+00
    1.7382611083984375e+02 3.3200666308403015e-02 3277567. -1.
    1.4372120857238770e+01 5.8112701416015625e+01 5.3502845764160156e+00
    4.7568023681640625e+01 4.4518314301967621e-02 12124672. -1.
    1.4372120857238770e+01 5.8112701416015625e+01 5.3502845764160156e+00
    2.1455351257324219e+02 4.4518314301967621e-02 12124672. -1.
    1.5326728820800781e+01 7.6265878677368164e+00 3.1560246944427490e+00
    9.8027679443359375e+01 2.9358118772506714e-02 7341055. -1.
    1.5407553672790527e+01 4.1967029571533203e+00 2.2286167144775391e+00
    2.6993041992187500e+02 1.4573615044355392e-02 15598079. -1.
    1.7012454986572266e+01 7.4877853393554688e+01 4.2302026748657227e+00
    2.6222277832031250e+02 4.7304730862379074e-02 11862272. -1.
    1.7115440368652344e+01 5.1172546386718750e+01 3.0639243125915527e+00
    1.9696240234375000e+02 2.5146935135126114e-02 5243903. -1.
    1.7270879745483398e+01 8.2231597900390625e+01 2.6388752460479736e+00
    1.1170428466796875e+02 6.0989800840616226e-02 11141887. -1.
    1.7270879745483398e+01 8.2231597900390625e+01 2.6388752460479736e+00
    3.5124359130859375e+02 6.0989800840616226e-02 11141887. -1.
    1.7655315399169922e+01 6.6643493652343750e+01 6.7655916213989258e+00
    2.5905093383789063e+02 4.9460250884294510e-02 12387072. -1.
    1.8689401626586914e+01 4.5322273254394531e+01 4.7321105003356934e+00
    3.4354412841796875e+02 2.8270538896322250e-02 3211776. -1.
    1.9849622726440430e+01 2.1272279739379883e+01 2.1377344131469727e+00
    2.3235491943359375e+02 6.4879618585109711e-02 12583423. -1.
    1.9997276306152344e+01 7.5967590332031250e+01 6.4141631126403809e+00
    5.9478698730468750e+01 4.7973129898309708e-02 8520448. -1.
    1.9997276306152344e+01 7.5967590332031250e+01 6.4141631126403809e+00
    2.5962387084960938e+02 4.7973129898309708e-02 8520448. -1.
    2.1668258666992188e+01 2.5791139602661133e+01 5.3700242042541504e+00
    5.2995269775390625e+01 3.5603135824203491e-02 12386816. -1.
    2.2261238098144531e+01 5.8619205474853516e+01 2.2500457763671875e+00
    5.0360076904296875e+01 4.6149987727403641e-02 16318975. -1.
    2.4814186096191406e+01 4.4750370025634766e+01 3.4285340309143066e+00
    1.8391784667968750e+02 3.7037387490272522e-02 13370367. -1.
    2.4814186096191406e+01 4.4750370025634766e+01 3.4285340309143066e+00
    3.4198391723632813e+02 3.7037387490272522e-02 13370367. -1.
    2.5676940917968750e+01 7.5691772460937500e+01 2.4724926948547363e+00
    6.8971771240234375e+01 3.7141948938369751e-02 6423295. -1.
    2.5703079223632813e+01 3.0945852279663086e+01 2.2323720455169678e+00
    4.8804962158203125e+01 3.1928908079862595e-02 15729151. -1.
    2.5979166030883789e+01 1.8501203536987305e+01 3.1598746776580811e+00
    5.2024719238281250e+01 4.5766253024339676e-02 7472127. -1.
    2.5979166030883789e+01 1.8501203536987305e+01 3.1598746776580811e+00
    1.9061026000976563e+02 4.5766253024339676e-02 7472127. -1.
    2.6283327102661133e+01 7.2163902282714844e+01 2.3449380397796631e+00
    2.7444085693359375e+02 1.4695432037115097e-02 2556671. -1.
    2.6417774200439453e+01 3.4067596435546875e+01 8.7269926071166992e+00
    4.7159149169921875e+01 3.5204976797103882e-02 14090497. -1.
    2.7078542709350586e+01 5.0225093841552734e+01 1.8362649679183960e+00
    1.6997224426269531e+02 3.9205662906169891e-02 1638911. -1.
    2.7875909805297852e+01 1.1087007522583008e+01 3.1795299053192139e+00
    2.1402487182617188e+02 3.3237997442483902e-02 7865343. -1.
    2.8975790023803711e+01 4.3265518188476563e+01 3.1417779922485352e+00
    1.8423660278320313e+02 2.5833608582615852e-02 7013375. -1.
    2.9049335479736328e+01 8.0964904785156250e+01 5.8150887489318848e+00
    6.1643310546875000e+01 4.2847365140914917e-02 1442560. -1.
    3.0611602783203125e+01 3.4825992584228516e+01 3.1330168247222900e+00
    2.1461413574218750e+02 1.6762435436248779e-02 6816767. -1.
    3.0853256225585938e+01 2.3923212051391602e+01 2.1133723258972168e+00
    5.1897033691406250e+01 2.1920761093497276e-02 11796991. -1.
    3.1085496902465820e+01 1.7968112945556641e+01 1.8808211088180542e+00
    4.7136688232421875e+01 2.6491962373256683e-02 3342847. -1.
    3.2154731750488281e+01 7.9155303955078125e+01 2.2039837837219238e+00
    1.0581820678710938e+02 3.7450376898050308e-02 14811647. -1.
    3.2870304107666016e+01 7.4966453552246094e+01 4.4636020660400391e+00
    9.6130310058593750e+01 3.0724503099918365e-02 15728896. -1.
    3.3508106231689453e+01 2.1495300292968750e+01 2.9734513759613037e+00
    5.9621612548828125e+01 1.7967533320188522e-02 3015679. -1.
    3.3538555145263672e+01 4.3607086181640625e+01 2.5207355022430420e+00
    2.3568150329589844e+02 5.0404343754053116e-02 7799551. -1.
    3.4133769989013672e+01 1.2333183288574219e+01 4.2589898109436035e+00
    9.2761413574218750e+01 4.5183446258306503e-02 12321024. -1.
    3.6470401763916016e+01 4.6459140777587891e+01 3.1383762359619141e+00
    5.8237518310546875e+01 5.0802558660507202e-02 6947839. -1.
    3.6591278076171875e+01 2.8285026550292969e+01 1.0842429161071777e+01
    6.4845397949218750e+01 5.1981069147586823e-02 13042177. -1.
    3.6591278076171875e+01 2.8285026550292969e+01 1.0842429161071777e+01
    9.0451080322265625e+01 5.1981069147586823e-02 13042177. -1.
    3.6591278076171875e+01 2.8285026550292969e+01 1.0842429161071777e+01
