<?xml version="1.0"?>
<opencv_storage>
<keypoints type_id="opencv-matrix">
  <rows>53</rows>
  <cols>7</cols>
  <dt>d</dt>
  <data>
    1.4097447395324707e+01 4.8642326354980469e+01 3.1819894313812256e+00
    6.0288452148437500e+01 8.1755854189395905e-02 7930879. -1.
    1.4097447395324707e+01 4.8642326354980469e+01 3.1819894313812256e+00
    3.3429916381835938e+02 8.1755854189395905e-02 7930879. -1.
    1.6450469970703125e+01 4.7016956329345703e+01 2.1499183177947998e+00
    7.5638793945312500e+01 7.7107444405555725e-02 13042175. -1.
    2.6030849456787109e+01 7.0635139465332031e+01 1.9863958358764648e+00
    7.8699340820312500e+00 9.6760332584381104e-02 7275007. -1.
    2.6030849456787109e+01 7.0635139465332031e+01 1.9863958358764648e+00
    5.5117767333984375e+01 9.6760332584381104e-02 7275007. -1.
    2.6918930053710938e+01 7.4480278015136719e+01 2.2732155323028564e+00
    2.5264283752441406e+02 8.6875036358833313e-02 328447. -1.
    3.0420774459838867e+01 7.2968109130859375e+01 1.9902619123458862e+00
    1.9778511047363281e+02 9.0832643210887909e-02 7406079. -1.
    3.0420774459838867e+01 7.2968109130859375e+01 1.9902619123458862e+00
    2.3244995117187500e+02 9.0832643210887909e-02 7406079. -1.
    3.2768840789794922e+01 3.1078699111938477e+01 3.4267604351043701e+00
    2.9301452636718750e+00 7.9944454133510590e-02 13304831. -1.
    3.2768840789794922e+01 3.1078699111938477e+01 3.4267604351043701e+00
    1.0384823608398438e+02 7.9944454133510590e-02 13304831. -1.
    3.4062026977539063e+01 6.2048603057861328e+01 2.0296268463134766e+00
    1.9689361572265625e+01 8.0613724887371063e-02 8847871. -1.
    3.4062026977539063e+01 6.2048603057861328e+01 2.0296268463134766e+00
    2.2582167053222656e+02 8.0613724887371063e-02 8847871. -1.
    3.5355529785156250e+01 5.8464256286621094e+01 3.6028287410736084e+00
    5.2210235595703125e+01 6.7342728376388550e-02 196864. -1.
    3.5710102081298828e+01 8.7445045471191406e+01 2.0313651561737061e+00
    2.9942175292968750e+02 8.1200674176216125e-02 8913407. -1.
    3.6127643585205078e+01 6.7802238464355469e+01 2.7013547420501709e+00
    2.3179692077636719e+02 8.2534909248352051e-02 12845823. -1.
    3.6243480682373047e+01 8.6259353637695313e+01 4.8710107803344727e+00
    6.0692993164062500e+01 7.6256707310676575e-02 5308928. -1.
    3.6243480682373047e+01 8.6259353637695313e+01 4.8710107803344727e+00
    2.9800234985351563e+02 7.6256707310676575e-02 5308928. -1.
    4.1318321228027344e+01 5.6283992767333984e+01 6.4767189025878906e+00
    3.7250305175781250e+01 5.7132430374622345e-02 9241344. -1.
    4.2694721221923828e+01 2.0735607147216797e+01 3.9234168529510498e+00
    3.1183197021484375e+01 5.3877621889114380e-02 6357248. -1.
    4.2912113189697266e+01 4.0076953887939453e+01 2.6609811782836914e+00
    3.4304757690429688e+02 1.5676310285925865e-02 11731711. -1.
    4.4205356597900391e+01 6.1122489929199219e+01 3.8401577472686768e+00
    1.8390937805175781e+02 6.6508941352367401e-02 4849920. -1.
    4.5259960174560547e+01 7.4925888061523438e+01 2.6269376277923584e+00
    8.6773681640625000e-01 9.7177430987358093e-02 10814207. -1.
    4.5259960174560547e+01 7.4925888061523438e+01 2.6269376277923584e+00
    1.8589199829101563e+02 9.7177430987358093e-02 10814207. -1.
    4.6939743041992188e+01 2.1561544418334961e+01 1.9525680541992188e+00
    3.5828964233398438e+02 2.5239683687686920e-02 6029823. -1.
    4.8947471618652344e+01 3.9571407318115234e+01 2.8787805557250977e+01
    3.3967102050781250e+01 9.3412369489669800e-02 131331. -1.
    4.8947471618652344e+01 3.9571407318115234e+01 2.8787805557250977e+01
    1.3500862121582031e+02 9.3412369489669800e-02 131331. -1.
    4.9015335083007813e+01 3.8378452301025391e+01 2.7853275299072266e+01
    3.8252685546875000e+01 9.3176275491714478e-02 14484226. -1.
    4.9015335083007813e+01 3.8378452301025391e+01 2.7853275299072266e+01
    1.3883979797363281e+02 9.3176275491714478e-02 14484226. -1.
    4.9080741882324219e+01 2.1736425399780273e+01 1.1872675895690918e+01
    4.2756500244140625e+01 7.9149626195430756e-02 2884353. -1.
    4.9080741882324219e+01 2.1736425399780273e+01 1.1872675895690918e+01
    1.4019950866699219e+02 7.9149626195430756e-02 2884353. -1.
    4.9280632019042969e+01 1.3007525444030762e+01 4.5031070709228516e+00
    3.3149261474609375e+01 8.6791418492794037e-02 16384256. -1.
    4.9280632019042969e+01 1.3007525444030762e+01 4.5031070709228516e+00
    1.4842408752441406e+02 8.6791418492794037e-02 16384256. -1.
    5.3243244171142578e+01 7.3879631042480469e+01 2.6147346496582031e+00
    1.7908370971679688e+02 9.6946984529495239e-02 10486527. -1.
    5.3243244171142578e+01 7.3879631042480469e+01 2.6147346496582031e+00
    3.5232385253906250e+02 9.6946984529495239e-02 10486527. -1.
    5.4341625213623047e+01 6.1110088348388672e+01 3.8799152374267578e+00
    3.5552090454101563e+02 6.4520962536334991e-02 5570816. -1.
    5.5946990966796875e+01 4.0604660034179688e+01 1.9791163206100464e+00
    1.9001968383789063e+02 2.1503541618585587e-02 7012863. -1.
    5.7340099334716797e+01 5.6632865905761719e+01 6.6307320594787598e+00
    1.4864656066894531e+02 5.6566033512353897e-02 10945280. -1.
    5.7340099334716797e+01 5.6632865905761719e+01 6.6307320594787598e+00
    3.3252404785156250e+02 5.6566033512353897e-02 10945280. -1.
    6.1519828796386719e+01 6.6878562927246094e+01 2.5596044063568115e+00
    2.9985156250000000e+02 8.2435421645641327e-02 8913663. -1.
    6.2649673461914063e+01 8.6348823547363281e+01 4.8922200202941895e+00
    1.1429293823242188e+02 8.2119405269622803e-02 5636608. -1.
    6.2649673461914063e+01 8.6348823547363281e+01 4.8922200202941895e+00
    2.5113851928710938e+02 8.2119405269622803e-02 5636608. -1.
    6.4383903503417969e+01 6.2026638031005859e+01 1.9754587411880493e+00
    1.5770964050292969e+02 8.5532158613204956e-02 6881791. -1.
    6.4383903503417969e+01 6.2026638031005859e+01 1.9754587411880493e+00
    3.2390011596679688e+02 8.5532158613204956e-02 6881791. -1.
    6.5280197143554688e+01 6.7199996948242188e+01 3.9762547016143799e+00
    3.0100912475585938e+02 7.3423393070697784e-02 7340288. -1.
    6.8043006896972656e+01 7.1733039855957031e+01 1.9609903097152710e+00
    3.3447702026367188e+02 7.4371971189975739e-02 6357503. -1.
    7.2058555603027344e+01 7.4437950134277344e+01 2.4701137542724609e+00
    1.8529273986816406e+02 8.8642418384552002e-02 6357759. -1.
    7.2058555603027344e+01 7.4437950134277344e+01 2.4701137542724609e+00
    2.7851028442382813e+02 8.8642418384552002e-02 6357759. -1.
    7.2076576232910156e+01 4.1213638305664063e+01 6.9106078147888184e+00
    1.1291227722167969e+02 7.6267451047897339e-02 13894400. -1.
    7.2452796936035156e+01 7.0597976684570313e+01 1.9353455305099487e+00
    1.2742984008789063e+02 9.4715483486652374e-02 5439999. -1.
    7.2452796936035156e+01 7.0597976684570313e+01 1.9353455305099487e+00
    1.7247076416015625e+02 9.4715483486652374e-02 5439999. -1.
    7.5176826477050781e+01 3.8246742248535156e+01 4.0577764511108398e+00
    8.9941711425781250e+01 8.3014816045761108e-02 8847616. -1.
    8.2054939270019531e+01 4.7027046203613281e+01 2.1318845748901367e+00
    1.0216998291015625e+02 7.5439110398292542e-02 12386815. -1.
    8.4561279296875000e+01 4.8503089904785156e+01 3.1751286983489990e+00
    2.0625932312011719e+02 8.3834737539291382e-02 7799807. -1.</data></keypoints>
