<?xml version="1.0"?>
<opencv_storage>
<keypoints type_id="opencv-matrix">
  <rows>26</rows>
  <cols>7</cols>
  <dt>d</dt>
  <data>
    1.6191322326660156e+01 2.5022415161132813e+01 4.9176907539367676e+00
    5.7084899902343750e+01 8.9290641248226166e-02 6029824. -1.
    1.6191322326660156e+01 2.5022415161132813e+01 4.9176907539367676e+00
    3.0117144775390625e+02 8.9290641248226166e-02 6029824. -1.
    1.9828239440917969e+01 3.1327840805053711e+01 2.0074279308319092e+00
    2.4087971496582031e+02 7.1231961250305176e-02 8061439. -1.
    2.2432069778442383e+01 3.9229206085205078e+01 1.9020674228668213e+00
    4.1086914062500000e+01 6.5486714243888855e-02 4129279. -1.
    2.2432069778442383e+01 3.9229206085205078e+01 1.9020674228668213e+00
    2.7863052368164063e+02 6.5486714243888855e-02 4129279. -1.
    2.2846954345703125e+01 2.2450643539428711e+01 1.8987058401107788e+00
    3.3063116455078125e+02 4.7261729836463928e-02 3998207. -1.
    2.4063995361328125e+01 2.5575128555297852e+01 2.0230646133422852e+00
    2.0073077392578125e+02 3.3609639853239059e-02 8585727. -1.
    2.5730007171630859e+01 2.3977378845214844e+01 1.4553459167480469e+01
    3.7959747314453125e+01 7.6956972479820251e-02 917762. -1.
    2.5730007171630859e+01 2.3977378845214844e+01 1.4553459167480469e+01
    6.6687988281250000e+01 7.6956972479820251e-02 917762. -1.
    2.5730007171630859e+01 2.3977378845214844e+01 1.4553459167480469e+01
    1.1264126586914063e+02 7.6956972479820251e-02 917762. -1.
    2.5730007171630859e+01 2.3977378845214844e+01 1.4553459167480469e+01
    3.2372937011718750e+02 7.6956972479820251e-02 917762. -1.
    2.5834703445434570e+01 1.6230199813842773e+01 5.1541957855224609e+00
    3.8620178222656250e+01 8.7215162813663483e-02 9437696. -1.
    2.5834703445434570e+01 1.6230199813842773e+01 5.1541957855224609e+00
    1.4177893066406250e+02 8.7215162813663483e-02 9437696. -1.
    2.5834836959838867e+01 3.7889404296875000e+01 3.8781235218048096e+00
    8.1442871093750000e+00 8.6234040558338165e-02 5570816. -1.
    2.5834836959838867e+01 3.7889404296875000e+01 3.8781235218048096e+00
    1.7091149902343750e+02 8.6234040558338165e-02 5570816. -1.
    2.5834836959838867e+01 3.7889404296875000e+01 3.8781235218048096e+00
    2.7038092041015625e+02 8.6234040558338165e-02 5570816. -1.
    2.5865749359130859e+01 2.2576061248779297e+01 2.0328199863433838e+00
    2.1055450439453125e+02 4.4006302952766418e-02 8978943. -1.
    2.5865749359130859e+01 2.2576061248779297e+01 2.0328199863433838e+00
    3.2834695434570313e+02 4.4006302952766418e-02 8978943. -1.
    2.5878236770629883e+01 2.9105350494384766e+01 2.3805682659149170e+00
    1.8657478332519531e+02 5.8493908494710922e-02 3670783. -1.
    2.5900527954101563e+01 1.2749931335449219e+01 2.0834941864013672e+00
    4.8196350097656250e+01 6.7941084504127502e-02 10748415. -1.
    2.5900527954101563e+01 1.2749931335449219e+01 2.0834941864013672e+00
    1.3649870300292969e+02 6.7941084504127502e-02 10748415. -1.
    2.7614240646362305e+01 2.5539886474609375e+01 1.9236029386520386e+00
    3.3763317871093750e+02 3.5040572285652161e-02 4981247. -1.
    2.8960903167724609e+01 2.2415950775146484e+01 1.9347099065780640e+00
    2.0828634643554688e+02 4.8192322254180908e-02 5374463. -1.
    3.1994590759277344e+01 3.1390396118164063e+01 2.0761716365814209e+00
    3.0517114257812500e+02 7.5853906571865082e-02 10486271. -1.
    3.5460742950439453e+01 2.5011259078979492e+01 5.0000500679016113e+00
    1.2210821533203125e+02 8.8407658040523529e-02 7209472. -1.
    3.5460742950439453e+01 2.5011259078979492e+01 5.0000500679016113e+00
    2.3969406127929688e+02 8.8407658040523529e-02 7209472. -1.</data></keypoints>
<descriptors type_id="opencv-matrix">
  <rows>26</rows>
  <cols>128</cols>
  <dt>f</dt>
  <data>
    85. 34. 0. 0. 0. 0. 0. 10. 135. 135. 9. 3. 3. 8. 35. 46. 14. 26. 21.
    28. 23. 28. 48. 23. 4. 5. 15. 56. 113. 16. 5. 10. 67. 19. 0. 0. 0.
    0. 0. 0. 135. 96. 13. 8. 1. 2. 3. 41. 47. 19. 52. 128. 40. 21. 9.
    26. 0. 34. 82. 59. 41. 36. 7. 0. 32. 16. 0. 0. 0. 0. 0. 0. 135. 135.
    112. 26. 0. 0. 0. 4. 12. 28. 135. 135. 5. 0. 0. 2. 0. 59. 135. 59.
    1. 0. 0. 0. 0. 3. 0. 0. 0. 0. 0. 0. 1. 21. 31. 3. 0. 0. 0. 0. 0. 2.
    35. 17. 0. 0. 0. 0. 0. 4. 14. 2. 0. 0. 0. 0. 0. 0. 0. 0. 0. 0. 0. 4.
    1. 0. 0. 0. 0. 3. 30. 20. 0. 0. 0. 0. 0. 17. 30. 1. 0. 0. 0. 0. 0.
    3. 7. 0. 33. 0. 0. 0. 0. 0. 0. 19. 135. 4. 0. 0. 0. 28. 116. 138.
    11. 1. 0. 0. 3. 138. 138. 27. 0. 0. 0. 0. 2. 69. 138. 5. 66. 0. 0.
    0. 0. 0. 1. 28. 138. 53. 5. 2. 1. 8. 12. 55. 54. 45. 23. 14. 18. 98.
    77. 26. 9. 10. 10. 51. 52. 62. 138. 35. 56. 11. 1. 0. 0. 0. 13. 92.
    106. 23. 26. 16. 1. 0. 21. 108. 45. 64. 34. 5. 1. 3. 3. 15. 11. 16.
    12. 66. 112. 23. 5. 8. 1. 0. 0. 0. 6. 17. 2. 3. 5. 0. 0. 0. 0. 7.
    29. 29. 3. 0. 0. 0. 0. 30. 30. 15. 16. 0. 0. 0. 0. 1. 29. 119. 20.
    0. 0. 0. 61. 53. 5. 8. 126. 2. 0. 0. 1. 27. 45. 95. 31. 1. 0. 0. 10.
    126. 79. 76. 89. 0. 0. 0. 0. 11. 25. 126. 11. 2. 2. 0. 17. 126. 93.
    5. 126. 34. 2. 0. 1. 51. 68. 34. 76. 39. 14. 5. 18. 69. 25. 48. 104.
    16. 3. 2. 0. 5. 9. 111. 0. 95. 50. 0. 0. 83. 50. 0. 13. 30. 11. 1.
    1. 113. 116. 9. 27. 47. 11. 2. 13. 54. 24. 3. 37. 87. 36. 11. 1. 1.
    1. 3. 7. 85. 17. 57. 58. 1. 0. 0. 93. 143. 3. 1. 1. 15. 1. 0. 41.
    51. 4. 15. 6. 127. 60. 0. 0. 0. 2. 77. 32. 65. 107. 2. 26. 10. 5.
    51. 21. 0. 0. 5. 143. 85. 8. 3. 0. 0. 0. 35. 104. 52. 69. 143. 3. 4.
    2. 4. 0. 0. 27. 143. 11. 3. 1. 0. 19. 13. 2. 4. 0. 0. 0. 2. 102.
    122. 66. 15. 0. 0. 0. 9. 14. 26. 118. 143. 0. 0. 0. 1. 0. 0. 12.
    107. 0. 0. 0. 0. 0. 3. 0. 0. 0. 0. 0. 0. 1. 21. 21. 3. 0. 0. 0. 0.
    0. 2. 22. 21. 0. 0. 0. 0. 0. 0. 1. 4. 0. 0. 0. 0. 0. 0. 0. 0. 0. 0.
    1. 3. 0. 0. 0. 0. 0. 2. 26. 13. 7. 2. 0. 0. 0. 13. 19. 2. 67. 45. 0.
    0. 0. 1. 7. 23. 30. 1. 0. 0. 0. 0. 1. 15. 90. 2. 0. 0. 0. 28. 91.
    113. 6. 1. 0. 0. 2. 142. 108. 15. 21. 41. 0. 0. 0. 29. 92. 20. 53.
    8. 0. 0. 0. 0. 0. 1. 142. 43. 0. 0. 0. 12. 18. 35. 71. 8. 3. 5. 0.
    142. 142. 24. 0. 0. 20. 10. 0. 31. 142. 36. 24. 6. 0. 0. 0. 0. 0. 0.
    142. 74. 1. 0. 0. 0. 0. 1. 93. 46. 42. 99. 5. 4. 15. 4. 0. 0. 142.
    118. 3. 2. 19. 2. 9. 0. 0. 0. 1. 104. 123. 32. 38. 4. 1. 0. 1. 66.
    59. 74. 123. 2. 0. 0. 0. 29. 34. 123. 53. 0. 0. 2. 2. 2. 22. 65. 0.
    1. 2. 2. 36. 123. 43. 1. 30. 18. 6. 3. 80. 123. 11. 9. 123. 23. 5.
    1. 4. 4. 4. 40. 59. 2. 16. 62. 1. 0. 0. 11. 1. 28. 81. 63. 33. 20.
    0. 0. 28. 7. 12. 108. 122. 44. 2. 4. 123. 57. 41. 26. 9. 4. 1. 9.
    17. 10. 76. 123. 1. 0. 5. 2. 7. 21. 62. 57. 12. 2. 4. 13. 12. 4. 16.
    63. 7. 10. 41. 54. 22. 30. 40. 18. 21. 30. 24. 9. 33. 3. 26. 34. 3.
    1. 40. 54. 117. 77. 0. 0. 35. 43. 4. 5. 29. 12. 1. 1. 86. 117. 13.
    30. 52. 19. 5. 9. 38. 17. 29. 64. 2. 0. 0. 1. 24. 19. 117. 114. 93.
    88. 23. 7. 13. 35. 7. 6. 27. 30. 34. 63. 98. 33. 3. 3. 117. 43. 8.
    5. 15. 4. 7. 61. 32. 28. 43. 3. 0. 0. 23. 62. 14. 19. 13. 13. 45.
    112. 12. 11. 42. 11. 18. 19. 8. 47. 60. 62. 44. 81. 45. 3. 5. 90.
    33. 5. 6. 57. 117. 16. 5. 9. 7. 2. 36. 2. 2. 77. 57. 13. 3. 11. 117.
    2. 0. 3. 3. 33. 18. 55. 7. 1. 2. 1. 10. 117. 30. 8. 1. 2. 25. 28.
    39. 58. 13. 3. 0. 0. 0. 0. 0. 0. 0. 0. 1. 0. 0. 0. 0. 0. 39. 23. 0.
    0. 0. 0. 0. 2. 45. 8. 0. 0. 0. 0. 0. 0. 0. 0. 43. 2. 0. 0. 0. 0. 0.
    15. 139. 40. 10. 5. 4. 20. 139. 139. 19. 11. 14. 42. 137. 139. 139.
    68. 0. 0. 0. 5. 29. 4. 0. 0. 38. 11. 0. 0. 0. 0. 0. 3. 139. 139.
    139. 16. 4. 5. 6. 40. 18. 72. 139. 139. 139. 28. 8. 10. 0. 0. 0. 9.
    36. 1. 0. 0. 0. 0. 0. 0. 0. 0. 0. 0. 0. 27. 31. 0. 0. 0. 0. 0. 0.
    10. 24. 1. 0. 0. 0. 0. 0. 0. 0. 0. 0. 0. 0. 0. 0. 0. 0. 0. 0. 0. 0.
    1. 0. 0. 0. 0. 0. 1. 19. 44. 0. 0. 0. 0. 0. 5. 13. 11. 0. 0. 0. 0.
    0. 0. 0. 0. 33. 6. 0. 0. 0. 0. 1. 14. 147. 62. 12. 8. 7. 23. 112.
    147. 17. 15. 17. 47. 147. 147. 117. 78. 0. 0. 0. 2. 28. 21. 0. 0.
    37. 25. 0. 0. 0. 0. 0. 1. 147. 147. 147. 31. 5. 4. 5. 30. 14. 59.
    147. 147. 98. 36. 7. 8. 0. 0. 2. 6. 13. 6. 0. 0. 0. 1. 0. 0. 0. 0.
