<?xml version="1.0"?>
<opencv_storage>
<keypoints type_id="opencv-matrix">
  <rows>74</rows>
  <cols>7</cols>
  <dt>d</dt>
  <data>
    3.9196646213531494e+00 1.6499694824218750e+01 2.1983032226562500e+00
    1.7872061157226563e+02 1.4796771109104156e-02 14615039. -1.
    8.7296180725097656e+00 8.0249679565429688e+01 3.2510464191436768e+00
    2.7876751708984375e+02 5.9679616242647171e-02 9503743. -1.
    9.0074205398559570e+00 7.6654167175292969e+01 1.9448488950729370e+00
    2.7550485229492188e+02 8.9123390614986420e-02 5767679. -1.
    9.1556768417358398e+00 1.2587223052978516e+01 4.6545786857604980e+00
    3.6845214843750000e+01 2.6791563257575035e-02 2032128. -1.
    1.1141966819763184e+01 7.3870849609375000e+01 2.0622966289520264e+00
    3.2018301391601563e+02 5.0900585949420929e-02 10027519. -1.
    1.1169625282287598e+01 1.8511394500732422e+01 2.5085082054138184e+00
    3.3816870117187500e+02 6.3579611480236053e-02 7471871. -1.
    1.3006755828857422e+01 7.4700574874877930e+00 2.5638704299926758e+00
    3.4728759765625000e+01 2.1609827876091003e-02 9044735. -1.
    1.3549482345581055e+01 2.4035888671875000e+01 3.0486533641815186e+00
    2.9588049316406250e+02 3.0315449461340904e-02 4850687. -1.
    1.6016904830932617e+01 5.2171813964843750e+01 2.2616128921508789e+00
    2.1725013732910156e+02 3.5358242690563202e-02 16646655. -1.
    1.6832580566406250e+01 1.7824115753173828e+01 7.8231925964355469e+00
    3.9153747558593750e+01 3.4366935491561890e-02 6160641. -1.
    1.6832580566406250e+01 1.7824115753173828e+01 7.8231925964355469e+00
    1.5624609375000000e+02 3.4366935491561890e-02 6160641. -1.
    1.7547330856323242e+01 6.3242866516113281e+01 2.1408421993255615e+00
    2.0328982543945313e+02 1.3995416462421417e-02 12714495. -1.
    1.7874469757080078e+01 1.5451447486877441e+01 1.9494997262954712e+00
    3.5975616455078125e+01 5.1312357187271118e-02 5964287. -1.
    1.8052583694458008e+01 5.6997760772705078e+01 2.0235888957977295e+00
    1.5990342712402344e+02 2.1074119955301285e-02 8651263. -1.
    1.8385723114013672e+01 1.1897727012634277e+01 2.0577454566955566e+00
    1.2705751037597656e+02 3.5197954624891281e-02 9830911. -1.
    1.9669185638427734e+01 8.6277322769165039e+00 2.9958131313323975e+00
    1.3183175659179688e+02 2.7727421373128891e-02 3605503. -1.
    2.0887319564819336e+01 1.5657606124877930e+01 2.4125282764434814e+00
    1.8522061157226563e+02 5.3775858134031296e-02 4653823. -1.
    2.3944126129150391e+01 1.6953109741210938e+01 2.6627554893493652e+00
    1.8334329223632813e+02 3.2766167074441910e-02 11797247. -1.
    2.5897678375244141e+01 7.4458068847656250e+01 1.8215286731719971e+00
    9.5727539062500000e+00 1.8894212320446968e-02 1049087. -1.
    2.5897678375244141e+01 7.4458068847656250e+01 1.8215286731719971e+00
    1.4095217895507813e+02 1.8894212320446968e-02 1049087. -1.
    2.9600341796875000e+01 1.5516391754150391e+01 2.0136859416961670e+00
    1.0678991699218750e+02 1.7549810931086540e-02 8258047. -1.
    3.0172809600830078e+01 7.9737060546875000e+01 4.7071366310119629e+00
    3.5816638183593750e+02 1.4867670834064484e-02 2818560. -1.
    3.6127399444580078e+01 2.2358211517333984e+01 2.0682818889617920e+00
    4.2435089111328125e+01 2.2571884095668793e-02 10224127. -1.
    3.6127399444580078e+01 2.2358211517333984e+01 2.0682818889617920e+00
    2.0119874572753906e+02 2.2571884095668793e-02 10224127. -1.
    4.0070152282714844e+01 1.5477066040039063e+01 3.3580043315887451e+00
    9.2479919433593750e+01 1.5248556621372700e-02 11863039. -1.
    4.2243465423583984e+01 6.2500492095947266e+01 2.6861553192138672e+00
    2.1885681152343750e+01 5.4737046360969543e-02 12387071. -1.
    4.3212249755859375e+01 3.3434188842773438e+01 1.8816692829132080e+00
    1.6212066650390625e+02 1.4565313234925270e-02 3342847. -1.
    4.4059978485107422e+01 1.6574800491333008e+01 2.1664826869964600e+00
    7.2552856445312500e+01 2.1757405251264572e-02 13566463. -1.
    4.5168270111083984e+01 5.9613319396972656e+01 2.0595407485961914e+00
    9.1484497070312500e+01 6.5548375248908997e-02 9896447. -1.
    4.5168270111083984e+01 5.9613319396972656e+01 2.0595407485961914e+00
    3.2170004272460938e+02 6.5548375248908997e-02 9896447. -1.
    4.5570148468017578e+01 5.6558223724365234e+01 1.9862478971481323e+00
    3.2284716796875000e+02 6.0760878026485443e-02 7275007. -1.
    4.8628105163574219e+01 4.4340324401855469e+01 2.3420944213867188e+00
    3.5261947631835938e+02 6.5335236489772797e-02 2491135. -1.
    4.9262115478515625e+01 5.1779369354248047e+01 2.0344181060791016e+00
    4.3861877441406250e+01 8.0599993467330933e-02 9044479. -1.
    5.0161720275878906e+01 4.0126853942871094e+01 5.7926096916198730e+00
    1.4990628051757813e+02 8.2009471952915192e-02 1114880. -1.
    5.0161720275878906e+01 4.0126853942871094e+01 5.7926096916198730e+00
    3.4463568115234375e+02 8.2009471952915192e-02 1114880. -1.
    5.1818851470947266e+01 4.8403022766113281e+01 4.3716917037963867e+00
    5.6997863769531250e+01 3.5434983670711517e-02 14221568. -1.
    5.2512565612792969e+01 2.7525794982910156e+01 2.5107021331787109e+00
    3.4311215209960938e+02 2.0570471882820129e-02 7537407. -1.
    5.2549873352050781e+01 7.9206619262695313e+01 5.2580094337463379e+00
    2.8765219116210938e+02 5.4054878652095795e-02 10879488. -1.
    5.5038230895996094e+01 2.1931749343872070e+01 3.4949405193328857e+00
    1.4113035583496094e+02 2.0368348807096481e-02 14746623. -1.
    5.5704521179199219e+01 6.2746875762939453e+01 1.8767862319946289e+01
    1.7941589355468750e+01 7.8224956989288330e-02 2621954. -1.
    5.5704521179199219e+01 6.2746875762939453e+01 1.8767862319946289e+01
    2.0834930419921875e+02 7.8224956989288330e-02 2621954. -1.
    5.6258308410644531e+01 9.0676193237304688e+00 2.7385857105255127e+00
    1.2981698608398438e+02 1.6462532803416252e-02 13828863. -1.
    5.6258308410644531e+01 9.0676193237304688e+00 2.7385857105255127e+00
    2.7886621093750000e+02 1.6462532803416252e-02 13828863. -1.
    5.7904445648193359e+01 1.8948152542114258e+01 2.3993699550628662e+00
    1.4033041381835938e+02 1.5877090394496918e-02 4260607. -1.
    6.0062324523925781e+01 4.9995429992675781e+01 1.8427599668502808e+00
    1.2545806884765625e+02 4.8734258860349655e-02 1835519. -1.
    6.1959278106689453e+01 7.5677909851074219e+01 2.4592034816741943e+00
    2.6427758789062500e+02 4.8105154186487198e-02 6030079. -1.
    6.3530876159667969e+01 7.6866157531738281e+01 4.5740580558776855e+00
    2.4701339721679688e+02 4.4367052614688873e-02 786944. -1.
    6.4826637268066406e+01 7.1016021728515625e+01 4.3294181823730469e+00
    2.4910087585449219e+02 4.9763385206460953e-02 13500672. -1.
    6.5532104492187500e+01 7.7460144042968750e+01 6.3129453659057617e+00
    2.4031674194335938e+02 4.4950686395168304e-02 7340800. -1.
    6.7936218261718750e+01 4.8739074707031250e+01 3.2987232208251953e+00
    1.6210098266601563e+02 6.5213270485401154e-02 10552319. -1.
    7.2430938720703125e+01 6.8545379638671875e+01 1.9581092596054077e+00
    1.3285459899902344e+02 4.6200331300497055e-02 6226431. -1.
    7.2430938720703125e+01 6.8545379638671875e+01 1.9581092596054077e+00
    2.7039016723632813e+02 4.6200331300497055e-02 6226431. -1.
    7.2984039306640625e+01 7.9732078552246094e+01 2.0969340801239014e+00
    3.3013790893554688e+02 2.3594630882143974e-02 11207167. -1.
    7.4233543395996094e+01 5.7564819335937500e+01 3.2159943580627441e+00
    1.7771694946289063e+02 2.8540408238768578e-02 8717311. -1.
    7.4551055908203125e+01 8.2932365417480469e+01 2.5657875537872314e+00
    3.3039141845703125e+02 2.2211398929357529e-02 9110271. -1.
    7.5335441589355469e+01 6.7545936584472656e+01 7.6460542678833008e+00
    1.9985647583007813e+02 3.3595062792301178e-02 4522241. -1.
    7.5459831237792969e+01 4.9972404479980469e+01 6.1888446807861328e+00
    1.5540849304199219e+02 4.0582574903964996e-02 5899008. -1.
    7.5842910766601563e+01 6.1200431823730469e+01 2.2638657093048096e+00
