<?xml version="1.0"?>
<opencv_storage>
<keypoints type_id="opencv-matrix">
  <rows>27</rows>
  <cols>7</cols>
  <dt>d</dt>
  <data>
    2.1247627258300781e+01 4.7898647308349609e+01 2.2306830883026123e+00
    2.8514318847656250e+02 7.3874019086360931e-02 15663615. -1.
    2.1290493011474609e+01 3.3103675842285156e+01 2.3765316009521484e+00
    6.8241577148437500e+01 7.2552822530269623e-02 3539711. -1.
    2.1290493011474609e+01 3.3103675842285156e+01 2.3765316009521484e+00
    3.0899447631835938e+02 7.2552822530269623e-02 3539711. -1.
    2.4212863922119141e+01 3.7444744110107422e+01 1.8189947605133057e+00
    3.4472354125976563e+02 4.8437170684337616e-02 918015. -1.
    2.4585971832275391e+01 4.2605888366699219e+01 2.6590721607208252e+00
    4.8330688476562500e+00 7.3155887424945831e-02 11666175. -1.
    2.8172403335571289e+01 3.9631687164306641e+01 1.9525903463363647e+00
    8.2501251220703125e+01 5.1637317985296249e-02 6029823. -1.
    3.0357482910156250e+01 5.9386737823486328e+01 4.0730276107788086e+00
    1.6009216308593750e+00 5.4436165839433670e-02 9109760. -1.
    3.0499595642089844e+01 2.1658330917358398e+01 4.1310915946960449e+00
    3.4942626953125000e+02 8.2914836704730988e-02 10092800. -1.
    3.4375034332275391e+01 4.0490699768066406e+01 5.5754332542419434e+00
    2.7257666015625000e+02 5.0646837800741196e-02 15073792. -1.
    3.9855087280273438e+01 4.9619426727294922e+01 7.6999678611755371e+00
    2.6972021484375000e+02 2.6145173236727715e-02 5046529. -1.
    4.0082038879394531e+01 3.2806186676025391e+01 2.7578577041625977e+01
    1.8054185485839844e+02 9.1211527585983276e-02 13763330. -1.
    4.0082038879394531e+01 3.2806186676025391e+01 2.7578577041625977e+01
    3.5822793579101563e+02 9.1211527585983276e-02 13763330. -1.
    4.0450637817382813e+01 3.0766649246215820e+01 7.6071214675903320e+00
    2.7016564941406250e+02 3.2264638692140579e-02 4129025. -1.
    4.7493499755859375e+01 6.0781890869140625e+01 1.1886421203613281e+01
    1.9306384277343750e+02 5.3598955273628235e-02 3015425. -1.
    4.7493499755859375e+01 6.0781890869140625e+01 1.1886421203613281e+01
    2.6522305297851563e+02 5.3598955273628235e-02 3015425. -1.
    4.9657211303710938e+01 4.0512111663818359e+01 4.1961879730224609e+00
    1.8969024658203125e+02 6.8947054445743561e-02 11272448. -1.
    4.9657211303710938e+01 4.0512111663818359e+01 4.1961879730224609e+00
    2.5792871093750000e+02 6.8947054445743561e-02 11272448. -1.
    5.1993598937988281e+01 2.0713741302490234e+01 1.9424690008163452e+00
    9.8800018310546875e+01 6.1366658657789230e-02 5702143. -1.
    5.2112548828125000e+01 5.8560199737548828e+01 1.9410034418106079e+00
    9.7959228515625000e+01 3.8929630070924759e-02 5636607. -1.
    5.5480628967285156e+01 2.3698869705200195e+01 2.6940710544586182e+00
    1.6872322082519531e+02 8.3714999258518219e-02 12649215. -1.
    5.5781291961669922e+01 6.1513343811035156e+01 2.7269117832183838e+00
    1.7459313964843750e+02 5.5322293192148209e-02 13501183. -1.
    5.6106147766113281e+01 5.6358890533447266e+01 1.8309215307235718e+00
    1.9113150024414063e+02 3.9449263364076614e-02 1376767. -1.
    5.8771732330322266e+01 1.4119050025939941e+01 2.5155341625213623e+00
    9.7944213867187500e+01 7.7153123915195465e-02 7668479. -1.
    5.8916683197021484e+01 2.8983169555664063e+01 2.2210729122161865e+00
    2.5553106689453125e+02 8.0526769161224365e-02 15335935. -1.
    5.8979564666748047e+01 5.2029636383056641e+01 2.3866841793060303e+00
    1.1377780151367188e+02 6.4914748072624207e-02 3867391. -1.
    5.8979564666748047e+01 5.2029636383056641e+01 2.3866841793060303e+00
    2.2959678649902344e+02 6.4914748072624207e-02 3867391. -1.
    5.8984794616699219e+01 6.6915985107421875e+01 2.4086070060729980e+00
    2.6257568359375000e+02 6.2886640429496765e-02 4522751. -1.</data></keypoints>
<descriptors type_id="opencv-matrix">
  <rows>27</rows>
  <cols>128</cols>
  <dt>f</dt>
  <data>
    0. 0. 0. 0. 0. 0. 0. 1. 0. 0. 0. 0. 0. 1. 16. 12. 0. 0. 0. 0. 0. 12.
    18. 2. 0. 0. 0. 0. 0. 1. 4. 1. 10. 0. 0. 0. 0. 21. 31. 9. 89. 2. 0.
    0. 1. 21. 65. 121. 10. 0. 0. 0. 19. 121. 102. 41. 0. 0. 0. 0. 1. 26.
    121. 69. 10. 2. 4. 0. 0. 121. 121. 5. 121. 24. 0. 0. 4. 75. 42. 50.
    88. 13. 0. 0. 66. 121. 30. 44. 83. 10. 0. 0. 9. 39. 105. 121. 6. 92.
    43. 0. 4. 91. 22. 1. 67. 21. 1. 0. 17. 115. 29. 16. 78. 24. 0. 0.
    49. 32. 1. 4. 121. 50. 0. 0. 20. 14. 1. 4. 3. 2. 45. 60. 2. 3. 120.
    98. 29. 10. 44. 121. 14. 1. 13. 43. 52. 4. 4. 32. 18. 0. 0. 18. 39.
    8. 5. 18. 13. 0. 0. 11. 10. 11. 128. 128. 0. 1. 10. 2. 128. 60. 98.
    80. 0. 0. 0. 18. 75. 23. 50. 105. 12. 0. 0. 15. 21. 43. 85. 29. 5.
    0. 0. 4. 19. 24. 54. 14. 0. 0. 0. 0. 112. 128. 86. 18. 0. 0. 0. 2.
    12. 35. 128. 128. 0. 0. 0. 1. 4. 95. 128. 18. 0. 0. 0. 0. 1. 4. 1.
    0. 0. 0. 0. 0. 1. 28. 34. 2. 0. 0. 0. 0. 0. 4. 45. 23. 0. 0. 0. 0.
    0. 18. 20. 3. 0. 0. 0. 0. 0. 0. 0. 0. 0. 0. 1. 5. 0. 0. 0. 0. 0. 2.
    32. 20. 76. 0. 0. 0. 0. 6. 27. 57. 124. 1. 0. 17. 12. 0. 0. 124. 36.
    0. 0. 0. 0. 0. 1. 27. 92. 3. 0. 0. 0. 24. 103. 124. 100. 1. 0. 0. 0.
    118. 124. 63. 124. 18. 1. 20. 58. 7. 8. 46. 60. 1. 0. 0. 0. 0. 5.
    69. 124. 26. 0. 0. 0. 8. 15. 114. 59. 26. 0. 0. 0. 121. 50. 19. 82.
    40. 1. 2. 23. 40. 16. 13. 13. 0. 0. 0. 0. 6. 91. 124. 45. 7. 0. 0.
    0. 14. 30. 121. 17. 38. 0. 0. 1. 33. 9. 6. 9. 28. 0. 0. 2. 39. 2. 1.
    93. 105. 2. 0. 0. 0. 1. 19. 46. 125. 36. 0. 0. 5. 38. 24. 3. 50. 50.
    0. 0. 22. 82. 4. 1. 19. 28. 0. 0. 21. 64. 2. 68. 66. 1. 0. 0. 0. 0.
    2. 125. 107. 13. 0. 0. 0. 4. 53. 33. 45. 36. 0. 0. 10. 58. 40. 0.
    27. 51. 0. 0. 19. 46. 0. 78. 1. 0. 0. 0. 0. 0. 61. 125. 39. 2. 0. 0.
    1. 24. 125. 33. 67. 46. 0. 0. 13. 52. 19. 28. 36. 21. 0. 0. 13. 50.
    17. 125. 3. 0. 0. 0. 0. 1. 110. 99. 18. 3. 0. 0. 5. 75. 125. 3. 10.
    9. 0. 0. 49. 125. 17. 30. 11. 3. 0. 0. 10. 86. 59. 35. 111. 19. 0.
    0. 0. 0. 2. 115. 128. 31. 0. 0. 0. 3. 11. 27. 22. 27. 1. 0. 0. 28.
    30. 37. 4. 8. 1. 0. 0. 64. 64. 63. 16. 0. 0. 0. 0. 0. 6. 128. 62. 4.
    0. 0. 0. 13. 108. 47. 26. 40. 1. 0. 0. 102. 114. 63. 11. 62. 4. 0.
    0. 19. 70. 57. 2. 0. 0. 0. 0. 3. 60. 128. 101. 21. 0. 0. 0. 17. 110.
    26. 54. 128. 10. 0. 0. 32. 26. 1. 3. 128. 19. 0. 0. 21. 6. 64. 47.
    8. 0. 0. 0. 2. 46. 41. 79. 84. 0. 0. 0. 21. 87. 8. 24. 73. 1. 0. 0.
    30. 26. 0. 1. 41. 3. 0. 0. 29. 5. 68. 1. 0. 12. 57. 0. 0. 7. 125.
    38. 23. 1. 2. 0. 0. 14. 12. 37. 41. 8. 12. 0. 0. 1. 0. 2. 2. 35.
    125. 0. 0. 0. 71. 4. 1. 14. 64. 0. 0. 6. 83. 55. 75. 36. 13. 0. 0.
    3. 92. 121. 63. 14. 12. 0. 0. 2. 15. 11. 2. 46. 125. 0. 0. 1. 55.
    11. 5. 17. 53. 0. 0. 7. 67. 15. 11. 46. 67. 0. 0. 7. 125. 29. 4. 13.
    24. 0. 0. 21. 27. 3. 1. 51. 125. 0. 0. 3. 9. 27. 79. 65. 32. 0. 0.
    0. 20. 62. 125. 64. 10. 0. 0. 1. 76. 125. 110. 23. 6. 0. 0. 3. 17.
    17. 72. 103. 61. 0. 0. 1. 107. 57. 1. 1. 0. 0. 0. 49. 33. 36. 26. 2.
    0. 0. 0. 12. 2. 4. 29. 1. 0. 0. 12. 6. 0. 0. 21. 1. 0. 0. 21. 1.
    127. 7. 3. 23. 21. 1. 0. 106. 108. 25. 24. 32. 15. 1. 6. 64. 27. 10.
    11. 0. 0. 0. 108. 72. 0. 0. 15. 0. 0. 0. 127. 7. 115. 108. 6. 6. 31.
    16. 1. 6. 115. 87. 26. 6. 23. 25. 9. 18. 28. 71. 127. 1. 0. 0. 12.
    14. 0. 0. 127. 6. 0. 0. 15. 1. 11. 127. 38. 0. 1. 2. 0. 0. 4. 66.
    127. 1. 1. 4. 4. 1. 1. 11. 127. 6. 0. 0. 0. 0. 0. 0. 127. 8. 0. 0.
    0. 0. 15. 0. 0. 3. 1. 0. 33. 121. 3. 2. 6. 9. 2. 7. 121. 65. 1. 0.
    0. 0. 0. 46. 121. 9. 0. 0. 0. 0. 0. 48. 121. 0. 121. 10. 1. 20. 31.
    4. 5. 99. 105. 16. 11. 35. 27. 5. 26. 102. 28. 15. 7. 0. 0. 23. 121.
    75. 0. 1. 4. 0. 0. 57. 121. 0. 121. 76. 1. 1. 20. 16. 2. 18. 107.
    76. 9. 1. 17. 27. 15. 23. 28. 114. 120. 0. 0. 3. 21. 12. 0. 40. 121.
    0. 0. 11. 38. 0. 83. 26. 0. 0. 0. 1. 0. 50. 19. 10. 1. 0. 0. 3. 10.
    13. 1. 19. 31. 0. 0. 2. 9. 1. 0. 17. 54. 0. 0. 1. 3. 0. 2. 1. 1. 0.
    0. 38. 131. 29. 4. 0. 0. 0. 0. 36. 131. 44. 0. 0. 0. 0. 0. 19. 131.
    74. 0. 0. 3. 4. 2. 9. 131. 81. 24. 1. 0. 0. 13. 27. 44. 32. 123. 1.
