<?xml version="1.0"?>
<opencv_storage>
<keypoints type_id="opencv-matrix">
  <rows>90</rows>
  <cols>7</cols>
  <dt>d</dt>
  <data>
    2.8367285728454590e+00 6.9186714172363281e+01 2.1637501716613770e+00
    1.1202862548828125e+02 2.6033731177449226e-02 13500927. -1.
    3.7924289703369141e+00 7.9731903076171875e+01 2.2010464668273926e+00
    9.2138549804687500e+01 5.0871316343545914e-02 14680575. -1.
    3.7924289703369141e+00 7.9731903076171875e+01 2.2010464668273926e+00
    2.2427249145507813e+02 5.0871316343545914e-02 14680575. -1.
    4.8372611999511719e+00 5.5880004882812500e+01 3.3864212036132813e+00
    5.6882019042968750e+00 4.2684767395257950e-02 12452863. -1.
    5.0143857002258301e+00 2.1793027877807617e+01 6.4585771560668945e+00
    3.4393972778320313e+02 2.6972539722919464e-02 9044736. -1.
    5.3267221450805664e+00 6.3128818511962891e+01 1.9566574096679688e+00
    2.7628979492187500e+02 1.7767664045095444e-02 6226431. -1.
    6.0436935424804688e+00 1.5676127433776855e+01 2.2935712337493896e+00
    3.5706298828125000e+02 4.1289731860160828e-02 983807. -1.
    6.4552140235900879e+00 8.2051170349121094e+01 2.7010345458984375e+00
    2.2804936218261719e+02 2.1098623052239418e-02 12780287. -1.
    1.0076473236083984e+01 1.8137573242187500e+01 2.1282479763031006e+00
    3.2363714599609375e+02 6.5221972763538361e-02 12255743. -1.
    1.0076473236083984e+01 1.8137573242187500e+01 2.1282479763031006e+00
    3.4641680908203125e+02 6.5221972763538361e-02 12255743. -1.
    1.0458741188049316e+01 4.0217795372009277e+00 2.6825945377349854e+00
    2.1939857482910156e+02 1.8008157610893250e-02 12321535. -1.
    1.1881485939025879e+01 5.2974422454833984e+01 2.1694347858428955e+00
    3.6600830078125000e+01 3.6386497318744659e-02 13697535. -1.
    1.1881485939025879e+01 5.2974422454833984e+01 2.1694347858428955e+00
    2.1521772766113281e+02 3.6386497318744659e-02 13697535. -1.
    1.2386341094970703e+01 2.4002843856811523e+01 2.4026393890380859e+00
    3.1311373901367188e+02 5.4455928504467010e-02 4326143. -1.
    1.2459776878356934e+01 1.0603024482727051e+01 2.3058609962463379e+00
    9.6379730224609375e+01 4.3149381875991821e-02 1377023. -1.
    1.2949146270751953e+01 1.7440626144409180e+01 1.8432492017745972e+00
    1.0543083190917969e+02 6.2426194548606873e-02 1901055. -1.
    1.2949146270751953e+01 1.7440626144409180e+01 1.8432492017745972e+00
    1.7033010864257813e+02 6.2426194548606873e-02 1901055. -1.
    1.2949146270751953e+01 1.7440626144409180e+01 1.8432492017745972e+00
    3.4043054199218750e+02 6.2426194548606873e-02 1901055. -1.
    1.5585859298706055e+01 2.2234306335449219e+01 2.4322392940521240e+00
    3.1021389770507813e+02 6.8465508520603180e-02 5243647. -1.
    1.6098415374755859e+01 6.2098975181579590e+00 5.0872588157653809e+00
    9.5099090576171875e+01 4.8270933330059052e-02 8454656. -1.
    1.6787466049194336e+01 5.8951766967773438e+01 6.4466967582702637e+00
    3.3192678833007813e+02 2.3142511025071144e-02 8913664. -1.
    1.7425586700439453e+01 1.1344789505004883e+01 2.4184751510620117e+00
    9.2933105468750000e+01 4.5796275138854980e-02 4784895. -1.
    1.9867841720581055e+01 2.1274299621582031e+01 2.0826499462127686e+00
    2.2720367431640625e+02 5.8348715305328369e-02 10682879. -1.
    2.2616851806640625e+01 6.6044265747070313e+01 2.3537814617156982e+00
    2.3837402343750000e+01 5.8194328099489212e-02 2884351. -1.
    2.2616851806640625e+01 6.6044265747070313e+01 2.3537814617156982e+00
    1.7731848144531250e+02 5.8194328099489212e-02 2884351. -1.
    2.4138015747070313e+01 2.0234395980834961e+01 1.9554332494735718e+00
    3.0965148925781250e+01 5.7912800461053848e-02 6160895. -1.
    2.4763408660888672e+01 1.3614084243774414e+01 2.0363433361053467e+00
    1.6304229736328125e+02 3.7159506231546402e-02 9110015. -1.
    2.5594520568847656e+01 6.9363632202148438e+01 2.5721547603607178e+00
    1.8273156738281250e+02 3.3972285687923431e-02 9241343. -1.
    2.5829507827758789e+01 2.5702627182006836e+01 3.5063579082489014e+00
    2.7052673339843750e+01 4.4262766838073730e-02 14943231. -1.
    2.6076686859130859e+01 1.3882207870483398e+01 4.1452851295471191e+00
    3.6743621826171875e+01 3.9939057081937790e-02 10354944. -1.
    2.7232782363891602e+01 5.8748558044433594e+01 4.6037678718566895e+00
    3.2760580444335938e+02 2.9708085581660271e-02 1245696. -1.
    2.9063421249389648e+01 7.2992103576660156e+01 4.2166767120361328e+00
    1.9962921142578125e+02 4.8904132097959518e-02 11600128. -1.
    3.0157281875610352e+01 4.8133163452148438e+01 3.4899189472198486e+00
    1.7128952026367188e+02 2.3018453270196915e-02 14615551. -1.
    3.0915605545043945e+01 3.0433780670166016e+01 2.4396524429321289e+00
    3.3483621215820313e+02 3.0487481504678726e-02 5440255. -1.
    3.2629100799560547e+01 5.6769325256347656e+01 2.4001085758209229e+00
    2.1851348876953125e+01 6.2438618391752243e-02 4260607. -1.
    3.2629100799560547e+01 5.6769325256347656e+01 2.4001085758209229e+00
    1.3871034240722656e+02 6.2438618391752243e-02 4260607. -1.
    3.4271045684814453e+01 5.0392280578613281e+01 1.9796289205551147e+00
    2.3560040283203125e+02 7.8864112496376038e-02 7012863. -1.
    3.4736682891845703e+01 1.0557645797729492e+01 3.2780106067657471e+00
    4.3935791015625000e+01 4.0224432945251465e-02 10093567. -1.
    3.5864543914794922e+01 5.2420452117919922e+01 1.8108934164047241e+00
    2.3695901489257813e+02 7.1056991815567017e-02 590335. -1.
    3.6445583343505859e+01 7.1839996337890625e+01 5.4172968864440918e+00
    3.1794857788085938e+02 6.3532702624797821e-02 13042176. -1.
    3.7693424224853516e+01 2.8570154190063477e+01 3.1834363937377930e+00
    2.3886672973632813e+02 1.7170637845993042e-02 7996415. -1.
    3.7693424224853516e+01 2.8570154190063477e+01 3.1834363937377930e+00
    2.8205307006835938e+02 1.7170637845993042e-02 7996415. -1.
    3.7969924926757813e+01 5.6181114196777344e+01 1.9008684158325195e+00
    1.2909712219238281e+02 7.0660136640071869e-02 4129279. -1.
    3.7969924926757813e+01 5.6181114196777344e+01 1.9008684158325195e+00
    3.5456094360351563e+02 7.0660136640071869e-02 4129279. -1.
    3.9192813873291016e+01 1.1839331626892090e+01 1.8278445005416870e+00
    6.0773193359375000e+01 5.2588354796171188e-02 1245695. -1.
    4.0824913024902344e+01 5.3768932342529297e+01 2.3879232406616211e+00
    1.0337280273437500e+01 6.4558364450931549e-02 3867391. -1.
    4.3648315429687500e+01 7.8844665527343750e+01 2.6027226448059082e+00
    2.2340701293945313e+02 2.3696741089224815e-02 10093311. -1.
    4.3648315429687500e+01 7.8844665527343750e+01 2.6027226448059082e+00
    2.8065170288085938e+02 2.3696741089224815e-02 10093311. -1.
    4.4130184173583984e+01 6.8261871337890625e+01 6.0913829803466797e+00
    3.1307168579101563e+02 4.8803951591253281e-02 4784896. -1.
    4.4130870819091797e+01 5.4174037933349609e+01 1.9461758136749268e+00
    5.6118469238281250e+00 6.3922993838787079e-02 5833215. -1.
    4.6153255462646484e+01 3.6568832397460938e+01 2.3826494216918945e+00
    3.0600054931640625e+02 1.9430911168456078e-02 3736319. -1.
    4.8041450500488281e+01 2.7896001815795898e+01 3.2846877574920654e+00
    2.8116564941406250e+02 2.1477533504366875e-02 10224639. -1.
    5.0217700958251953e+01 2.1616357803344727e+01 1.8509992599487305e+01
    5.1177307128906250e+01 4.2337089776992798e-02 1638914. -1.
    5.0217700958251953e+01 2.1616357803344727e+01 1.8509992599487305e+01
    1.4119613647460938e+02 4.2337089776992798e-02 1638914. -1.
    5.0963203430175781e+01 6.7424072265625000e+01 3.1888701915740967e+00
    2.5657550048828125e+02 3.7255745381116867e-02 8127487. -1.
    5.0972282409667969e+01 4.3940696716308594e+01 6.7615747451782227e+00
    6.8721893310546875e+01 2.3999359458684921e-02 12321536. -1.
    5.3349178314208984e+01 6.1601161956787109e+01 1.7575107574462891e+01
    3.1212924194335938e+02 5.9206370264291763e-02 14549250. -1.
    5.4361957550048828e+01 8.5413970947265625e+01 1.9931625127792358e+00
