<?xml version="1.0"?>
<opencv_storage>
<keypoints type_id="opencv-matrix">
  <rows>2</rows>
  <cols>7</cols>
  <dt>d</dt>
  <data>
    4.0157386779785156e+01 1.8369779586791992e+01 6.9273767471313477e+00
    7.3989562988281250e+01 1.1582621186971664e-01 14091008. -1.
    5.8871826171875000e+01 4.8491077423095703e+01 3.5740573406219482e+00
    2.3938110351562500e+01 8.7921693921089172e-02 16385023. -1.</data></keypoints>
<descriptors type_id="opencv-matrix">
  <rows>2</rows>
  <cols>128</cols>
  <dt>f</dt>
  <data>
    0. 0. 0. 0. 0. 0. 0. 1. 4. 0. 0. 0. 0. 0. 4. 73. 7. 1. 5. 3. 3. 2.
    40. 134. 4. 3. 32. 29. 19. 4. 30. 116. 16. 0. 0. 0. 0. 0. 0. 8. 134.
    6. 0. 2. 5. 2. 19. 134. 28. 3. 5. 35. 109. 29. 60. 134. 1. 3. 53.
    74. 39. 12. 13. 11. 30. 5. 0. 0. 0. 0. 0. 2. 134. 125. 8. 16. 9. 0.
    1. 36. 50. 47. 17. 107. 128. 8. 2. 12. 1. 4. 17. 78. 113. 39. 7. 1.
    8. 3. 0. 0. 0. 0. 0. 0. 134. 100. 2. 3. 1. 2. 1. 1. 62. 59. 9. 25.
    30. 51. 14. 3. 3. 10. 23. 11. 34. 70. 28. 2. 3. 15. 26. 8. 52. 97.
    1. 0. 6. 10. 27. 23. 12. 12. 15. 17. 115. 96. 2. 1. 2. 2. 16. 14.
    53. 32. 0. 6. 115. 28. 0. 0. 50. 27. 0. 2. 115. 61. 2. 5. 51. 1. 0.
    1. 45. 34. 54. 115. 97. 16. 1. 1. 26. 59. 69. 50. 70. 22. 5. 71.
    107. 2. 1. 3. 71. 6. 0. 44. 115. 2. 0. 19. 115. 33. 1. 16. 53. 6. 4.
    31. 42. 12. 15. 48. 115. 25. 4. 9. 10. 8. 27. 115. 38. 1. 0. 1. 14.
    1. 1. 76. 51. 2. 13. 28. 115. 19. 1. 17. 21. 1. 13. 28. 25. 7. 5.
    82. 115. 0. 0. 0. 0. 0. 8. 41. 19. 0. 0. 0.</data></descriptors>
</opencv_storage>
