<?xml version="1.0"?>
<opencv_storage>
<keypoints type_id="opencv-matrix">
  <rows>36</rows>
  <cols>7</cols>
  <dt>d</dt>
  <data>
    1.5318800926208496e+01 2.6212347030639648e+01 3.6187579631805420e+00
    3.2871966552734375e+02 6.3077859580516815e-02 524544. -1.
    1.5947406768798828e+01 2.1899330139160156e+01 2.2322561740875244e+00
    3.0656829833984375e+02 9.6325129270553589e-02 15729151. -1.
    1.7977941513061523e+01 3.3526882171630859e+01 2.4198071956634521e+00
    1.4209188842773438e+02 9.8126605153083801e-02 4850431. -1.
    1.7977941513061523e+01 3.3526882171630859e+01 2.4198071956634521e+00
    3.2021527099609375e+02 9.8126605153083801e-02 4850431. -1.
    1.8533361434936523e+01 1.9532083511352539e+01 2.5391430854797363e+00
    6.1316345214843750e+01 8.8437564671039581e-02 8323839. -1.
    1.8533361434936523e+01 1.9532083511352539e+01 2.5391430854797363e+00
    1.0865400695800781e+02 8.8437564671039581e-02 8323839. -1.
    1.9687534332275391e+01 1.4906787872314453e+01 1.9379824399948120e+00
    8.6029479980468750e+01 8.0017223954200745e-02 5505535. -1.
    1.9687534332275391e+01 1.4906787872314453e+01 1.9379824399948120e+00
    3.2002816772460938e+02 8.0017223954200745e-02 5505535. -1.
    2.0517284393310547e+01 2.7356170654296875e+01 2.5362012386322021e+00
    3.1172775268554688e+02 8.2670599222183228e-02 8258303. -1.
    2.0721845626831055e+01 2.2532606124877930e+01 2.5622432231903076e+00
    6.0521759033203125e+01 6.6502802073955536e-02 8979199. -1.
    2.0992580413818359e+01 3.1712871551513672e+01 2.7707502841949463e+00
    3.0855401611328125e+02 9.7197510302066803e-02 14680831. -1.
    2.0992580413818359e+01 3.1712871551513672e+01 2.7707502841949463e+00
    3.5473333740234375e+02 9.7197510302066803e-02 14680831. -1.
    2.5066049575805664e+01 2.5045543670654297e+01 2.9780347347259521e+00
    8.9884826660156250e+01 1.1112932115793228e-01 3146751. -1.
    2.5066049575805664e+01 2.5045543670654297e+01 2.9780347347259521e+00
    2.6948892211914063e+02 1.1112932115793228e-01 3146751. -1.
    2.5148473739624023e+01 3.5264339447021484e+01 3.2926437854766846e+00
    1.8593838500976563e+02 9.7426496446132660e-02 10421247. -1.
    2.5148473739624023e+01 3.5264339447021484e+01 3.2926437854766846e+00
    3.5106442260742188e+02 9.7426496446132660e-02 10421247. -1.
    2.5192026138305664e+01 3.0220281600952148e+01 4.0100378990173340e+00
    1.9894256591796875e+02 7.4219882488250732e-02 7995648. -1.
    2.5192026138305664e+01 3.0220281600952148e+01 4.0100378990173340e+00
    3.4065939331054688e+02 7.4219882488250732e-02 7995648. -1.
    2.5201395034790039e+01 2.1218610763549805e+01 2.8749487400054932e+00
    2.6977899169921875e+02 6.0829050838947296e-02 590847. -1.
    2.5204238891601563e+01 1.5080132484436035e+01 2.4485783576965332e+00
    6.2328430175781250e+01 7.0600524544715881e-02 5702399. -1.
    2.5204238891601563e+01 1.5080132484436035e+01 2.4485783576965332e+00
    1.1861230468750000e+02 7.0600524544715881e-02 5702399. -1.
    2.5204238891601563e+01 1.5080132484436035e+01 2.4485783576965332e+00
    3.4253912353515625e+02 7.0600524544715881e-02 5702399. -1.
    2.5208618164062500e+01 2.3569267272949219e+01 1.2555934906005859e+01
    6.7825317382812500e-01 4.8961624503135681e-02 6947585. -1.
    2.5208618164062500e+01 2.3569267272949219e+01 1.2555934906005859e+01
    1.7926634216308594e+02 4.8961624503135681e-02 6947585. -1.
    2.9648859024047852e+01 2.2535083770751953e+01 2.6093986034393311e+00
    1.2009317016601563e+02 6.6438674926757813e-02 10289919. -1.
    2.9833436965942383e+01 2.7351221084594727e+01 2.5386211872100830e+00
    2.2749552917480469e+02 8.2029394805431366e-02 8323839. -1.
    3.0673915863037109e+01 1.4985700607299805e+01 2.0204505920410156e+00
    9.2082489013671875e+01 8.1540420651435852e-02 8520191. -1.
    3.0673915863037109e+01 1.4985700607299805e+01 2.0204505920410156e+00
    2.2124833679199219e+02 8.1540420651435852e-02 8520191. -1.
    3.1824411392211914e+01 1.9500354766845703e+01 2.5355587005615234e+00
    7.1247070312500000e+01 8.9317746460437775e-02 8258303. -1.
    3.1824411392211914e+01 1.9500354766845703e+01 2.5355587005615234e+00
    1.2035353088378906e+02 8.9317746460437775e-02 8258303. -1.
    3.2118419647216797e+01 2.9532453536987305e+01 2.2241718769073486e+00
    5.1627868652343750e+01 7.3104500770568848e-02 15467007. -1.
    3.2118419647216797e+01 2.9532453536987305e+01 2.2241718769073486e+00
    2.2263734436035156e+02 7.3104500770568848e-02 15467007. -1.
    3.2460426330566406e+01 3.3498485565185547e+01 2.4646363258361816e+00
    3.1623596191406250e+01 9.6886523067951202e-02 6161151. -1.
    3.4690258026123047e+01 2.6250568389892578e+01 3.5607526302337646e+00
    2.2213336181640625e+02 6.2609307467937469e-02 16057343. -1.
    3.4970199584960938e+01 2.6272745132446289e+01 3.6323738098144531e+00
    2.1018254089355469e+02 6.2617987394332886e-02 786688. -1.
    3.6514373779296875e+01 2.3489778518676758e+01 1.8791593313217163e+00
    2.3067906188964844e+02 4.3466411530971527e-02 3277311. -1.</data></keypoints>
