<?xml version="1.0"?>
<opencv_storage>
<keypoints type_id="opencv-matrix">
  <rows>28</rows>
  <cols>7</cols>
  <dt>d</dt>
  <data>
    1.3638797760009766e+01 2.4431344985961914e+01 5.7731661796569824e+00
    7.7672332763671875e+01 7.5061336159706116e-02 918272. -1.
    1.3638797760009766e+01 2.4431344985961914e+01 5.7731661796569824e+00
    3.1988656616210938e+02 7.5061336159706116e-02 918272. -1.
    1.7256052017211914e+01 2.1288974761962891e+01 2.0243859291076660e+00
    1.1955751037597656e+02 4.5754939317703247e-02 8651263. -1.
    1.8190668106079102e+01 3.2577781677246094e+01 1.8568286895751953e+00
    3.1678472900390625e+02 6.6586203873157501e-02 2425343. -1.
    2.0293663024902344e+01 2.0439998626708984e+01 1.8152738809585571e+00
    2.2494865417480469e+02 6.6483482718467712e-02 786943. -1.
    2.0611610412597656e+01 2.5867513656616211e+01 1.9280983209609985e+00
    4.0985351562500000e+01 5.9301458299160004e-02 5112319. -1.
    2.0611610412597656e+01 2.5867513656616211e+01 1.9280983209609985e+00
    1.5923432922363281e+02 5.9301458299160004e-02 5112319. -1.
    2.0927618026733398e+01 2.4493551254272461e+01 2.8083498477935791e+00
    4.1527587890625000e+01 6.0604218393564224e-02 15598335. -1.
    2.5518987655639648e+01 1.4885392189025879e+01 6.3336353302001953e+00
    1.2581016540527344e+02 4.2879004031419754e-02 7602944. -1.
    2.5544733047485352e+01 4.1799346923828125e+01 2.7772004604339600e+00
    2.3278845214843750e+02 3.7580668926239014e-02 14811903. -1.
    2.5544733047485352e+01 4.1799346923828125e+01 2.7772004604339600e+00
    3.0857769775390625e+02 3.7580668926239014e-02 14811903. -1.
    2.5545433044433594e+01 2.8615024566650391e+01 5.5261917114257813e+00
    2.3068447875976563e+02 6.3455991446971893e-02 14418432. -1.
    2.5545433044433594e+01 2.8615024566650391e+01 5.5261917114257813e+00
    3.0882455444335938e+02 6.3455991446971893e-02 14418432. -1.
    2.5552789688110352e+01 3.6836296081542969e+01 2.5939598083496094e+00
    2.6984411621093750e+02 3.0729690566658974e-02 9896703. -1.
    2.5556224822998047e+01 9.8137750625610352e+00 2.5492954254150391e+00
    5.3012817382812500e+01 3.6811910569667816e-02 8651519. -1.
    2.5556224822998047e+01 9.8137750625610352e+00 2.5492954254150391e+00
    1.2838545227050781e+02 3.6811910569667816e-02 8651519. -1.
    2.5569145202636719e+01 3.2936683654785156e+01 2.5627055168151855e+00
    2.2487161254882813e+02 5.0033729523420334e-02 8979199. -1.
    2.5569145202636719e+01 3.2936683654785156e+01 2.5627055168151855e+00
    3.1565570068359375e+02 5.0033729523420334e-02 8979199. -1.
    2.5571363449096680e+01 2.4648208618164063e+01 2.9792788028717041e+00
    4.7906158447265625e+01 5.4025419056415558e-02 3212287. -1.
    2.5571363449096680e+01 2.4648208618164063e+01 2.9792788028717041e+00
    1.3362957763671875e+02 5.4025419056415558e-02 3212287. -1.
    2.5587711334228516e+01 1.9961719512939453e+01 3.0609769821166992e+00
    9.0959106445312500e+01 5.3876880556344986e-02 5112831. -1.
    2.5587711334228516e+01 1.9961719512939453e+01 3.0609769821166992e+00
    2.3673199462890625e+02 5.3876880556344986e-02 5112831. -1.
    2.5587711334228516e+01 1.9961719512939453e+01 3.0609769821166992e+00
    3.0388906860351563e+02 5.3876880556344986e-02 5112831. -1.
    2.8862747192382813e+01 2.8900262832641602e+01 2.4697616100311279e+00
    2.1896861267089844e+02 3.5441454499959946e-02 6357759. -1.
    3.0520339965820313e+01 2.5837961196899414e+01 1.9724028110504150e+00
    1.3989111328125000e+02 6.0342278331518173e-02 6750719. -1.
    3.2936801910400391e+01 3.2610851287841797e+01 1.8611383438110352e+00
    2.2292477416992188e+02 6.5471649169921875e-02 2556415. -1.
    3.3817337036132813e+01 2.1332284927368164e+01 1.9844497442245483e+00
    6.0049926757812500e+01 4.5547187328338623e-02 7209471. -1.
    3.4949222564697266e+01 1.8580703735351563e+01 1.8144714832305908e+00
    1.3117073059082031e+02 2.6110917329788208e-02 721407. -1.</data></keypoints>
<descriptors type_id="opencv-matrix">
  <rows>28</rows>
  <cols>128</cols>
  <dt>f</dt>
  <data>
    100. 49. 0. 0. 0. 0. 2. 44. 77. 44. 1. 0. 0. 0. 11. 69. 77. 12. 6.
    9. 16. 19. 9. 49. 1. 1. 2. 27. 117. 86. 4. 3. 95. 84. 0. 0. 0. 0. 0.
    0. 130. 100. 10. 4. 0. 0. 1. 36. 55. 18. 47. 130. 10. 1. 2. 34. 0.
    1. 38. 130. 48. 3. 0. 0. 68. 34. 3. 0. 0. 0. 0. 1. 124. 130. 130.
    17. 0. 0. 0. 6. 7. 15. 130. 130. 2. 0. 0. 3. 0. 0. 51. 130. 0. 0. 0.
    0. 2. 10. 3. 0. 0. 0. 0. 0. 1. 20. 59. 3. 0. 0. 0. 0. 0. 1. 50. 25.
    0. 0. 0. 0. 0. 0. 4. 9. 0. 0. 0. 0. 2. 0. 0. 0. 0. 0. 0. 6. 4. 0. 0.
    0. 0. 9. 43. 52. 0. 0. 0. 0. 0. 43. 68. 6. 0. 0. 0. 0. 0. 6. 49. 1.
    47. 0. 0. 0. 0. 0. 0. 31. 143. 2. 0. 0. 1. 29. 74. 143. 8. 1. 0. 0.
    6. 143. 143. 35. 0. 0. 0. 0. 10. 59. 143. 8. 104. 8. 0. 0. 0. 0. 0.
    6. 143. 65. 0. 0. 3. 8. 6. 39. 54. 21. 1. 1. 23. 114. 59. 18. 0. 0.
    0. 2. 52. 88. 47. 4. 63. 11. 0. 0. 0. 0. 0. 0. 143. 104. 3. 0. 0. 0.
    0. 1. 63. 90. 65. 9. 9. 22. 13. 8. 0. 7. 57. 15. 22. 64. 22. 1. 3.
    18. 9. 0. 4. 67. 109. 0. 1. 32. 75. 1. 4. 64. 69. 6. 32. 39. 87. 1.
    1. 10. 10. 123. 22. 17. 12. 6. 34. 46. 17. 69. 0. 31. 131. 7. 1. 26.
    47. 0. 24. 8. 74. 65. 31. 66. 39. 10. 131. 10. 4. 7. 6. 11. 9. 131.
    30. 1. 0. 4. 29. 43. 13. 55. 0. 36. 101. 4. 1. 2. 1. 0. 44. 25. 62.
    22. 3. 10. 7. 6. 131. 22. 4. 3. 0. 1. 1. 9. 50. 5. 1. 66. 36. 1. 0.
    1. 0. 50. 89. 0. 0. 0. 0. 0. 43. 105. 75. 0. 0. 0. 0. 0. 131. 70. 7.
    13. 2. 0. 0. 1. 25. 9. 7. 131. 38. 0. 0. 0. 125. 7. 0. 0. 0. 0. 0.
    0. 91. 67. 2. 0. 0. 1. 5. 8. 18. 131. 16. 1. 0. 2. 4. 1. 1. 50. 21.
    62. 39. 5. 2. 0. 131. 7. 0. 0. 0. 0. 0. 2. 131. 8. 0. 0. 5. 18. 27.
    56. 28. 87. 6. 1. 53. 60. 23. 11. 90. 68. 8. 10. 15. 13. 23. 14.
    131. 6. 0. 0. 0. 0. 0. 0. 131. 31. 2. 4. 18. 5. 2. 9. 66. 11. 2. 18.
    131. 19. 2. 10. 131. 6. 0. 0. 11. 0. 3. 38. 121. 5. 0. 0. 0. 0. 0.
    0. 131. 36. 4. 8. 8. 0. 0. 0. 60. 13. 6. 33. 78. 0. 0. 5. 131. 15.
    3. 1. 4. 0. 0. 18. 2. 53. 55. 28. 77. 11. 1. 1. 6. 109. 126. 18. 2.
    1. 2. 3. 1. 4. 126. 92. 4. 7. 2. 1. 2. 2. 93. 76. 17. 1. 0. 1. 11.
    7. 6. 5. 126. 39. 0. 3. 107. 28. 24. 4. 17. 17. 19. 68. 15. 2. 18.
    14. 47. 105. 27. 22. 7. 1. 5. 6. 73. 11. 2. 5. 17. 3. 13. 80. 126.
    6. 0. 1. 126. 18. 0. 5. 24. 6. 2. 16. 52. 2. 0. 0. 126. 53. 4. 6. 1.
    0. 0. 1. 103. 13. 1. 2. 11. 1. 20. 51. 8. 3. 39. 16. 126. 3. 0. 3.
    10. 1. 10. 72. 38. 0. 0. 8. 126. 5. 0. 10. 0. 0. 0. 5. 92. 2. 0. 0.
    57. 46. 13. 26. 54. 0. 0. 0. 68. 5. 3. 32. 118. 3. 0. 11. 128. 8. 0.
    0. 1. 1. 24. 64. 17. 1. 0. 0. 0. 25. 86. 13. 10. 29. 14. 17. 10. 26.
    117. 37. 67. 7. 3. 24. 28. 109. 76. 13. 128. 34. 0. 0. 0. 6. 12. 20.
    44. 12. 2. 0. 0. 1. 2. 1. 0. 1. 3. 3. 1. 26. 128. 35. 7. 0. 3. 35.
    19. 128. 96. 13. 94. 31. 75. 31. 6. 24. 32. 41. 17. 62. 128. 1. 0.
    0. 0. 0. 0. 21. 78. 34. 1. 1. 2. 1. 2. 0. 30. 128. 13. 8. 1. 3. 5.
    5. 70. 87. 4. 4. 42. 24. 0. 33. 100. 3. 0. 14. 63. 2. 8. 2. 1. 3. 1.
    0. 1. 4. 0. 0. 5. 23. 83. 37. 0. 0. 17. 24. 3. 6. 112. 117. 7. 0.
    19. 61. 26. 13. 20. 28. 12. 0. 13. 19. 46. 79. 0. 0. 0. 0. 10. 13.
    106. 121. 12. 3. 0. 0. 69. 32. 43. 26. 24. 71. 46. 22. 5. 6. 7. 3.
    1. 109. 121. 8. 3. 24. 121. 121. 0. 0. 6. 6. 67. 14. 69. 121. 1. 1.
    29. 20. 121. 58. 9. 3. 0. 2. 9. 38. 23. 16. 0. 0. 10. 46. 37. 11. 0.
    3. 22. 12. 0. 0. 70. 89. 15. 6. 4. 28. 26. 26. 95. 45. 64. 121. 6.
    10. 14. 7. 6. 5. 15. 121. 1. 1. 9. 2. 0. 0. 115. 6. 0. 2. 3. 0. 0.
    12. 49. 4. 14. 58. 103. 1. 1. 15. 20. 8. 60. 20. 15. 6. 66. 70. 30.
    20. 24. 7. 2. 23. 103. 15. 87. 35. 4. 3. 2. 0. 23. 23. 61. 26. 10.
    42. 93. 21. 28. 16. 115. 13. 0. 3. 13. 8. 43. 72. 20. 3. 0. 0. 14.
    38. 104. 14. 9. 13. 8. 1. 0. 1. 115. 92. 14. 4. 6. 24. 16. 102. 115.
    30. 115. 40. 49. 22. 8. 33. 33. 28. 16. 42. 94. 9. 17. 3. 1. 0. 3.
    86. 105. 3. 0. 0. 13. 10. 1. 13. 97. 115. 10. 11. 8. 2. 9. 21. 65.
    72. 6. 7. 28. 14. 0. 23. 100. 11. 3. 16. 29. 2. 36. 16. 0. 0. 0. 0.
