<?xml version="1.0"?>
<opencv_storage>
<keypoints type_id="opencv-matrix">
  <rows>59</rows>
  <cols>7</cols>
  <dt>d</dt>
  <data>
    9.5888471603393555e+00 1.5907506942749023e+01 2.9990317821502686e+00
    5.7387145996093750e+01 3.8290608674287796e-02 3671039. -1.
    1.3318555831909180e+01 7.4000034332275391e+00 2.0336954593658447e+00
    4.6495391845703125e+01 2.1089997142553329e-02 8978943. -1.
    1.5535412788391113e+01 2.3814044952392578e+01 2.7372648715972900e+00
    3.2012402343750000e+02 5.4220322519540787e-02 13763327. -1.
    1.5652037620544434e+01 8.2898025512695313e+01 2.5765073299407959e+00
    1.8138287353515625e+02 2.9395636171102524e-02 9372415. -1.
    1.5667331695556641e+01 1.4696504592895508e+01 2.1307256221771240e+00
    1.3340133666992188e+02 4.3697800487279892e-02 12386815. -1.
    1.5667331695556641e+01 1.4696504592895508e+01 2.1307256221771240e+00
    1.8394418334960938e+02 4.3697800487279892e-02 12386815. -1.
    1.5918204307556152e+01 2.2887802124023438e+01 3.8614697456359863e+00
    2.1118132019042969e+02 5.5414091795682907e-02 5243136. -1.
    1.5918204307556152e+01 2.2887802124023438e+01 3.8614697456359863e+00
    3.3446783447265625e+02 5.5414091795682907e-02 5243136. -1.
    1.6219390869140625e+01 3.9589797973632813e+01 2.0942888259887695e+00
    1.8868438720703125e+01 1.9529446959495544e-02 11141631. -1.
    1.7086109161376953e+01 1.1818383216857910e+01 1.8855260610580444e+00
    1.3302436828613281e+02 3.9142381399869919e-02 3539455. -1.
    1.8027261734008789e+01 7.0785865783691406e+01 4.6746459007263184e+00
    1.9468356323242188e+02 2.7343435212969780e-02 2359808. -1.
    1.8191989898681641e+01 7.0907440185546875e+00 2.0305259227752686e+00
    1.3324913024902344e+02 1.7262605950236320e-02 8847871. -1.
    1.8191989898681641e+01 7.0907440185546875e+00 2.0305259227752686e+00
    2.8085876464843750e+02 1.7262605950236320e-02 8847871. -1.
    1.9591119766235352e+01 6.7259132385253906e+01 2.4643740653991699e+00
    3.3899417114257813e+02 2.6590673252940178e-02 6161151. -1.
    2.0631734848022461e+01 8.4871047973632813e+01 1.8192226886749268e+00
    3.1935729980468750e+02 3.7663061171770096e-02 918015. -1.
    2.3089094161987305e+01 1.1595433235168457e+01 2.5598325729370117e+00
    1.2908950805664063e+02 2.8641242533922195e-02 8913663. -1.
    2.3861974716186523e+01 5.0336894989013672e+01 2.0718386173248291e+00
    3.4132147216796875e+02 2.4106470867991447e-02 10355199. -1.
    2.4373868942260742e+01 8.6137039184570313e+01 2.5253603458404541e+00
    3.4700305175781250e+02 2.1856218576431274e-02 7930623. -1.
    2.4513849258422852e+01 1.8606342315673828e+01 2.7046766281127930e+00
    4.3870452880859375e+01 3.6943752318620682e-02 12911359. -1.
    2.4513849258422852e+01 1.8606342315673828e+01 2.7046766281127930e+00
    1.8984962463378906e+02 3.6943752318620682e-02 12911359. -1.
    2.6138917922973633e+01 2.6524492263793945e+01 2.0058972835540771e+00
    2.3570495605468750e+01 2.8708344325423241e-02 7995903. -1.
    2.7200365066528320e+01 3.2039875030517578e+01 4.0517821311950684e+00
    1.7458251953125000e+01 1.6747998073697090e-02 8716544. -1.
    2.7414300918579102e+01 7.3241325378417969e+01 3.2360866069793701e+00
    1.6439776611328125e+02 3.2473828643560410e-02 9176063. -1.
    2.9462789535522461e+01 6.7060317993164063e+01 2.9190723896026611e+00
    2.3007347106933594e+02 1.4446347951889038e-02 1704959. -1.
    3.2529876708984375e+01 7.1487091064453125e+01 7.5374388694763184e+00
    3.1915740966796875e+02 4.8956699669361115e-02 3473665. -1.
    3.4562038421630859e+01 4.4215103149414063e+01 2.1838395595550537e+00
    9.1579742431640625e+01 5.1005225628614426e-02 14156287. -1.
    3.5200763702392578e+01 7.7080734252929688e+01 2.7475502490997314e+00
    4.5837982177734375e+01 1.9547738134860992e-02 14025471. -1.
    3.6306518554687500e+01 3.3274097442626953e+01 6.3082394599914551e+00
    9.6340942382812500e-01 3.1758192926645279e-02 7340800. -1.
    3.6306518554687500e+01 3.3274097442626953e+01 6.3082394599914551e+00
    2.7568942260742188e+02 3.1758192926645279e-02 7340800. -1.
    3.6875957489013672e+01 6.2896236419677734e+01 5.4484610557556152e+00
    3.2020269775390625e+02 2.5234611704945564e-02 13435392. -1.
    4.1964920043945313e+01 6.9522972106933594e+01 5.4346423149108887e+00
    3.2096047973632813e+02 2.8723986819386482e-02 13238784. -1.
    4.2650016784667969e+01 5.7948211669921875e+01 3.1257572174072266e+00
    3.3903103637695313e+02 1.9622042775154114e-02 6685695. -1.
    4.3801090240478516e+01 2.5074722290039063e+01 2.8578889369964600e+00
    6.1741638183593750e+01 3.0887622386217117e-02 197631. -1.
    4.7320190429687500e+01 2.9129854202270508e+01 3.9151313304901123e+00
    4.9564392089843750e+01 2.2764125838875771e-02 6226176. -1.
    4.7320190429687500e+01 2.9129854202270508e+01 3.9151313304901123e+00
    2.7959912109375000e+02 2.2764125838875771e-02 6226176. -1.
    4.7586887359619141e+01 6.4430198669433594e+01 1.3819821357727051e+01
    3.1501763916015625e+02 2.7785910293459892e-02 13894401. -1.
    4.8064910888671875e+01 6.3554220199584961e+00 1.9428968429565430e+00
    6.9284606933593750e+01 3.3941902220249176e-02 5702143. -1.
    4.9605762481689453e+01 3.9778701782226563e+01 4.1567678451538086e+00
    2.2528617858886719e+02 3.5737220197916031e-02 10551552. -1.
    5.1287841796875000e+01 8.2017028808593750e+01 1.8240807056427002e+00
    4.8535766601562500e+00 4.2617462575435638e-02 1114623. -1.
    5.3295726776123047e+01 5.3342594146728516e+01 2.0087368488311768e+00
    1.1710588073730469e+02 6.9232910871505737e-02 8126975. -1.
    5.4088115692138672e+01 8.3990600585937500e+01 2.8708145618438721e+00
    3.4541650390625000e+02 3.6494292318820953e-02 525311. -1.
    5.5897232055664063e+01 9.4647426605224609e+00 5.7985415458679199e+00
    9.1215698242187500e+01 4.3044432997703552e-02 1245952. -1.
    5.8874446868896484e+01 8.0150634765625000e+01 2.9493994712829590e+00
    1.9735054016113281e+02 3.9830122143030167e-02 2425855. -1.
    5.8961242675781250e+01 2.6486097335815430e+01 2.5759943008422852e+01
    3.1148101806640625e+01 6.7713081836700439e-02 8782594. -1.
    5.8961242675781250e+01 2.6486097335815430e+01 2.5759943008422852e+01
    1.2799990844726563e+02 6.7713081836700439e-02 8782594. -1.
    5.8961242675781250e+01 2.6486097335815430e+01 2.5759943008422852e+01
    2.7211022949218750e+02 6.7713081836700439e-02 8782594. -1.
    5.9537963867187500e+01 5.0928951263427734e+01 5.4881782531738281e+00
    3.1234616088867188e+02 5.7999279350042343e-02 13959680. -1.
    6.0789272308349609e+01 3.8397827148437500e+01 4.0572638511657715e+00
    3.1521447753906250e+02 1.5406378544867039e-02 8782080. -1.
    6.4585525512695313e+01 6.9174690246582031e+01 5.0604023933410645e+00
    1.9562637329101563e+02 4.1609890758991241e-02 8061440. -1.
    6.4585525512695313e+01 6.9174690246582031e+01 5.0604023933410645e+00
    3.1858697509765625e+02 4.1609890758991241e-02 8061440. -1.
    6.6115875244140625e+01 5.0475429534912109e+01 2.2685780525207520e+00
    3.5091766357421875e+02 3.2757550477981567e-02 197375. -1.
    6.9320426940917969e+01 4.8936065673828125e+01 6.4042778015136719e+00
    2.4205706787109375e+02 3.6404553800821304e-02 8389376. -1.
    6.9320426940917969e+01 4.8936065673828125e+01 6.4042778015136719e+00
    3.2858081054687500e+02 3.6404553800821304e-02 8389376. -1.
    7.7835807800292969e+01 6.1585823059082031e+01 2.9325661659240723e+00
    1.2086926269531250e+02 3.4463774412870407e-02 2032639. -1.
    8.0607055664062500e+01 5.5164512634277344e+01 2.9092841148376465e+00
    1.9877517700195313e+02 2.9962610453367233e-02 1442815. -1.
    8.1512535095214844e+01 7.6390380859375000e+01 3.3522899150848389e+00
    2.8016845703125000e+01 1.4295704662799835e-02 11731967. -1.
    8.1512535095214844e+01 7.6390380859375000e+01 3.3522899150848389e+00
    2.8807315063476563e+02 1.4295704662799835e-02 11731967. -1.
    8.2135864257812500e+01 3.8150524139404297e+01 2.4093341827392578e+00
