<?xml version="1.0"?>
<opencv_storage>
<keypoints type_id="opencv-matrix">
  <rows>22</rows>
  <cols>7</cols>
  <dt>d</dt>
  <data>
    1.1570489883422852e+01 3.0338310241699219e+01 3.3060281276702881e+00
    3.0908480834960938e+02 7.6402924954891205e-02 10683391. -1.
    1.3927433013916016e+01 2.5887634277343750e+01 1.9720766544342041e+00
    3.4131832885742188e+02 4.5199841260910034e-02 6750719. -1.
    1.5683839797973633e+01 3.0057985305786133e+01 2.2082517147064209e+00
    3.2141937255859375e+02 6.6526599228382111e-02 14942719. -1.
    1.9270656585693359e+01 1.4956212997436523e+01 6.6071429252624512e+00
    2.8661865234375000e+01 8.0086529254913330e-02 10683136. -1.
    1.9942031860351563e+01 3.4472393035888672e+01 2.3986036777496338e+00
    2.9936389160156250e+02 4.2733356356620789e-02 4195071. -1.
    2.2594640731811523e+01 2.0350852966308594e+01 4.2367286682128906e+00
    1.8247825622558594e+02 5.5814754217863083e-02 11927808. -1.
    2.2594640731811523e+01 2.0350852966308594e+01 4.2367286682128906e+00
    2.3421492004394531e+02 5.5814754217863083e-02 11927808. -1.
    2.3334859848022461e+01 2.9484411239624023e+01 2.3918974399566650e+00
    1.4914328002929688e+02 3.2857544720172882e-02 3998463. -1.
    2.6621959686279297e+01 2.9604791641235352e+01 4.6848073005676270e+00
    1.5925610351562500e+02 3.0825629830360413e-02 2490880. -1.
    2.8576166152954102e+01 1.4290829658508301e+01 2.4081656932830811e+00
    1.5945840454101563e+02 3.5389654338359833e-02 4522751. -1.
    3.0126626968383789e+01 1.8460170745849609e+01 2.0146951675415039e+00
    1.6879959106445313e+02 2.9960831627249718e-02 8323583. -1.
    3.1990083694458008e+01 3.4751922607421875e+01 2.2136964797973633e+00
    6.7736022949218750e+01 3.2222211360931396e-02 15139327. -1.
    3.1990083694458008e+01 3.4751922607421875e+01 2.2136964797973633e+00
    2.6874942016601563e+02 3.2222211360931396e-02 15139327. -1.
    3.3570316314697266e+01 3.7807273864746094e+01 2.2658822536468506e+00
    2.4009255981445313e+02 4.0359105914831161e-02 131839. -1.
    3.3914466857910156e+01 1.6539085388183594e+01 1.9553043842315674e+00
    5.8088897705078125e+01 3.3921860158443451e-02 6160895. -1.
    3.4397480010986328e+01 1.3357764244079590e+01 2.5236861705780029e+00
    1.2374548339843750e+02 4.2297996580600739e-02 7865087. -1.
    3.4913276672363281e+01 2.2820255279541016e+01 3.0308690071105957e+00
    8.1074829101562500e+00 4.8303581774234772e-02 4457471. -1.
    3.7176826477050781e+01 3.0645948410034180e+01 1.8576908111572266e+00
    2.3695048522949219e+02 6.0877218842506409e-02 2425343. -1.
    3.7668792724609375e+01 2.9992305755615234e+01 7.4395632743835449e+00
    1.8974472045898438e+02 4.7929733991622925e-02 2556161. -1.
    3.8480171203613281e+01 2.0278509140014648e+01 4.5002489089965820e+00
    1.3374595642089844e+02 7.4821092188358307e-02 16318720. -1.
    3.8480171203613281e+01 2.0278509140014648e+01 4.5002489089965820e+00
    1.6863920593261719e+02 7.4821092188358307e-02 16318720. -1.
    4.0244964599609375e+01 3.1511629104614258e+01 2.4343922138214111e+00
    2.4008215332031250e+02 7.2253786027431488e-02 5309183. -1.</data></keypoints>
<descriptors type_id="opencv-matrix">
  <rows>22</rows>
  <cols>128</cols>
  <dt>f</dt>
  <data>
    1. 0. 0. 0. 0. 0. 0. 5. 1. 0. 0. 0. 0. 0. 34. 40. 0. 0. 0. 0. 0. 0.
    87. 82. 0. 0. 0. 0. 0. 0. 102. 120. 34. 1. 0. 0. 0. 0. 0. 21. 126.
    5. 0. 1. 1. 3. 76. 131. 17. 2. 1. 9. 15. 45. 131. 129. 28. 0. 3. 13.
    1. 4. 40. 131. 63. 10. 0. 0. 0. 0. 0. 3. 131. 95. 6. 10. 4. 1. 4.
    35. 95. 34. 12. 52. 33. 16. 12. 46. 69. 2. 5. 117. 25. 2. 2. 69. 45.
    3. 0. 0. 0. 0. 0. 2. 131. 35. 5. 1. 2. 1. 0. 15. 98. 56. 15. 13. 10.
    1. 0. 8. 33. 11. 5. 105. 71. 0. 0. 4. 46. 0. 0. 0. 0. 0. 0. 67. 52.
    0. 1. 1. 1. 2. 10. 117. 125. 0. 0. 0. 1. 1. 4. 76. 55. 0. 0. 26. 17.
    0. 0. 24. 42. 1. 0. 0. 0. 1. 32. 125. 70. 8. 10. 11. 3. 16. 28. 42.
    125. 5. 1. 3. 1. 2. 2. 27. 53. 1. 0. 45. 94. 0. 0. 6. 52. 4. 0. 1.
    7. 11. 75. 125. 20. 6. 3. 22. 58. 83. 79. 22. 125. 47. 3. 7. 9. 8.
    6. 14. 43. 10. 0. 21. 125. 1. 0. 0. 80. 110. 7. 5. 17. 3. 3. 16. 6.
    23. 11. 33. 120. 58. 4. 2. 123. 93. 4. 9. 14. 25. 5. 3. 40. 36. 0.
    3. 107. 14. 0. 0. 36. 0. 0. 0. 0. 1. 57. 120. 6. 1. 2. 4. 13. 53.
    104. 55. 69. 2. 6. 4. 7. 22. 7. 74. 59. 0. 0. 24. 7. 0. 0. 71. 120.
    65. 1. 7. 6. 1. 9. 47. 23. 19. 8. 92. 95. 39. 21. 13. 120. 12. 7.
    25. 18. 16. 4. 56. 48. 0. 0. 86. 65. 0. 0. 23. 99. 120. 2. 2. 3. 0.
    0. 1. 27. 89. 21. 23. 86. 47. 2. 4. 120. 18. 4. 13. 27. 21. 3. 14.
    34. 4. 1. 73. 120. 0. 0. 1. 107. 34. 0. 0. 0. 1. 1. 10. 25. 40. 32.
    14. 17. 16. 4. 8. 116. 70. 14. 13. 19. 4. 0. 1. 21. 15. 1. 23. 120.
    2. 0. 0. 0. 0. 0. 0. 0. 0. 0. 1. 0. 0. 0. 0. 0. 0. 18. 42. 0. 0. 0.
    0. 0. 1. 114. 59. 0. 0. 0. 0. 0. 24. 127. 7. 21. 0. 0. 0. 0. 0. 0.
    14. 128. 2. 0. 1. 3. 1. 51. 135. 16. 1. 1. 27. 48. 38. 135. 135. 16.
    28. 5. 10. 13. 44. 116. 22. 49. 7. 0. 0. 0. 0. 0. 3. 135. 103. 1. 3.
    12. 2. 3. 49. 56. 39. 5. 44. 128. 73. 7. 16. 37. 33. 8. 17. 18. 35.
    6. 4. 17. 7. 0. 0. 0. 0. 0. 0. 135. 130. 13. 0. 1. 0. 0. 0. 43. 75.
    108. 21. 19. 35. 1. 0. 5. 2. 55. 54. 11. 30. 8. 3. 126. 10. 0. 0. 0.
    0. 0. 31. 126. 70. 13. 24. 21. 1. 0. 12. 70. 9. 11. 43. 35. 6. 2.
    73. 54. 1. 5. 79. 5. 0. 0. 77. 126. 1. 0. 0. 1. 1. 1. 63. 76. 35.
    26. 10. 31. 4. 2. 31. 126. 26. 17. 29. 14. 1. 1. 45. 30. 3. 5. 126.
    58. 0. 0. 12. 126. 21. 0. 0. 4. 1. 0. 8. 100. 10. 1. 2. 82. 13. 0.
    5. 126. 30. 5. 47. 45. 2. 0. 4. 5. 4. 5. 123. 110. 1. 0. 0. 126. 64.
    0. 0. 1. 0. 0. 0. 70. 39. 0. 0. 29. 27. 1. 1. 70. 33. 4. 14. 41. 12.
    1. 1. 1. 2. 1. 16. 74. 23. 15. 1. 0. 2. 4. 47. 42. 9. 6. 1. 43. 70.
    9. 10. 7. 3. 8. 5. 75. 57. 0. 0. 7. 43. 31. 7. 5. 4. 6. 40. 61. 50.
    19. 4. 2. 1. 2. 27. 47. 41. 13. 5. 36. 20. 2. 3. 5. 19. 39. 21. 132.
    48. 1. 1. 32. 19. 11. 53. 14. 1. 1. 46. 132. 31. 2. 4. 23. 23. 22.
    30. 34. 25. 8. 7. 72. 41. 15. 1. 1. 14. 90. 72. 54. 13. 39. 69. 39.
    3. 44. 132. 4. 0. 4. 132. 132. 2. 1. 5. 6. 80. 80. 2. 2. 1. 1. 1.
    23. 72. 132. 4. 0. 0. 2. 6. 2. 23. 132. 121. 4. 0. 1. 6. 0. 0. 29.
    132. 28. 0. 0. 0. 7. 19. 37. 2. 0. 0. 19. 58. 5. 47. 41. 2. 7. 23.
    60. 24. 1. 16. 4. 1. 24. 124. 52. 2. 0. 0. 0. 0. 36. 124. 2. 0. 5.
    27. 70. 12. 9. 11. 3. 7. 19. 124. 98. 2. 1. 3. 8. 12. 97. 124. 13.
    3. 24. 86. 16. 15. 6. 2. 0. 13. 124. 124. 2. 0. 4. 2. 1. 2. 29. 42.
    15. 10. 39. 28. 9. 1. 2. 5. 20. 66. 115. 51. 53. 69. 16. 2. 3. 61.
    6. 2. 13. 124. 124. 8. 0. 0. 5. 25. 16. 10. 14. 52. 63. 6. 8. 21.
    24. 25. 25. 32. 22. 8. 6. 30. 60. 124. 8. 1. 1. 3. 0. 0. 6. 124. 26.
    0. 0. 0. 0. 1. 59. 77. 10. 16. 4. 1. 46. 88. 35. 18. 2. 7. 5. 5. 57.
    42. 3. 0. 22. 117. 13. 6. 12. 54. 3. 0. 25. 67. 1. 0. 1. 1. 17. 22.
    29. 21. 5. 0. 110. 47. 8. 3. 1. 2. 9. 8. 140. 45. 0. 0. 33. 84. 8.
    18. 17. 12. 0. 0. 78. 140. 20. 12. 2. 9. 11. 1. 8. 32. 29. 0. 82. 4.
    9. 3. 1. 6. 52. 31. 140. 4. 0. 0. 33. 23. 3. 64. 32. 11. 2. 5. 140.
    75. 9. 14. 1. 7. 35. 5. 22. 13. 3. 1. 99. 9. 31. 4. 0. 1. 3. 62.
    140. 1. 0. 5. 36. 5. 1. 124. 20. 6. 2. 23. 140. 25. 2. 14. 9. 0. 0.
    0. 0. 3. 125. 95. 0. 0. 0. 1. 2. 12. 125. 42. 1. 1. 0. 0. 0. 99.
    125. 3. 0. 0. 0. 0. 4. 125. 35. 0. 56. 0. 1. 39. 15. 9. 45. 97. 7.
    14. 14. 82. 25. 16. 38. 5. 54. 27. 7. 5. 1. 58. 42. 14. 2. 0. 0. 0.
    25. 125. 25. 3. 27. 11. 6. 64. 92. 9. 3. 30. 23. 5. 6. 60. 20. 19.
    11. 6. 125. 11. 2. 2. 4. 17. 13. 47. 20. 0. 1. 27. 38. 118. 25. 13.
    23. 59. 21. 24. 25. 4. 4. 10. 26. 5. 0. 2. 5. 30. 89. 54. 85. 0. 0.
    20. 23. 8. 47. 125. 10. 0. 2. 125. 99. 5. 1. 12. 5. 31. 91. 45. 18.
    22. 1. 0. 16. 3. 45. 68. 21. 33. 7. 5. 35. 3. 4. 5. 15. 42. 28. 36.
    0. 1. 13. 5. 28. 42. 5. 2. 28. 57. 14. 12. 14. 52. 2. 2. 68. 4. 15.
    15. 10. 66. 10. 13. 122. 7. 1. 0. 11. 63. 23. 52. 5. 1. 0. 0. 22.
    122. 102. 20. 13. 122. 7. 0. 1. 14. 0. 0. 26. 76. 27. 1. 3. 63. 18.
    7. 122. 117. 13. 1. 1. 14. 14. 14. 29. 71. 10. 0. 0. 34. 95. 14. 0.
