<?xml version="1.0"?>
<opencv_storage>
<keypoints type_id="opencv-matrix">
  <rows>80</rows>
  <cols>7</cols>
  <dt>d</dt>
  <data>
    4.4375133514404297e+00 7.8622642517089844e+01 2.0665950775146484e+00
    2.6139337158203125e+02 3.5962570458650589e-02 10158591. -1.
    5.5402145385742188e+00 7.5332382202148438e+01 2.0130670070648193e+00
    2.6969802856445313e+02 3.1185125932097435e-02 8258047. -1.
    8.4028310775756836e+00 8.2482543945312500e+01 3.1478440761566162e+00
    1.8742065429687500e+01 6.4903892576694489e-02 7144447. -1.
    1.2673007965087891e+01 8.2123298645019531e+00 2.6849334239959717e+00
    5.1900787353515625e+01 3.1414482742547989e-02 12387071. -1.
    1.3009975433349609e+01 3.5790088653564453e+01 2.1441171169281006e+00
    1.9954650878906250e+01 3.0136764049530029e-02 12845567. -1.
    1.3009975433349609e+01 3.5790088653564453e+01 2.1441171169281006e+00
    2.1577690124511719e+02 3.0136764049530029e-02 12845567. -1.
    1.3153813362121582e+01 2.3029041290283203e+01 2.5571019649505615e+00
    3.0261059570312500e+02 4.5183375477790833e-02 8848127. -1.
    1.5433531761169434e+01 9.5984811782836914e+00 2.0337445735931396e+00
    4.8011535644531250e+01 3.5457264631986618e-02 8978943. -1.
    1.7061254501342773e+01 2.1160369873046875e+01 1.9042074680328369e+00
    2.3346121215820313e+02 5.9173233807086945e-02 4260351. -1.
    1.8931489944458008e+01 8.3294334411621094e+00 2.6475069522857666e+00
    1.2390374755859375e+02 3.2224126160144806e-02 11338495. -1.
    1.9199394226074219e+01 2.3328834533691406e+01 2.5827395915985107e+00
    4.9599365234375000e+01 6.8110696971416473e-02 9569023. -1.
    1.9199394226074219e+01 2.3328834533691406e+01 2.5827395915985107e+00
    2.3131921386718750e+02 6.8110696971416473e-02 9569023. -1.
    2.3188272476196289e+01 4.6286853790283203e+01 3.0191695690155029e+00
    1.5964744567871094e+02 3.2628908753395081e-02 4129791. -1.
    2.3188272476196289e+01 4.6286853790283203e+01 3.0191695690155029e+00
    3.5169085693359375e+02 3.2628908753395081e-02 4129791. -1.
    2.3891216278076172e+01 8.3356277465820313e+01 1.8514803647994995e+00
    1.9378152465820313e+02 6.9670058786869049e-02 2228735. -1.
    2.5233554840087891e+01 2.1392141342163086e+01 1.8358538150787354e+00
    3.8695556640625000e+01 4.3141558766365051e-02 1573375. -1.
    2.6404150009155273e+01 7.6019538879394531e+01 1.9089977741241455e+00
    1.7897224426269531e+02 4.7489766031503677e-02 4391423. -1.
    2.7258155822753906e+01 4.0010295867919922e+01 2.2141981124877930e+00
    2.4556858825683594e+02 3.7862680852413177e-02 15139327. -1.
    2.7877988815307617e+01 5.7829277038574219e+01 3.7010533809661865e+00
    3.3668154907226563e+02 3.3979658037424088e-02 2162944. -1.
    2.7936269760131836e+01 6.3942291259765625e+01 3.4333539009094238e+00
    3.2562017822265625e+02 3.2971806824207306e-02 13435903. -1.
    2.8143447875976563e+01 4.3333362579345703e+01 2.7849364280700684e+00
    6.0295654296875000e+01 6.7124485969543457e-02 15008511. -1.
    2.8143447875976563e+01 4.3333362579345703e+01 2.7849364280700684e+00
    2.4733688354492188e+02 6.7124485969543457e-02 15008511. -1.
    3.1187910079956055e+01 5.3710491180419922e+01 4.2884964942932129e+00
    3.3556512451171875e+02 4.4307287782430649e-02 12845312. -1.
    3.3155868530273438e+01 3.4065967559814453e+01 5.5376582145690918e+00
    2.8770764160156250e+02 1.8689217045903206e-02 14615040. -1.
    3.3155868530273438e+01 3.4065967559814453e+01 5.5376582145690918e+00
    3.5726303100585938e+02 1.8689217045903206e-02 14615040. -1.
    3.3209224700927734e+01 6.3139945983886719e+01 4.1611566543579102e+00
    3.1457666015625000e+02 4.9110814929008484e-02 10617088. -1.
    3.3838142395019531e+01 7.1553916931152344e+01 5.4047603607177734e+00
    3.1092346191406250e+02 6.6246345639228821e-02 12845568. -1.
    3.4385604858398438e+01 7.7368057250976563e+01 2.0462150573730469e+00
    1.4183699035644531e+02 1.8261093646287918e-02 9437695. -1.
    3.4418697357177734e+01 4.5471107482910156e+01 3.8398723602294922e+00
    1.1928897094726563e+02 6.9533385336399078e-02 4849920. -1.
    3.4418697357177734e+01 4.5471107482910156e+01 3.8398723602294922e+00
    3.1014038085937500e+02 6.9533385336399078e-02 4849920. -1.
    3.7865699768066406e+01 7.0238947868347168e+00 3.3966443538665771e+00
    6.0748779296875000e+01 2.2896995767951012e-02 12649471. -1.
    3.9015171051025391e+01 8.4337409973144531e+01 2.1042900085449219e+00
    1.4409564208984375e+02 2.1921603009104729e-02 11469311. -1.
    3.9344841003417969e+01 2.4437107086181641e+01 2.6133399009704590e+00
    9.1617462158203125e+01 2.5236779823899269e-02 10420991. -1.
    3.9344841003417969e+01 2.4437107086181641e+01 2.6133399009704590e+00
    2.9644464111328125e+02 2.5236779823899269e-02 10420991. -1.
    4.0894050598144531e+01 7.9070426940917969e+01 3.8025975227355957e+00
    2.8585220336914063e+02 3.8185752928256989e-02 4129024. -1.
    4.1629257202148438e+01 5.5641925811767578e+01 1.8831392526626587e+00
    7.2448303222656250e+01 1.9638232886791229e-02 3408383. -1.
    4.3807678222656250e+01 4.3441974639892578e+01 2.4593942165374756e+00
    2.3360263061523438e+02 2.7124542742967606e-02 6030079. -1.
    4.5048725128173828e+01 2.6143396377563477e+01 3.1182677745819092e+00
    1.2034288024902344e+02 2.3169327527284622e-02 6489087. -1.
    4.5048725128173828e+01 2.6143396377563477e+01 3.1182677745819092e+00
    2.9045928955078125e+02 2.3169327527284622e-02 6489087. -1.
    4.5589855194091797e+01 8.1301513671875000e+01 2.3945519924163818e+00
    3.5549969482421875e+02 5.0849802792072296e-02 4063999. -1.
    4.5983730316162109e+01 4.7221168518066406e+01 4.0928082466125488e+00
    6.3864624023437500e+01 4.1491605341434479e-02 9437440. -1.
    4.7313522338867188e+01 2.7376306533813477e+01 2.3183820247650146e+00
    1.2861129760742188e+02 1.9538303837180138e-02 1770239. -1.
    4.7313522338867188e+01 2.7376306533813477e+01 2.3183820247650146e+00
    2.8160772705078125e+02 1.9538303837180138e-02 1770239. -1.
    4.9554176330566406e+01 8.2442062377929688e+01 2.7608985900878906e+00
    3.3456210327148438e+02 2.6742048561573029e-02 14418687. -1.
    4.9952907562255859e+01 5.1303684234619141e+01 4.0076289176940918e+00
    1.4788409423828125e+02 5.0709839910268784e-02 7930112. -1.
    5.0597827911376953e+01 7.7504264831542969e+01 3.8092763423919678e+00
    1.8890686035156250e+01 4.5080237090587616e-02 4260096. -1.
    5.3297100067138672e+01 8.1846420288085938e+01 2.2450559139251709e+00
    3.5833801269531250e+01 9.1213464736938477e-02 16122367. -1.
    5.3297100067138672e+01 8.1846420288085938e+01 2.2450559139251709e+00
    2.0805949401855469e+02 9.1213464736938477e-02 16122367. -1.
    5.5055107116699219e+01 2.7637657165527344e+01 2.1817991733551025e+00
    2.1204495239257813e+02 2.6624584570527077e-02 14090751. -1.
    5.6127124786376953e+01 4.9634002685546875e+01 4.2699942588806152e+00
    1.4389581298828125e+02 8.7232194840908051e-02 12517632. -1.
    5.6127124786376953e+01 4.9634002685546875e+01 4.2699942588806152e+00
    2.7540008544921875e+02 8.7232194840908051e-02 12517632. -1.
    5.6804733276367188e+01 7.2907554626464844e+01 2.9914789199829102e+00
    2.1936764526367188e+02 2.6339530944824219e-02 3474431. -1.
    5.6933998107910156e+01 4.0551601409912109e+01 2.5975759029388428e+00
    2.6864624023437500e+01 5.3343653678894043e-02 9962239. -1.
    5.6933998107910156e+01 4.0551601409912109e+01 2.5975759029388428e+00
    1.4931922912597656e+02 5.3343653678894043e-02 9962239. -1.
    5.7534759521484375e+01 6.2831722259521484e+01 2.0677466392517090e+00
    2.1446095275878906e+02 5.5158700793981552e-02 10224127. -1.
    5.8065761566162109e+01 1.1622031211853027e+01 1.8181627988815308e+00
    1.3017823791503906e+02 3.7729777395725250e-02 918015. -1.
    6.0513492584228516e+01 4.5521488189697266e+01 2.6709134578704834e+00
    2.7790316772460938e+02 7.0725560188293457e-02 11993855. -1.
    6.1196044921875000e+01 2.7645433425903320e+01 3.8823697566986084e+00
