<?xml version="1.0"?>
<opencv_storage>
<keypoints type_id="opencv-matrix">
  <rows>46</rows>
  <cols>7</cols>
  <dt>d</dt>
  <data>
    1.0158668518066406e+01 2.0006498336791992e+01 2.2693903446197510e+00
    2.7502746582031250e+02 7.5128503143787384e-02 197375. -1.
    1.0158668518066406e+01 2.0006498336791992e+01 2.2693903446197510e+00
    3.3365112304687500e+02 7.5128503143787384e-02 197375. -1.
    1.3427455902099609e+01 3.7994960784912109e+01 2.1907870769500732e+00
    2.4187289428710938e+02 3.8409840315580368e-02 14352895. -1.
    1.4527683258056641e+01 1.7155139923095703e+01 8.6303272247314453e+00
    9.4088775634765625e+01 3.3306129276752472e-02 13238529. -1.
    1.6093698501586914e+01 8.2336721420288086e+00 4.0411620140075684e+00
    9.9884185791015625e+01 2.5858089327812195e-02 8519936. -1.
    1.6461345672607422e+01 3.8805564880371094e+01 1.8301457166671753e+00
    1.8292524719238281e+02 3.3238768577575684e-02 1376767. -1.
    1.6577844619750977e+01 2.0753795623779297e+01 2.0371537208557129e+00
    7.0704864501953125e+01 6.3995085656642914e-02 9110015. -1.
    1.7684301376342773e+01 1.2940410614013672e+01 1.8227720260620117e+00
    1.1910235595703125e+02 4.9207501113414764e-02 1049087. -1.
    2.3136688232421875e+01 5.3214908599853516e+01 3.8392682075500488e+00
    1.9617500305175781e+02 2.4705287069082260e-02 4849920. -1.
    2.3136688232421875e+01 5.3214908599853516e+01 3.8392682075500488e+00
    3.5097561645507813e+02 2.4705287069082260e-02 4849920. -1.
    2.4725526809692383e+01 4.7140712738037109e+01 2.5171928405761719e+00
    1.9197755432128906e+02 2.3345166817307472e-02 7734015. -1.
    2.5438837051391602e+01 1.6336267471313477e+01 2.1628530025482178e+00
    1.6993884277343750e+02 3.0111743137240410e-02 13435391. -1.
    2.8259738922119141e+01 4.4023571014404297e+01 1.8737148284912109e+01
    6.1445220947265625e+01 2.0473226904869080e-02 2490882. -1.
    2.8746831893920898e+01 5.2968074798583984e+01 1.3803451538085938e+01
    4.1510742187500000e+01 2.0498963072896004e-02 13828865. -1.
    2.9808187484741211e+01 6.0340663909912109e+01 3.3628334999084473e+00
    3.5151565551757813e+02 2.9865326359868050e-02 11928575. -1.
    3.2673748016357422e+01 8.4236152648925781e+01 1.9074594974517822e+00
    2.9387084960937500e+01 4.3250743299722672e-02 4325887. -1.
    3.6507839202880859e+01 6.4491905212402344e+01 2.6669404506683350e+00
    3.0789309692382813e+02 4.1583776473999023e-02 11862783. -1.
    3.6507839202880859e+01 6.4491905212402344e+01 2.6669404506683350e+00
    3.4803381347656250e+02 4.1583776473999023e-02 11862783. -1.
    3.7747982025146484e+01 1.1589691162109375e+01 2.8822343349456787e+00
    2.3044410705566406e+02 1.7455674707889557e-02 787455. -1.
    3.8444511413574219e+01 4.9706592559814453e+01 1.8842191696166992e+00
    3.4293026733398438e+02 3.2656937837600708e-02 3473919. -1.
    3.9920166015625000e+01 4.6153526306152344e+01 2.1251490116119385e+00
    1.2558154296875000e+02 9.7697861492633820e-02 12190207. -1.
    4.0342025756835938e+01 5.5943988800048828e+01 3.3814408779144287e+00
    7.6435028076171875e+01 5.2153524011373520e-02 12321791. -1.
    4.0342025756835938e+01 5.5943988800048828e+01 3.3814408779144287e+00
    3.4230316162109375e+02 5.2153524011373520e-02 12321791. -1.
    4.7892135620117188e+01 8.4374000549316406e+01 2.5836105346679688e+00
    2.6664526367187500e+02 4.4310692697763443e-02 9569023. -1.
    4.9310989379882813e+01 8.3883087158203125e+01 1.8482631444931030e+00
    2.6557659912109375e+02 4.7543499618768692e-02 2097663. -1.
    5.1237915039062500e+01 6.1403053283691406e+01 1.7027196884155273e+01
    9.6732482910156250e+01 9.3221455812454224e-02 12255490. -1.
    5.1237915039062500e+01 6.1403053283691406e+01 1.7027196884155273e+01
    2.3156971740722656e+02 9.3221455812454224e-02 12255490. -1.
    5.5410575866699219e+01 5.0613506317138672e+01 1.8678423166275024e+00
    1.5427221679687500e+02 7.1335777640342712e-02 2818559. -1.
    5.6703300476074219e+01 7.4025848388671875e+01 4.2796936035156250e+00
    2.3330023193359375e+02 5.1518607884645462e-02 12648704. -1.
    6.0557178497314453e+01 5.4231250762939453e+01 3.0991730690002441e+00
    7.5197784423828125e+01 4.5544534921646118e-02 6030335. -1.
    6.0557178497314453e+01 5.4231250762939453e+01 3.0991730690002441e+00
    1.7317041015625000e+02 4.5544534921646118e-02 6030335. -1.
    6.1677013397216797e+01 3.0531213760375977e+01 2.2978704452514648e+01
    1.0293777465820313e+02 2.5645364075899124e-02 525058. -1.
    6.3407253265380859e+01 7.1148620605468750e+01 2.1357216835021973e+00
    2.5037997436523438e+02 3.9617378264665604e-02 12517887. -1.
    6.4814399719238281e+01 4.4771327972412109e+01 3.6569011211395264e+00
    1.4951785278320313e+02 7.5870566070079803e-02 1310976. -1.
    6.8083328247070313e+01 6.8950256347656250e+01 1.9155778884887695e+00
    2.4578926086425781e+02 4.4537462294101715e-02 4653567. -1.
    7.1965560913085938e+01 5.5369194030761719e+01 8.1725139617919922e+00
    1.6251008605957031e+02 3.7216786295175552e-02 9306369. -1.
    7.2153892517089844e+01 6.2401699066162109e+01 1.8967840671539307e+00
    1.5644224548339844e+02 4.8087440431118011e-02 3932671. -1.
    7.5412368774414063e+01 1.8673839569091797e+01 2.3922288417816162e+00
    9.0607635498046875e+01 2.2256657481193542e-02 3998463. -1.
    7.5412368774414063e+01 1.8673839569091797e+01 2.3922288417816162e+00
    2.7986010742187500e+02 2.2256657481193542e-02 3998463. -1.
    7.6386314392089844e+01 5.7471187591552734e+01 2.6025497913360596e+00
    3.3442834472656250e+02 1.7857991158962250e-02 10093311. -1.
    7.8835624694824219e+01 7.0193252563476563e+01 4.7102904319763184e+00
    3.3942788696289063e+02 1.6428681090474129e-02 2884096. -1.
    8.0606086730957031e+01 2.5465572357177734e+01 2.0208048820495605e+00
    1.1955747985839844e+02 3.0934894457459450e-02 8520191. -1.
    8.0606086730957031e+01 2.5465572357177734e+01 2.0208048820495605e+00
    3.0636572265625000e+02 3.0934894457459450e-02 8520191. -1.
    8.7132858276367188e+01 8.4086311340332031e+01 2.0011103153228760e+00
    7.7202392578125000e+01 5.8313608169555664e-02 7799295. -1.
    8.9210769653320313e+01 6.8185050964355469e+01 3.2320523262023926e+00
    1.2498274230957031e+02 5.4617978632450104e-02 9044991. -1.
    8.9210769653320313e+01 6.8185050964355469e+01 3.2320523262023926e+00
    3.1858520507812500e+02 5.4617978632450104e-02 9044991. -1.</data></keypoints>
