<?xml version="1.0"?>
<opencv_storage>
<keypoints type_id="opencv-matrix">
  <rows>83</rows>
  <cols>7</cols>
  <dt>d</dt>
  <data>
    7.9226641654968262e+00 1.6029308319091797e+01 3.1849048137664795e+00
    4.7388549804687500e+01 3.2104868441820145e-02 7996415. -1.
    9.8731517791748047e+00 1.9431539535522461e+01 1.9664682149887085e+00
    4.0747100830078125e+01 7.5106360018253326e-02 6554111. -1.
    9.8731517791748047e+00 1.9431539535522461e+01 1.9664682149887085e+00
    2.5541213989257813e+02 7.5106360018253326e-02 6554111. -1.
    1.1833434104919434e+01 2.2791334152221680e+01 3.0245838165283203e+00
    3.5560952758789063e+02 3.7582043558359146e-02 4260863. -1.
    1.3091820716857910e+01 1.1961099624633789e+01 2.0554556846618652e+00
    1.3634158325195313e+02 2.6810791343450546e-02 9765375. -1.
    1.3091820716857910e+01 1.1961099624633789e+01 2.0554556846618652e+00
    3.4952783203125000e+02 2.6810791343450546e-02 9765375. -1.
    1.3185443878173828e+01 2.0057895660400391e+01 1.9214547872543335e+00
    1.8145507812500000e+01 4.1235882788896561e-02 4915711. -1.
    1.5661834716796875e+01 9.9890279769897461e+00 2.3813261985778809e+00
    5.4107666015625000e-01 3.0806068331003189e-02 3670783. -1.
    1.5738576889038086e+01 2.2706405639648438e+01 2.3292877674102783e+00
    1.7825552368164063e+02 7.3417782783508301e-02 2097919. -1.
    1.5738576889038086e+01 2.2706405639648438e+01 2.3292877674102783e+00
    3.5590451049804688e+02 7.3417782783508301e-02 2097919. -1.
    1.8404436111450195e+01 1.1926147460937500e+01 2.0962798595428467e+00
    1.8686669921875000e+02 1.8990090116858482e-02 11207167. -1.
    1.8482183456420898e+01 2.0278945922851563e+01 2.1133601665496826e+00
    1.6666131591796875e+02 4.2315814644098282e-02 11796991. -1.
    1.9478536605834961e+01 2.3013032913208008e+01 2.8889017105102539e+00
    5.0104858398437500e+01 6.5291456878185272e-02 984063. -1.
    2.0733278274536133e+01 2.6287410736083984e+01 2.3139789104461670e+00
    5.0367797851562500e+01 6.4417004585266113e-02 1639167. -1.
    2.1769569396972656e+01 1.2136830329895020e+01 1.9200658798217773e+00
    7.8602386474609375e+01 2.9154224321246147e-02 4850175. -1.
    2.1769569396972656e+01 1.2136830329895020e+01 1.9200658798217773e+00
    2.1153579711914063e+02 2.9154224321246147e-02 4850175. -1.
    2.1882051467895508e+01 6.3842845916748047e+01 2.3871207237243652e+00
    6.1245086669921875e+01 2.0446272566914558e-02 3867391. -1.
    2.2837097167968750e+01 5.4246910095214844e+01 1.7912067413330078e+01
    3.4210903930664063e+02 2.2606497630476952e-02 15925506. -1.
    2.7191661834716797e+01 2.6225371360778809e+00 2.1095662117004395e+00
    6.6698089599609375e+01 5.7149928063154221e-02 11665919. -1.
    2.7191661834716797e+01 2.6225371360778809e+00 2.1095662117004395e+00
    2.5115081787109375e+02 5.7149928063154221e-02 11665919. -1.
    2.9417125701904297e+01 1.9588548660278320e+01 6.5203127861022949e+00
    4.3542572021484375e+01 4.1738782078027725e-02 9700096. -1.
    3.0092761993408203e+01 5.1763847351074219e+01 3.4151177406311035e+00
    1.4377502441406250e+01 3.1225323677062988e-02 13042687. -1.
    3.0345050811767578e+01 2.7305814743041992e+01 2.6132161617279053e+00
    1.9938577270507813e+02 4.0646795183420181e-02 10420991. -1.
    3.1884325027465820e+01 8.3140201568603516e+00 6.6439108848571777e+00
    6.1534851074218750e+01 2.9410161077976227e-02 11076352. -1.
    3.2777355194091797e+01 4.0294498443603516e+01 2.2213966846466064e+00
    2.6144573974609375e+02 6.9702044129371643e-02 15401471. -1.
    3.2844364166259766e+01 7.1732269287109375e+01 3.9295585155487061e+00
    1.6250878906250000e+02 1.6604160889983177e-02 6488320. -1.
    3.2920589447021484e+01 7.3191261291503906e+01 4.7770881652832031e+00
    1.6645977783203125e+02 1.6720442101359367e-02 3932672. -1.
    3.4383365631103516e+01 4.2885700225830078e+01 2.1172149181365967e+00
    2.6259326171875000e+02 7.6765701174736023e-02 11928063. -1.
    3.5067150115966797e+01 3.3786724090576172e+01 3.3656768798828125e+00
    7.1689514160156250e+01 3.9211336523294449e-02 11994111. -1.
    3.5124549865722656e+01 2.7693679809570313e+01 4.8673686981201172e+00
    7.8723693847656250e+01 4.8451561480760574e-02 5243392. -1.
    3.5124549865722656e+01 2.7693679809570313e+01 4.8673686981201172e+00
    2.0094236755371094e+02 4.8451561480760574e-02 5243392. -1.
    3.5778232574462891e+01 4.4350673675537109e+01 4.1318264007568359e+00
    3.0872546386718750e+02 7.5829289853572845e-02 10158336. -1.
    3.6396327972412109e+01 7.7002876281738281e+01 1.9990564584732056e+00
    1.9135028076171875e+02 2.1746098995208740e-02 7733759. -1.
    3.7873382568359375e+01 4.5664398193359375e+01 2.1332044601440430e+00
    3.3908132934570313e+02 7.7124536037445068e-02 12452351. -1.
    4.1205909729003906e+01 7.3924911499023438e+01 7.8724145889282227e+00
    2.7423675537109375e+01 4.2716600000858307e-02 6619393. -1.
    4.1205909729003906e+01 7.3924911499023438e+01 7.8724145889282227e+00
    3.1296371459960938e+02 4.2716600000858307e-02 6619393. -1.
    4.2457859039306641e+01 5.9927150726318359e+01 3.2058417797088623e+00
    2.4647413635253906e+02 6.9672942161560059e-02 8520703. -1.
    4.2594230651855469e+01 5.4780361175537109e+01 3.1043565273284912e+00
    2.5063745117187500e+02 2.7079652994871140e-02 6161407. -1.
    4.5627262115478516e+01 6.0422863006591797e+01 1.8964744806289673e+00
    4.2215087890625000e+01 2.1221613511443138e-02 3932671. -1.
    4.5694854736328125e+01 4.8013496398925781e+01 9.6999378204345703e+00
    5.9868774414062500e+00 3.5412814468145370e-02 4981249. -1.
    4.5694854736328125e+01 4.8013496398925781e+01 9.6999378204345703e+00
    1.1255252075195313e+02 3.5412814468145370e-02 4981249. -1.
    4.6671394348144531e+01 6.7070785522460938e+01 5.4716897010803223e+00
    3.0783584594726563e+02 4.5449398458003998e-02 13763072. -1.
    4.7233482360839844e+01 7.4135749816894531e+01 3.7476086616516113e+00
    5.0064941406250000e+01 4.0004812180995941e-02 3080448. -1.
    4.8469787597656250e+01 5.3854701995849609e+01 2.4515943527221680e+00
    2.5678057861328125e+02 2.3436604067683220e-02 5767935. -1.
    4.8633365631103516e+01 1.7018800735473633e+01 1.9795299768447876e+00
    1.0835177612304688e+02 1.7369588837027550e-02 7012863. -1.
    4.9110698699951172e+01 3.4965126037597656e+01 2.2031593322753906e+00
    2.3603430175781250e+02 6.1951104551553726e-02 14811647. -1.
    4.9662925720214844e+01 2.0012680053710938e+01 2.2201333045959473e+00
    1.0818572998046875e+02 2.6007290929555893e-02 15335935. -1.
    4.9662925720214844e+01 2.0012680053710938e+01 2.2201333045959473e+00
    2.6885699462890625e+02 2.6007290929555893e-02 15335935. -1.
    5.1386466979980469e+01 7.5479400634765625e+01 1.8868607282638550e+00
    5.7111785888671875e+01 3.0249251052737236e-02 3604991. -1.
    5.1627609252929688e+01 2.3943731307983398e+01 3.0491552352905273e+00
    2.5614266967773438e+02 1.4641900546848774e-02 4850687. -1.
    5.2763721466064453e+01 5.6289432525634766e+01 2.1189176559448242e+01
    1.7414392089843750e+02 3.8147546350955963e-02 11403778. -1.
    5.2763721466064453e+01 5.6289432525634766e+01 2.1189176559448242e+01
    3.4395068359375000e+02 3.8147546350955963e-02 11403778. -1.
    5.6043148040771484e+01 1.9223249435424805e+01 2.4607553482055664e+00
    2.6664810180664063e+02 2.8300501406192780e-02 6095615. -1.
    5.6418830871582031e+01 3.8740200042724609e+01 5.5058755874633789e+00
    1.0352716064453125e+02 7.8046284615993500e-02 14156288. -1.
    5.7416042327880859e+01 4.9745010375976563e+01 8.3110141754150391e+00
    1.0444747924804688e+02 3.6670498549938202e-02 10551553. -1.
    5.8494350433349609e+01 6.0227317810058594e+01 8.5720520019531250e+00
    1.8673034667968750e+02 2.8483601287007332e-02 12779777. -1.
    6.6992645263671875e+01 5.5138927459716797e+01 2.0479912757873535e+00
    5.2119384765625000e+01 5.6186553090810776e-02 9503231. -1.
    6.6992645263671875e+01 5.5138927459716797e+01 2.0479912757873535e+00
