<?xml version="1.0"?>
<opencv_storage>
<keypoints type_id="opencv-matrix">
  <rows>66</rows>
  <cols>7</cols>
  <dt>d</dt>
  <data>
    8.5469818115234375e+00 1.9419160842895508e+01 2.4598753452301025e+00
    4.2121887207031250e+00 4.7533728182315826e-02 6030079. -1.
    8.5469818115234375e+00 1.9419160842895508e+01 2.4598753452301025e+00
    2.9596478271484375e+02 4.7533728182315826e-02 6030079. -1.
    1.1482956886291504e+01 1.2444077491760254e+01 2.4230973720550537e+00
    5.0868530273437500e+00 7.0886671543121338e-02 4981503. -1.
    1.1482956886291504e+01 1.2444077491760254e+01 2.4230973720550537e+00
    8.6881835937500000e+01 7.0886671543121338e-02 4981503. -1.
    1.1482956886291504e+01 1.2444077491760254e+01 2.4230973720550537e+00
    1.5486132812500000e+02 7.0886671543121338e-02 4981503. -1.
    1.2227554321289063e+01 1.6484085083007813e+01 2.1367900371551514e+00
    2.9460955810546875e+02 6.4779311418533325e-02 12583423. -1.
    1.2287557601928711e+01 8.2742340087890625e+01 3.4610378742218018e+00
    8.8981170654296875e+01 6.8339973688125610e-02 14025727. -1.
    1.5369319915771484e+01 3.8406162261962891e+01 2.3747839927673340e+00
    1.1069577026367188e+02 2.2937370464205742e-02 3474175. -1.
    1.5410332679748535e+01 1.7302307128906250e+01 8.4844017028808594e+00
    1.2124818420410156e+02 2.4224234744906425e-02 12058881. -1.
    1.5410332679748535e+01 1.7302307128906250e+01 8.4844017028808594e+00
    3.5346170043945313e+02 2.4224234744906425e-02 12058881. -1.
    1.5669365882873535e+01 1.9751098632812500e+01 2.1280601024627686e+00
    9.6109985351562500e+01 6.3508607447147369e-02 12255743. -1.
    1.5669365882873535e+01 1.9751098632812500e+01 2.1280601024627686e+00
    1.9990876770019531e+02 6.3508607447147369e-02 12255743. -1.
    1.5669365882873535e+01 1.9751098632812500e+01 2.1280601024627686e+00
    3.2913522338867188e+02 6.3508607447147369e-02 12255743. -1.
    1.5711910247802734e+01 1.2499386787414551e+01 2.4464986324310303e+00
    1.5385302734375000e+02 6.3021637499332428e-02 5636863. -1.
    1.6531135559082031e+01 7.6437995910644531e+01 3.1241014003753662e+00
    2.4259432983398438e+02 4.0067818015813828e-02 6620159. -1.
    1.9147455215454102e+01 1.6520471572875977e+01 2.0780060291290283e+00
    1.2198748779296875e+02 6.7744836211204529e-02 10551807. -1.
    1.9147455215454102e+01 1.6520471572875977e+01 2.0780060291290283e+00
    2.5538790893554688e+02 6.7744836211204529e-02 10551807. -1.
    2.0599767684936523e+01 7.8637557983398438e+01 2.7769870758056641e+00
    7.2764373779296875e+01 5.4965976625680923e-02 14811903. -1.
    2.1046270370483398e+01 8.3492881774902344e+01 2.5565009117126465e+00
    4.2379180908203125e+01 6.5706320106983185e-02 8848127. -1.
    2.1055574417114258e+01 3.5811332702636719e+01 1.9681557416915894e+00
    4.4101745605468750e+01 3.3465273678302765e-02 6619647. -1.
    2.1055574417114258e+01 3.5811332702636719e+01 1.9681557416915894e+00
    2.0130508422851563e+02 3.3465273678302765e-02 6619647. -1.
    2.2419265747070313e+01 7.4432022094726563e+01 2.9562337398529053e+00
    8.0604095458984375e+01 5.4489977657794952e-02 2622463. -1.
    2.3456153869628906e+01 7.1026992797851563e+01 2.1865525245666504e+00
    2.6038153076171875e+02 2.3259332403540611e-02 14221823. -1.
    2.4270446777343750e+01 3.7247093200683594e+01 1.6890499114990234e+01
    4.8915649414062500e+01 2.1986423060297966e-02 11731202. -1.
    2.4636657714843750e+01 8.4351371765136719e+01 2.6752662658691406e+00
    3.7119598388671875e+01 3.8828145712614059e-02 12124927. -1.
    2.8267473220825195e+01 7.4215194702148438e+01 3.6636264324188232e+00
    9.7202484130859375e+01 5.4642342031002045e-02 1442048. -1.
    2.9459218978881836e+01 4.7432209014892578e+01 2.2728641033172607e+00
    1.2034942626953125e+01 3.7632286548614502e-02 328447. -1.
    3.0980972290039063e+01 3.2664745330810547e+01 3.1146914958953857e+00
    3.0387878417968750e+01 1.6463872045278549e-02 6423551. -1.
    3.3008983612060547e+01 7.7467041015625000e+01 3.3730778694152832e+00
    2.0072937011718750e+01 2.9807141050696373e-02 12190719. -1.
    3.6418918609619141e+01 2.8414653778076172e+01 2.4182415008544922e+00
    3.5097839355468750e+01 2.0052280277013779e-02 4784895. -1.
    3.6418918609619141e+01 2.8414653778076172e+01 2.4182415008544922e+00
    2.0806579589843750e+02 2.0052280277013779e-02 4784895. -1.
    3.7694324493408203e+01 4.4912139892578125e+01 1.9057089090347290e+00
    1.0634117126464844e+02 2.6471218094229698e-02 4260351. -1.
    3.8185474395751953e+01 7.9660682678222656e+01 4.9821543693542480e+00
    3.0389129638671875e+01 2.3592071607708931e-02 6947328. -1.
    4.1584487915039063e+01 1.3077935218811035e+01 3.3550686836242676e+00
    2.8957580566406250e+01 2.6907701045274734e-02 11797503. -1.
    4.2091514587402344e+01 4.2662601470947266e+01 5.0311555862426758e+00
    9.5427001953125000e+01 3.1201064586639404e-02 7668224. -1.
    4.3196411132812500e+01 7.5604446411132813e+01 3.9316120147705078e+00
    9.3139495849609375e+01 3.3430289477109909e-02 6553856. -1.
    4.3196411132812500e+01 7.5604446411132813e+01 3.9316120147705078e+00
    2.6340777587890625e+02 3.3430289477109909e-02 6553856. -1.
    4.3335105895996094e+01 6.9325935363769531e+01 5.3590941429138184e+00
    2.5380776977539063e+02 2.4065461009740829e-02 12255744. -1.
    4.3335105895996094e+01 6.9325935363769531e+01 5.3590941429138184e+00
    3.2009973144531250e+02 2.4065461009740829e-02 12255744. -1.
    4.5131233215332031e+01 4.0563678741455078e+01 1.8903769254684448e+00
    3.4633499145507813e+02 1.4211934059858322e-02 3736063. -1.
    4.5647598266601563e+01 1.7384571075439453e+01 1.8463087081909180e+00
    2.0703125000000000e+01 2.6408804580569267e-02 2032127. -1.
    4.6144660949707031e+01 3.6006355285644531e+01 3.6582412719726563e+00
    3.2822021484375000e+01 1.6749555245041847e-02 1310976. -1.
    4.6787204742431641e+01 5.7672843933105469e+01 1.9094545364379883e+01
    2.2036085510253906e+02 6.2736213207244873e-02 3867138. -1.
    5.0192157745361328e+01 8.2701797485351563e+01 2.5076529979705811e+00
    1.8958326721191406e+02 4.4091660529375076e-02 7406335. -1.
    5.0892917633056641e+01 7.7189521789550781e+01 2.0243406295776367e+00
    1.9302400207519531e+02 4.7818247228860855e-02 8651263. -1.
    5.1683563232421875e+01 4.0293064117431641e+01 4.7750835418701172e+00
    8.5326324462890625e+01 2.5404166430234909e-02 3867136. -1.
    5.2363803863525391e+01 4.8973098754882813e+01 6.5438995361328125e+00
    8.6612640380859375e+01 3.5218995064496994e-02 9962240. -1.
    5.2363803863525391e+01 4.8973098754882813e+01 6.5438995361328125e+00
    1.3688107299804688e+02 3.5218995064496994e-02 9962240. -1.
    5.3748928070068359e+01 8.0533668518066406e+01 3.3934235572814941e+00
    1.9142807006835938e+02 5.9633400291204453e-02 12583935. -1.
    5.6917747497558594e+01 1.5371638298034668e+01 3.8766763210296631e+00
    5.2525482177734375e+01 2.2079747170209885e-02 5505280. -1.
    5.6917747497558594e+01 1.5371638298034668e+01 3.8766763210296631e+00
    2.1269940185546875e+02 2.2079747170209885e-02 5505280. -1.
    5.7902942657470703e+01 3.8788276672363281e+01 2.0554189682006836e+00
    2.8752593994140625e+01 7.0594996213912964e-02 9765375. -1.
    5.7902942657470703e+01 3.8788276672363281e+01 2.0554189682006836e+00
    2.1922285461425781e+02 7.0594996213912964e-02 9765375. -1.
    5.8208770751953125e+01 8.0816986083984375e+01 2.5135498046875000e+00
    3.5929455566406250e+02 5.3034503012895584e-02 7602943. -1.
    6.0128364562988281e+01 4.0876869201660156e+01 1.9709835052490234e+00
    2.1978770446777344e+02 3.4150332212448120e-02 6750719. -1.
    6.2172164916992188e+01 4.2983104705810547e+01 1.8259333372116089e+00
    3.0467797851562500e+02 8.8421553373336792e-02 1180159. -1.
    6.3287464141845703e+01 8.0714561462402344e+01 2.7758233547210693e+00
    9.1042541503906250e+01 6.9742135703563690e-02 14811903. -1.
    6.5111854553222656e+01 8.4723937988281250e+01 3.3182408809661865e+00
