<?xml version="1.0"?>
<opencv_storage>
<keypoints type_id="opencv-matrix">
  <rows>24</rows>
  <cols>7</cols>
  <dt>d</dt>
  <data>
    1.1491047859191895e+01 2.9400808334350586e+01 1.9608592987060547e+00
    2.7365185546875000e+02 6.0170080512762070e-02 6357503. -1.
    1.3400197982788086e+01 2.4705873489379883e+01 6.0435919761657715e+00
    2.2797546386718750e+01 7.5851917266845703e-02 4195072. -1.
    1.6209161758422852e+01 2.0045343399047852e+01 2.0518214702606201e+00
    1.3024787902832031e+02 4.4112436473369598e-02 9634303. -1.
    1.6209161758422852e+01 2.0045343399047852e+01 2.0518214702606201e+00
    3.1402398681640625e+02 4.4112436473369598e-02 9634303. -1.
    1.9158742904663086e+01 1.5786325454711914e+01 5.3285059928894043e+00
    4.5997528076171875e+01 7.1543633937835693e-02 11796992. -1.
    1.9158742904663086e+01 1.5786325454711914e+01 5.3285059928894043e+00
    7.7781738281250000e+01 7.1543633937835693e-02 11796992. -1.
    2.0514642715454102e+01 2.3875711441040039e+01 3.1954538822174072e+00
    2.6043212890625000e+02 3.4502226859331131e-02 8258559. -1.
    2.3963989257812500e+01 3.4353054046630859e+01 2.7301573753356934e+00
    1.8415457153320313e+02 8.4964118897914886e-02 13566719. -1.
    2.4021036148071289e+01 2.0795297622680664e+01 1.5539690971374512e+01
    5.8324829101562500e+01 8.9152179658412933e-02 5701890. -1.
    2.4021036148071289e+01 2.0795297622680664e+01 1.5539690971374512e+01
    9.0188110351562500e+01 8.9152179658412933e-02 5701890. -1.
    2.4021036148071289e+01 2.0795297622680664e+01 1.5539690971374512e+01
    1.2306826782226563e+02 8.9152179658412933e-02 5701890. -1.
    2.4021036148071289e+01 2.0795297622680664e+01 1.5539690971374512e+01
    2.6944958496093750e+02 8.9152179658412933e-02 5701890. -1.
    2.4029048919677734e+01 2.7444265365600586e+01 3.0832774639129639e+00
    2.4411024475097656e+02 5.3042009472846985e-02 5637119. -1.
    2.4029048919677734e+01 2.7444265365600586e+01 3.0832774639129639e+00
    2.9461041259765625e+02 5.3042009472846985e-02 5637119. -1.
    2.7241539001464844e+01 1.9811721801757813e+01 2.4620473384857178e+00
    2.3383757019042969e+02 3.8823977112770081e-02 6095615. -1.
    2.7241539001464844e+01 1.9811721801757813e+01 2.4620473384857178e+00
    2.8347686767578125e+02 3.8823977112770081e-02 6095615. -1.
    2.7286090850830078e+01 2.3790365219116211e+01 3.1834378242492676e+00
    2.8301730346679688e+02 3.3403553068637848e-02 7996415. -1.
    2.8989410400390625e+01 1.5551126480102539e+01 5.0664911270141602e+00
    1.0217639160156250e+02 6.8916708230972290e-02 8192512. -1.
    2.8989410400390625e+01 1.5551126480102539e+01 5.0664911270141602e+00
    1.3314521789550781e+02 6.8916708230972290e-02 8192512. -1.
    3.1425693511962891e+01 1.9990669250488281e+01 2.0086326599121094e+00
    4.8094451904296875e+01 4.2413476854562759e-02 8126975. -1.
    3.1425693511962891e+01 1.9990669250488281e+01 2.0086326599121094e+00
    2.2531327819824219e+02 4.2413476854562759e-02 8126975. -1.
    3.4488697052001953e+01 2.4543577194213867e+01 6.3457045555114746e+00
    1.5311434936523438e+02 7.6763920485973358e-02 7734016. -1.
    3.4488697052001953e+01 2.4543577194213867e+01 6.3457045555114746e+00
    2.6697497558593750e+02 7.6763920485973358e-02 7734016. -1.
    3.6532196044921875e+01 2.9409034729003906e+01 2.0204350948333740e+00
    2.6702957153320313e+02 5.5573541671037674e-02 8520191. -1.</data></keypoints>
<descriptors type_id="opencv-matrix">
  <rows>24</rows>
  <cols>128</cols>
  <dt>f</dt>
  <data>
    0. 0. 0. 0. 0. 0. 0. 2. 1. 0. 0. 0. 0. 0. 24. 19. 0. 0. 0. 0. 0. 0.
    76. 41. 0. 0. 0. 0. 0. 12. 118. 21. 21. 0. 0. 0. 0. 0. 0. 8. 125. 2.
    0. 0. 0. 0. 73. 147. 22. 0. 0. 0. 0. 2. 147. 147. 11. 0. 0. 0. 0.
    20. 147. 109. 37. 4. 0. 0. 0. 0. 0. 1. 147. 51. 0. 0. 0. 0. 6. 32.
    141. 25. 0. 0. 2. 7. 40. 43. 91. 21. 1. 2. 0. 2. 29. 39. 17. 4. 0.
    0. 0. 0. 0. 0. 147. 82. 0. 0. 0. 0. 0. 0. 134. 66. 3. 4. 5. 1. 0. 0.
    42. 58. 24. 15. 2. 0. 0. 0. 11. 0. 0. 0. 0. 0. 0. 8. 114. 0. 0. 0.
    0. 0. 10. 134. 37. 2. 10. 12. 0. 3. 114. 134. 0. 3. 21. 9. 5. 96.
    104. 13. 44. 4. 0. 0. 0. 0. 0. 7. 134. 54. 8. 3. 0. 0. 0. 81. 76.
    21. 66. 100. 7. 0. 2. 29. 0. 6. 116. 109. 6. 6. 1. 0. 18. 13. 0. 0.
    0. 0. 0. 0. 98. 134. 69. 7. 0. 0. 0. 1. 11. 59. 134. 116. 1. 0. 0.
    0. 0. 14. 128. 110. 12. 0. 0. 0. 0. 1. 0. 0. 0. 0. 0. 0. 1. 20. 20.
    1. 0. 0. 0. 0. 0. 8. 49. 11. 0. 0. 0. 0. 0. 7. 29. 9. 1. 0. 0. 0. 0.
    0. 0. 4. 7. 25. 56. 50. 4. 1. 1. 1. 56. 106. 28. 8. 40. 3. 2. 0. 8.
    15. 30. 85. 9. 3. 0. 0. 0. 40. 41. 19. 0. 2. 1. 3. 30. 5. 8. 28. 23.
    0. 0. 18. 129. 15. 1. 4. 129. 1. 0. 3. 24. 4. 5. 40. 21. 1. 3. 10.
    8. 58. 15. 10. 0. 47. 98. 19. 20. 0. 0. 1. 22. 10. 43. 77. 129. 0.
    0. 1. 129. 64. 71. 15. 14. 0. 0. 6. 11. 9. 107. 127. 4. 2. 0. 1. 0.
    70. 129. 9. 0. 0. 0. 0. 1. 13. 129. 84. 8. 0. 0. 0. 4. 50. 129. 25.
    1. 0. 0. 0. 0. 3. 129. 104. 0. 0. 0. 0. 0. 0. 0. 0. 0. 2. 131. 102.
    1. 0. 0. 0. 3. 35. 131. 37. 11. 0. 0. 0. 1. 7. 131. 104. 1. 0. 0. 0.
    0. 61. 131. 10. 3. 1. 0. 0. 10. 10. 107. 131. 18. 0. 0. 0. 125. 68.
    78. 18. 131. 1. 0. 0. 20. 8. 36. 62. 23. 0. 0. 1. 0. 32. 85. 15. 9.
    51. 16. 6. 21. 2. 4. 16. 21. 4. 5. 22. 131. 3. 1. 1. 131. 22. 2. 2.
    28. 1. 0. 4. 33. 8. 8. 35. 0. 1. 1. 1. 0. 43. 41. 14. 7. 2. 0. 0. 5.
    12. 31. 86. 50. 2. 2. 0. 45. 104. 29. 12. 8. 1. 2. 0. 8. 33. 60. 45.
    0. 0. 0. 3. 1. 0. 0. 0. 0. 0. 0. 2. 6. 0. 0. 0. 0. 0. 7. 100. 2. 0.
    0. 0. 0. 6. 135. 135. 0. 0. 0. 1. 1. 46. 135. 12. 22. 0. 0. 0. 0. 0.
    0. 12. 135. 7. 1. 1. 0. 0. 4. 135. 32. 6. 12. 34. 13. 7. 40. 135. 2.
    12. 39. 45. 10. 24. 56. 8. 42. 7. 0. 0. 0. 0. 0. 2. 135. 83. 3. 2.
    1. 1. 1. 26. 57. 30. 14. 63. 47. 13. 3. 11. 0. 3. 41. 98. 42. 2. 0.
    0. 10. 7. 0. 0. 0. 0. 0. 0. 107. 135. 15. 0. 0. 0. 0. 1. 25. 86. 87.
    106. 26. 6. 1. 1. 0. 5. 62. 120. 19. 1. 0. 0. 11. 0. 0. 0. 0. 0. 0.
    8. 103. 0. 0. 0. 0. 0. 13. 134. 27. 2. 6. 14. 9. 5. 90. 134. 2. 2.
    14. 45. 58. 36. 50. 19. 49. 4. 0. 0. 0. 0. 0. 7. 134. 42. 2. 1. 1.
    1. 1. 86. 56. 14. 8. 35. 65. 13. 6. 29. 0. 0. 10. 63. 87. 20. 0. 0.
    22. 13. 0. 0. 0. 0. 0. 0. 134. 134. 6. 1. 1. 0. 0. 2. 34. 134. 39.
    16. 36. 22. 7. 3. 0. 3. 18. 86. 134. 24. 3. 0. 1. 2. 0. 0. 0. 0. 0.
    0. 7. 90. 5. 0. 0. 0. 0. 0. 7. 134. 124. 12. 2. 1. 0. 0. 0. 9. 86.
    91. 43. 1. 0. 0. 121. 3. 0. 0. 0. 0. 2. 37. 121. 25. 7. 1. 0. 2. 49.
    77. 14. 10. 19. 36. 30. 102. 90. 19. 0. 0. 0. 9. 48. 121. 33. 2.
    121. 7. 0. 0. 0. 7. 63. 72. 121. 59. 52. 5. 7. 11. 4. 29. 54. 31.
    73. 42. 8. 3. 8. 57. 8. 3. 3. 9. 37. 111. 70. 62. 72. 65. 36. 2. 1.
    11. 58. 79. 47. 15. 10. 29. 44. 34. 10. 47. 121. 55. 11. 4. 10. 6.
    6. 44. 15. 36. 56. 22. 34. 14. 12. 18. 121. 47. 16. 2. 0. 1. 4. 65.
    35. 11. 7. 28. 9. 12. 48. 34. 69. 22. 2. 3. 2. 6. 31. 74. 5. 10. 12.
    28. 41. 29. 42. 9. 0. 0. 0. 0. 0. 0. 0. 1. 1. 0. 0. 0. 0. 3. 22. 17.
    0. 0. 0. 0. 0. 17. 18. 2. 0. 0. 0. 0. 0. 1. 0. 0. 20. 0. 0. 0. 0. 0.
    0. 7. 128. 3. 0. 0. 7. 32. 69. 125. 11. 1. 0. 1. 100. 128. 65. 23.
    0. 0. 0. 0. 18. 12. 3. 1. 25. 1. 0. 0. 0. 17. 110. 10. 128. 31. 3.
    6. 25. 13. 43. 74. 39. 9. 3. 21. 128. 93. 56. 17. 0. 0. 0. 0. 29.
    16. 128. 61. 1. 1. 1. 2. 7. 51. 128. 9. 38. 21. 8. 3. 6. 14. 128.
    121. 8. 6. 10. 26. 30. 91. 123. 30. 17. 6. 3. 6. 3. 9. 128. 69. 0.
    0. 0. 0. 0. 0. 0. 0. 0. 0. 0. 0. 0. 0. 15. 15. 0. 0. 0. 0. 0. 1. 13.
    8. 0. 0. 0. 0. 0. 0. 0. 0. 15. 2. 0. 0. 0. 0. 0. 3. 143. 27. 5. 9.
    8. 15. 128. 143. 16. 7. 6. 59. 143. 122. 143. 90. 0. 0. 0. 7. 42. 3.
    0. 0. 33. 10. 0. 0. 0. 0. 0. 1. 143. 143. 118. 60. 8. 4. 10. 55. 20.
    49. 139. 143. 143. 25. 13. 16. 0. 0. 0. 18. 35. 1. 0. 0. 0. 0. 0. 0.
    0. 0. 0. 0. 2. 15. 29. 10. 0. 0. 0. 0. 0. 3. 37. 36. 0. 0. 0. 0. 0.
    0. 0. 0. 0. 0. 0. 0. 0. 0. 0. 0. 0. 0. 0. 0. 2. 0. 0. 0. 0. 1. 4.
    14. 0. 0. 0. 0. 4. 13. 5. 4. 0. 0. 0. 0. 1. 1. 0. 0. 9. 1. 0. 0. 0.
    0. 0. 9. 156. 40. 5. 6. 12. 33. 63. 156. 25. 11. 6. 35. 156. 156.
