<?xml version="1.0"?>
<opencv_storage>
<keypoints type_id="opencv-matrix">
  <rows>23</rows>
  <cols>7</cols>
  <dt>d</dt>
  <data>
    1.5089622497558594e+01 4.0737991333007813e+01 3.1496376991271973e+00
    1.7717837524414063e+02 1.0954628139734268e-01 7209983. -1.
    1.5089622497558594e+01 4.0737991333007813e+01 3.1496376991271973e+00
    3.5204440307617188e+02 1.0954628139734268e-01 7209983. -1.
    2.6497774124145508e+01 4.9213783264160156e+01 4.4485292434692383e+00
    6.0602783203125000e+01 1.2152044475078583e-01 15466752. -1.
    2.6497774124145508e+01 4.9213783264160156e+01 4.4485292434692383e+00
    1.0990658569335938e+02 1.2152044475078583e-01 15466752. -1.
    2.6497774124145508e+01 4.9213783264160156e+01 4.4485292434692383e+00
    1.3883903503417969e+02 1.2152044475078583e-01 15466752. -1.
    2.7306177139282227e+01 3.5633037567138672e+01 4.8602480888366699e+00
    2.8965167236328125e+02 9.2821680009365082e-02 5177856. -1.
    3.4348045349121094e+01 1.7940315246582031e+01 2.1965196132659912e+00
    2.4424133300781250e+02 6.8595632910728455e-02 14549503. -1.
    4.0184875488281250e+01 2.4685146331787109e+01 4.8915553092956543e+00
    1.5623229980468750e+01 9.4357997179031372e-02 5636608. -1.
    4.0184875488281250e+01 2.4685146331787109e+01 4.8915553092956543e+00
    1.6208108520507813e+02 9.4357997179031372e-02 5636608. -1.
    4.0216617584228516e+01 3.6051734924316406e+01 1.0959692955017090e+01
    2.2946148681640625e+02 9.5157474279403687e-02 13828609. -1.
    4.0216617584228516e+01 3.6051734924316406e+01 1.0959692955017090e+01
    3.0990710449218750e+02 9.5157474279403687e-02 13828609. -1.
    4.1300880432128906e+01 2.8394435882568359e+01 2.6214267730712891e+01
    3.8811645507812500e+01 7.8024379909038544e-02 10093314. -1.
    4.1300880432128906e+01 2.8394435882568359e+01 2.6214267730712891e+01
    2.2007894897460938e+02 7.8024379909038544e-02 10093314. -1.
    4.6128505706787109e+01 1.7912311553955078e+01 2.1661012172698975e+00
    2.1605940246582031e+02 8.8655732572078705e-02 13566463. -1.
    4.6128505706787109e+01 1.7912311553955078e+01 2.1661012172698975e+00
    2.7004370117187500e+02 8.8655732572078705e-02 13566463. -1.
    4.6128505706787109e+01 1.7912311553955078e+01 2.1661012172698975e+00
    3.3783755493164063e+02 8.8655732572078705e-02 13566463. -1.
    4.6605289459228516e+01 1.3479943275451660e+01 4.0140566825866699e+00
    1.0601945495605469e+02 1.1209869384765625e-01 8061184. -1.
    5.7610164642333984e+01 2.0476982116699219e+01 8.6711330413818359e+00
    1.0181958007812500e+02 1.3509103655815125e-01 13631745. -1.
    5.7610164642333984e+01 2.0476982116699219e+01 8.6711330413818359e+00
    1.7408596801757813e+02 1.3509103655815125e-01 13631745. -1.
    6.4516059875488281e+01 3.0625368118286133e+01 3.1279184818267822e+00
    1.6335197448730469e+02 1.1264464259147644e-01 6685695. -1.
    6.4516059875488281e+01 3.0625368118286133e+01 3.1279184818267822e+00
    2.0854864501953125e+02 1.1264464259147644e-01 6685695. -1.
    6.5291191101074219e+01 4.0702949523925781e+01 3.2567620277404785e+00
    2.2683410644531250e+00 1.0487443953752518e-01 9634815. -1.
    6.5291191101074219e+01 4.0702949523925781e+01 3.2567620277404785e+00
    1.8686056518554688e+02 1.0487443953752518e-01 9634815. -1.</data></keypoints>
<descriptors type_id="opencv-matrix">
  <rows>23</rows>
  <cols>128</cols>
  <dt>f</dt>
  <data>
    28. 15. 32. 105. 44. 7. 0. 0. 131. 31. 2. 6. 37. 52. 4. 8. 7. 0. 0.
    0. 128. 103. 1. 2. 0. 0. 0. 0. 9. 4. 0. 0. 50. 4. 19. 24. 0. 19. 40.
    7. 131. 22. 3. 6. 40. 22. 7. 21. 23. 5. 3. 19. 131. 79. 1. 4. 0. 0.
    0. 1. 35. 6. 0. 0. 11. 0. 16. 13. 6. 120. 131. 10. 100. 39. 28. 42.
    33. 45. 57. 22. 7. 11. 23. 131. 131. 11. 0. 0. 0. 0. 0. 9. 24. 1. 0.
    0. 21. 14. 112. 34. 6. 20. 15. 47. 8. 4. 11. 14. 54. 96. 61. 46. 0.
    0. 1. 27. 113. 86. 6. 0. 0. 0. 0. 2. 9. 2. 0. 0. 4. 0. 0. 0. 0. 0.
    0. 2. 103. 54. 1. 0. 0. 0. 2. 34. 81. 109. 55. 33. 3. 2. 7. 19. 6.
    13. 16. 84. 21. 19. 92. 16. 23. 0. 0. 0. 0. 0. 0. 10. 132. 5. 0. 0.
    8. 10. 27. 132. 38. 49. 47. 24. 91. 33. 33. 48. 9. 132. 132. 9. 8.
    1. 33. 14. 43. 4. 0. 0. 0. 0. 0. 2. 132. 52. 1. 8. 29. 4. 3. 25. 36.
    14. 9. 52. 132. 13. 4. 7. 0. 42. 55. 12. 37. 2. 17. 11. 16. 5. 0. 0.
    0. 0. 0. 0. 132. 88. 2. 5. 15. 0. 0. 0. 31. 29. 3. 14. 132. 20. 4.
    12. 26. 2. 0. 1. 19. 10. 60. 108. 81. 2. 10. 120. 2. 0. 0. 28. 1.
    11. 118. 120. 3. 1. 9. 5. 0. 67. 120. 8. 2. 17. 11. 2. 1. 33. 101.
    14. 13. 58. 1. 1. 26. 3. 15. 120. 15. 7. 2. 9. 69. 14. 10. 78. 6.
    11. 52. 95. 6. 15. 29. 13. 51. 111. 72. 30. 4. 22. 42. 2. 9. 16. 31.
    91. 13. 13. 21. 28. 15. 85. 59. 5. 77. 58. 36. 15. 4. 30. 44. 22.
    19. 18. 45. 58. 44. 22. 13. 83. 8. 0. 12. 42. 6. 4. 25. 120. 2. 38.
    102. 3. 1. 14. 9. 0. 19. 18. 85. 13. 3. 15. 15. 3. 56. 16. 33. 32.
    1. 2. 3. 55. 8. 1. 43. 120. 0. 0. 0. 18. 0. 0. 15. 123. 29. 7. 34.
    1. 0. 0. 48. 123. 8. 4. 28. 8. 86. 4. 21. 63. 3. 5. 21. 20. 121. 2.
    1. 7. 55. 1. 0. 31. 9. 3. 5. 90. 123. 15. 0. 5. 73. 23. 13. 44. 23.
    15. 60. 102. 79. 13. 6. 19. 42. 76. 80. 33. 123. 28. 1. 15. 81. 2.
    1. 5. 12. 31. 3. 8. 123. 32. 1. 1. 60. 115. 43. 10. 43. 11. 14. 31.
    29. 37. 51. 61. 42. 12. 15. 27. 55. 62. 15. 30. 52. 1. 2. 2. 10. 22.
    8. 20. 91. 25. 20. 10. 5. 12. 16. 31. 21. 14. 80. 77. 2. 6. 12. 109.
    20. 4. 24. 30. 1. 42. 32. 37. 11. 0. 1. 0. 0. 0. 0. 71. 72. 8. 34.
    58. 25. 25. 3. 71. 57. 3. 16. 15. 94. 111. 1. 1. 11. 13. 10. 6. 6.
    26. 1. 1. 84. 92. 0. 0. 11. 1. 0. 111. 111. 16. 3. 8. 73. 24. 7. 28.
    25. 13. 59. 104. 30. 81. 8. 16. 46. 56. 54. 24. 9. 93. 24. 8. 54.
    34. 0. 1. 8. 7. 4. 7. 111. 111. 0. 1. 55. 97. 66. 11. 24. 62. 3. 13.
    30. 24. 72. 50. 44. 12. 5. 39. 7. 19. 38. 28. 52. 5. 3. 11. 1. 69.
    60. 0. 45. 87. 0. 1. 7. 10. 15. 1. 51. 111. 14. 33. 29. 5. 11. 33.
    38. 7. 11. 111. 1. 0. 2. 47. 71. 2. 1. 5. 3. 3. 17. 12. 1. 4. 50.
    61. 36. 13. 12. 6. 2. 7. 51. 68. 22. 58. 61. 5. 4. 8. 87. 46. 1. 56.
    33. 0. 0. 64. 117. 2. 16. 11. 39. 39. 10. 34. 13. 13. 129. 34. 19.
    8. 9. 28. 7. 19. 22. 42. 70. 15. 64. 129. 7. 9. 6. 129. 84. 3. 9.
    25. 8. 2. 19. 10. 22. 37. 49. 50. 17. 12. 129. 17. 0. 7. 18. 18. 3.
    34. 80. 3. 1. 0. 28. 129. 37. 17. 10. 30. 3. 2. 7. 99. 129. 23. 5.
    7. 30. 24. 6. 0. 16. 87. 93. 5. 6. 4. 2. 0. 10. 129. 51. 10. 5. 4.
    1. 20. 20. 29. 0. 1. 8. 75. 10. 18. 69. 3. 20. 0. 0. 0. 0. 8. 2. 2.
    138. 4. 0. 0. 0. 0. 0. 17. 113. 2. 0. 0. 1. 0. 0. 6. 1. 0. 0. 0. 81.
    7. 0. 0. 23. 0. 0. 0. 0. 138. 26. 6. 138. 23. 0. 0. 0. 10. 6. 34.
    105. 24. 1. 0. 1. 0. 0. 11. 0. 1. 0. 12. 102. 0. 0. 0. 4. 1. 3. 0.
    1. 138. 43. 2. 97. 106. 2. 0. 0. 132. 40. 8. 26. 138. 27. 1. 1. 8.
    2. 0. 0. 31. 18. 44. 98. 0. 0. 0. 0. 35. 88. 0. 2. 41. 6. 0. 1. 22.
    51. 2. 7. 138. 24. 0. 0. 97. 36. 3. 13. 94. 6. 0. 0. 49. 72. 67. 32.
    5. 0. 0. 0. 0. 0. 8. 8. 16. 95. 112. 7. 2. 3. 8. 11. 27. 91. 53. 15.
    19. 32. 20. 12. 19. 47. 38. 36. 34. 8. 2. 1. 9. 53. 59. 7. 7. 29.
    121. 12. 4. 10. 48. 103. 42. 30. 52. 22. 29. 7. 14. 21. 42. 25. 21.
    92. 115. 4. 7. 25. 121. 62. 4. 6. 16. 10. 3. 18. 6. 12. 121. 37. 2.
    14. 40. 121. 19. 9. 12. 2. 10. 6. 103. 42. 3. 1. 1. 33. 121. 32. 14.
    1. 22. 16. 11. 5. 68. 121. 5. 5. 8. 21. 11. 16. 5. 49. 102. 31. 20.
    49. 0. 0. 0. 15. 120. 9. 15. 18. 29. 11. 14. 5. 7. 0. 0. 20. 121.
    22. 11. 19. 0. 5. 87. 27. 1. 9. 36. 24. 5. 38. 113. 11. 0. 1. 1. 45.
    16. 10. 5. 6. 13. 12. 28. 19. 14. 0. 1. 17. 9. 28. 119. 15. 0. 16.
    19. 6. 8. 119. 104. 11. 4. 119. 70. 7. 13. 20. 10. 2. 19. 38. 7. 48.
    119. 30. 2. 0. 1. 1. 9. 119. 63. 5. 15. 5. 5. 11. 20. 25. 29. 74.
    39. 24. 12. 98. 9. 14. 32. 25. 19. 24. 47. 11. 2. 10. 119. 87. 29.
    89. 15. 2. 5. 29. 22. 7. 6. 119. 85. 9. 90. 74. 9. 2. 4. 4. 2. 16.
    67. 80. 14. 4. 4. 6. 7. 19. 40. 72. 8. 5. 8. 77. 36. 0. 1. 82. 55.
    0. 1. 77. 28. 18. 0. 3. 8. 1. 0. 24. 93. 1. 1. 17. 17. 7. 19. 64.
    37. 0. 0. 2. 2. 6. 77. 69. 17. 0. 0. 0. 0. 7. 95. 26. 2. 69. 18. 10.
