<?xml version="1.0"?>
<opencv_storage>
<keypoints type_id="opencv-matrix">
  <rows>81</rows>
  <cols>7</cols>
  <dt>d</dt>
  <data>
    7.0842766761779785e+00 8.0342407226562500e+01 3.0736370086669922e+00
    2.7972894287109375e+02 8.3070054650306702e-02 5440511. -1.
    1.1451544761657715e+01 1.2434436798095703e+01 2.5035433769226074e+00
    9.9424743652343750e+00 7.6861016452312469e-02 7340799. -1.
    1.1451544761657715e+01 1.2434436798095703e+01 2.5035433769226074e+00
    8.3513366699218750e+01 7.6861016452312469e-02 7340799. -1.
    1.1973877906799316e+01 5.1183101654052734e+01 2.0345778465270996e+00
    3.1369323730468750e+01 1.7263632267713547e-02 9044479. -1.
    1.1973877906799316e+01 5.1183101654052734e+01 2.0345778465270996e+00
    1.7793173217773438e+02 1.7263632267713547e-02 9044479. -1.
    1.2235621452331543e+01 1.6429733276367188e+01 2.1421549320220947e+00
    2.9671829223632813e+02 7.1588821709156036e-02 12780031. -1.
    1.4574650764465332e+01 8.1077552795410156e+01 3.0518651008605957e+00
    2.9707852172851563e+02 5.4425939917564392e-02 4916223. -1.
    1.5507005691528320e+01 1.6815254211425781e+01 9.8406572341918945e+00
    1.2317762756347656e+02 4.0461052209138870e-02 6029825. -1.
    1.5585129737854004e+01 1.9713924407958984e+01 2.0795271396636963e+00
    9.2725555419921875e+01 7.3875226080417633e-02 10617343. -1.
    1.5585129737854004e+01 1.9713924407958984e+01 2.0795271396636963e+00
    2.0046638488769531e+02 7.3875226080417633e-02 10617343. -1.
    1.5585129737854004e+01 1.9713924407958984e+01 2.0795271396636963e+00
    3.2742681884765625e+02 7.3875226080417633e-02 10617343. -1.
    1.5719041824340820e+01 1.2547760009765625e+01 2.4273898601531982e+00
    1.5546542358398438e+02 6.9981969892978668e-02 5112575. -1.
    1.5864411354064941e+01 8.8313665390014648e+00 2.4715719223022461e+00
    4.0162750244140625e+01 5.0226092338562012e-02 6357759. -1.
    1.5864411354064941e+01 8.8313665390014648e+00 2.4715719223022461e+00
    1.4605139160156250e+02 5.0226092338562012e-02 6357759. -1.
    1.9100168228149414e+01 1.6517473220825195e+01 2.0806934833526611e+00
    1.1553646850585938e+02 7.5283721089363098e-02 10617343. -1.
    1.9100168228149414e+01 1.6517473220825195e+01 2.0806934833526611e+00
    2.5651031494140625e+02 7.5283721089363098e-02 10617343. -1.
    1.9599803924560547e+01 4.8946376800537109e+01 1.6171434402465820e+01
    1.5184600830078125e+01 2.4073762819170952e-02 8585474. -1.
    1.9660860061645508e+01 7.7613143920898438e+01 5.5822358131408691e+00
    2.9125637817382813e+02 7.8753896057605743e-02 15204864. -1.
    1.9695938110351563e+01 1.2736938476562500e+01 2.6404709815979004e+00
    1.0353582763671875e+02 7.1800626814365387e-02 11141887. -1.
    1.9695938110351563e+01 1.2736938476562500e+01 2.6404709815979004e+00
    1.6650692749023438e+02 7.1800626814365387e-02 11141887. -1.
    2.2931221008300781e+01 1.9286266326904297e+01 2.4444293975830078e+00
    1.8424462890625000e+02 4.8903170973062515e-02 5571327. -1.
    2.3475624084472656e+01 7.6717590332031250e+01 2.6808426380157471e+00
    1.0931510925292969e+02 5.2782673388719559e-02 12255999. -1.
    2.4655256271362305e+01 8.3991142272949219e+01 2.3781259059906006e+00
    2.5549554443359375e+02 5.0288040190935135e-02 3605247. -1.
    2.4655256271362305e+01 8.3991142272949219e+01 2.3781259059906006e+00
    3.0105541992187500e+02 5.0288040190935135e-02 3605247. -1.
    2.5826625823974609e+01 7.0669273376464844e+01 5.1088037490844727e+00
    1.1037330627441406e+02 3.2064184546470642e-02 8782336. -1.
    2.8924938201904297e+01 8.0376014709472656e+01 2.9330005645751953e+00
    1.6864866638183594e+02 6.2194548547267914e-02 2032639. -1.
    2.9598123550415039e+01 6.3499937057495117e+00 2.2710254192352295e+00
    1.3176269531250000e+00 2.0844222977757454e-02 262911. -1.
    3.2188083648681641e+01 3.1409084320068359e+01 2.4973633289337158e+00
    8.7162109375000000e+01 1.8407789990305901e-02 7144191. -1.
    3.5296672821044922e+01 3.8402172088623047e+01 2.6789259910583496e+00
    1.3953352355957031e+02 9.0397082269191742e-02 12190463. -1.
    3.6224212646484375e+01 1.8381130218505859e+01 2.5115745067596436e+00
    2.0521820068359375e+01 2.2308517247438431e-02 7537407. -1.
    3.6424270629882813e+01 6.8730674743652344e+01 1.1176951408386230e+01
    3.1255236816406250e+02 4.6038620173931122e-02 15270401. -1.
    3.9999755859375000e+01 5.2806957244873047e+01 1.0347231864929199e+01
    8.7284454345703125e+01 6.9788038730621338e-02 9699841. -1.
    3.9999755859375000e+01 5.2806957244873047e+01 1.0347231864929199e+01
    3.0847201538085938e+02 6.9788038730621338e-02 9699841. -1.
    4.1196151733398438e+01 6.2245864868164063e+00 1.9575138092041016e+00
    1.6343823242187500e+02 1.5599402599036694e-02 6226431. -1.
    4.2267639160156250e+01 4.5733703613281250e+01 3.9651877880096436e+00
    1.2242851257324219e+02 6.0368496924638748e-02 7143680. -1.
    4.5130283355712891e+01 7.2657447814941406e+01 1.8382774591445923e+00
    9.1319580078125000e+00 8.8223755359649658e-02 1704447. -1.
    4.5955532073974609e+01 7.6655288696289063e+01 2.7366921901702881e+00
    2.4380352783203125e+02 3.7339664995670319e-02 13763327. -1.
    4.6465515136718750e+01 8.2511344909667969e+01 3.0687549114227295e+00
    3.4975503540039063e+02 4.1093088686466217e-02 5309439. -1.
    4.6778312683105469e+01 6.0449668884277344e+01 3.0547463893890381e+00
    2.5516482543945313e+02 3.4265663474798203e-02 4981759. -1.
    4.7025783538818359e+01 5.6043182373046875e+01 3.1799790859222412e+00
    2.5204301452636719e+02 2.0727215334773064e-02 7930879. -1.
    4.7467506408691406e+01 4.8081218719482422e+01 2.0200927257537842e+00
    1.1936624145507813e+02 4.3925415724515915e-02 8520191. -1.
    4.9685317993164063e+01 4.4997116088867188e+01 4.1888527870178223e+00
    1.1622171020507813e+02 6.2866218388080597e-02 11141376. -1.
    5.0037940979003906e+01 3.4150726318359375e+01 2.1797063350677490e+00
    1.2603262329101563e+02 1.0090156644582748e-01 14025215. -1.
    5.0037940979003906e+01 3.4150726318359375e+01 2.1797063350677490e+00
    3.4790206909179688e+02 1.0090156644582748e-01 14025215. -1.
    5.1548553466796875e+01 1.7524627685546875e+01 4.0062131881713867e+00
    2.6438131713867188e+02 2.9941296204924583e-02 7864576. -1.
    5.1637363433837891e+01 6.8058975219726563e+01 6.1484408378601074e+00
    2.5304780578613281e+02 5.3271934390068054e-02 5440256. -1.
    5.2409816741943359e+01 1.1315650939941406e+01 4.6891174316406250e+00
    3.2681121826171875e+02 1.4301896095275879e-02 2556416. -1.
    5.3063510894775391e+01 4.7887451171875000e+01 1.9015991687774658e+00
    1.0794935607910156e+02 7.7809140086174011e-02 4129279. -1.
    5.3267425537109375e+01 5.2259830474853516e+01 3.4992718696594238e+00
    1.0354229736328125e+02 3.5322938114404678e-02 14812159. -1.
    5.3267425537109375e+01 5.2259830474853516e+01 3.4992718696594238e+00
    2.4891510009765625e+02 3.5322938114404678e-02 14812159. -1.
    5.5027896881103516e+01 5.4642162322998047e+01 2.1124097824096680e+01
    2.1519705200195313e+02 6.7509725689888000e-02 11141634. -1.
    5.5447948455810547e+01 7.3949607849121094e+01 3.7624878883361816e+00
    2.5268420410156250e+02 4.5636650174856186e-02 3342592. -1.
    5.7051692962646484e+01 3.6944423675537109e+01 4.9345026016235352e+00
    7.1675170898437500e+01 4.1074737906455994e-02 6226432. -1.
    5.8488071441650391e+01 7.7464950561523438e+01 1.9078611135482788e+00
    2.3834503173828125e+02 5.0999164581298828e-02 4391423. -1.
    5.9417728424072266e+01 1.0740855216979980e+01 2.0692605972290039e+00
    2.8758541870117188e+02 3.0017556622624397e-02 10224127. -1.
    6.0948440551757813e+01 6.0630180358886719e+01 5.1398425102233887e+00
    2.1093400573730469e+02 3.8137987256050110e-02 9175552. -1.
    6.1026916503906250e+01 7.4007446289062500e+01 2.1427307128906250e+00
    2.7326745605468750e+02 4.7501534223556519e-02 12780031. -1.
    6.2759601593017578e+01 3.3250888824462891e+01 2.5795671939849854e+00
