<?xml version="1.0"?>
<opencv_storage>
<keypoints type_id="opencv-matrix">
  <rows>23</rows>
  <cols>7</cols>
  <dt>d</dt>
  <data>
    1.5410580635070801e+01 3.0357408523559570e+01 2.0258071422576904e+00
    3.4413653564453125e+02 4.7538381069898605e-02 8716799. -1.
    1.5489438056945801e+01 3.6229648590087891e+01 2.9969317913055420e+00
    2.6876406860351563e+02 7.6753899455070496e-02 3605503. -1.
    1.6003709793090820e+01 2.5880283355712891e+01 4.6172995567321777e+00
    3.5973171997070313e+02 5.4201114922761917e-02 1442304. -1.
    1.8974073410034180e+01 2.1922904968261719e+01 1.9572368860244751e+00
    1.0866793823242188e+02 3.5082649439573288e-02 6226431. -1.
    1.8974073410034180e+01 2.1922904968261719e+01 1.9572368860244751e+00
    2.9228500366210938e+02 3.5082649439573288e-02 6226431. -1.
    1.9659051895141602e+01 2.8231912612915039e+01 2.1145501136779785e+00
    2.2802183532714844e+02 4.1129622608423233e-02 11796991. -1.
    2.3964363098144531e+01 2.6817909240722656e+01 1.8488247394561768e+00
    4.0639312744140625e+01 3.0373031273484230e-02 2097663. -1.
    2.3964363098144531e+01 2.6817909240722656e+01 1.8488247394561768e+00
    2.5014505004882813e+02 3.0373031273484230e-02 2097663. -1.
    2.5045148849487305e+01 2.5507850646972656e+01 1.6627634048461914e+01
    1.8558288574218750e+01 8.9278891682624817e-02 10551554. -1.
    2.5045148849487305e+01 2.5507850646972656e+01 1.6627634048461914e+01
    5.6641479492187500e+01 8.9278891682624817e-02 10551554. -1.
    2.5045148849487305e+01 2.5507850646972656e+01 1.6627634048461914e+01
    1.0552795410156250e+02 8.9278891682624817e-02 10551554. -1.
    2.5045148849487305e+01 2.5507850646972656e+01 1.6627634048461914e+01
    3.4024578857421875e+02 8.9278891682624817e-02 10551554. -1.
    2.6629110336303711e+01 2.8814338684082031e+01 1.8740009069442749e+00
    3.0378479003906250e+01 3.7062171846628189e-02 3080703. -1.
    2.6629110336303711e+01 2.8814338684082031e+01 1.8740009069442749e+00
    1.6832144165039063e+02 3.7062171846628189e-02 3080703. -1.
    2.9274179458618164e+01 2.6885835647583008e+01 1.8150081634521484e+00
    1.4751559448242188e+02 3.2588191330432892e-02 786943. -1.
    2.9274179458618164e+01 2.6885835647583008e+01 1.8150081634521484e+00
    2.9514257812500000e+02 3.2588191330432892e-02 786943. -1.
    3.1900318145751953e+01 3.5130168914794922e+01 3.9673030376434326e+00
    2.3239982604980469e+02 6.0652926564216614e-02 7209216. -1.
    3.3163257598876953e+01 1.8264312744140625e+01 4.1881041526794434e+00
    1.1671154785156250e+02 6.2369193881750107e-02 11075840. -1.
    3.3276969909667969e+01 2.1944519042968750e+01 1.9236911535263062e+00
    6.9492706298828125e+01 3.6897964775562286e-02 4981247. -1.
    3.3276969909667969e+01 2.1944519042968750e+01 1.9236911535263062e+00
    2.4887586975097656e+02 3.6897964775562286e-02 4981247. -1.
    3.3430465698242188e+01 2.8034452438354492e+01 2.0373227596282959e+00
    3.0773406982421875e+02 3.8385868072509766e-02 9110015. -1.
    3.6018981933593750e+01 2.5226688385009766e+01 3.4960434436798096e+00
    1.7747511291503906e+02 6.3916943967342377e-02 14746623. -1.
    3.7311206817626953e+01 3.2105136871337891e+01 1.8714812994003296e+00
    1.8970549011230469e+02 4.7096982598304749e-02 2949631. -1.</data></keypoints>
<descriptors type_id="opencv-matrix">
  <rows>23</rows>
  <cols>128</cols>
  <dt>f</dt>
  <data>
    85. 3. 0. 0. 0. 0. 0. 34. 134. 7. 0. 0. 0. 0. 0. 64. 115. 3. 11. 14.
    0. 4. 7. 62. 2. 1. 36. 41. 9. 39. 12. 3. 101. 41. 0. 0. 0. 0. 0. 8.
    134. 43. 5. 4. 0. 0. 0. 27. 88. 12. 40. 134. 2. 0. 2. 16. 4. 2. 73.
    101. 3. 1. 11. 21. 74. 7. 0. 0. 0. 0. 2. 93. 134. 40. 12. 7. 0. 0.
    24. 109. 17. 16. 21. 66. 3. 2. 49. 67. 5. 2. 2. 11. 2. 27. 56. 50.
    114. 34. 1. 0. 0. 0. 3. 117. 45. 35. 29. 4. 0. 0. 67. 134. 3. 17.
    46. 12. 0. 3. 62. 56. 2. 20. 10. 1. 6. 51. 17. 12. 1. 0. 0. 0. 0. 0.
    0. 4. 1. 0. 0. 0. 0. 2. 33. 25. 0. 0. 0. 0. 0. 12. 60. 10. 0. 0. 0.
    0. 0. 0. 64. 26. 34. 0. 0. 0. 0. 0. 0. 21. 123. 3. 0. 0. 0. 15. 108.
    159. 11. 1. 0. 0. 0. 103. 159. 71. 5. 2. 0. 0. 0. 4. 159. 130. 72.
    7. 0. 0. 0. 0. 0. 5. 159. 56. 0. 0. 0. 7. 13. 58. 89. 13. 1. 1. 17.
    106. 65. 32. 20. 65. 6. 1. 12. 22. 46. 40. 62. 1. 0. 0. 0. 0. 0. 9.
    159. 19. 1. 0. 0. 0. 0. 56. 80. 15. 5. 19. 32. 15. 2. 13. 4. 20. 2.
    4. 29. 27. 1. 0. 15. 0. 0. 0. 0. 0. 0. 12. 81. 0. 0. 0. 0. 0. 17.
    143. 21. 0. 0. 0. 2. 15. 143. 143. 1. 0. 0. 0. 2. 38. 143. 13. 64.
    2. 0. 0. 0. 0. 0. 14. 143. 14. 1. 0. 0. 0. 0. 119. 74. 6. 6. 31. 7.
    9. 10. 60. 2. 7. 16. 14. 5. 14. 16. 10. 64. 12. 0. 0. 0. 0. 0. 1.
    143. 95. 2. 1. 0. 0. 0. 7. 69. 38. 18. 25. 2. 1. 11. 9. 0. 4. 18. 9.
    1. 5. 23. 3. 28. 8. 0. 0. 0. 0. 0. 0. 143. 103. 39. 0. 0. 0. 0. 0.
    35. 54. 143. 3. 0. 0. 2. 3. 0. 6. 143. 14. 0. 1. 3. 0. 95. 18. 0. 0.
    4. 19. 30. 50. 39. 4. 0. 2. 75. 18. 2. 17. 11. 1. 0. 1. 28. 66. 21.
    12. 17. 19. 23. 3. 6. 61. 12. 5. 30. 18. 0. 0. 12. 10. 69. 81. 22.
    2. 0. 22. 125. 10. 10. 22. 124. 4. 0. 7. 23. 29. 24. 37. 9. 2. 4. 2.
    4. 125. 71. 8. 27. 125. 8. 5. 15. 1. 2. 5. 18. 26. 12. 36. 125. 7.
    1. 1. 125. 67. 31. 9. 24. 2. 2. 5. 15. 15. 86. 55. 2. 25. 15. 2. 2.
    125. 59. 4. 1. 0. 0. 0. 1. 45. 125. 106. 24. 0. 0. 0. 8. 72. 125.
    35. 5. 0. 0. 0. 0. 9. 125. 85. 0. 0. 0. 0. 0. 0. 0. 0. 0. 9. 122.
    90. 7. 0. 0. 0. 5. 55. 122. 49. 28. 0. 0. 0. 0. 49. 122. 105. 0. 0.
    0. 0. 0. 122. 61. 2. 2. 15. 12. 2. 13. 18. 90. 70. 27. 3. 1. 2. 122.
    76. 34. 10. 122. 17. 1. 1. 14. 26. 12. 27. 14. 2. 4. 8. 20. 122. 11.
    3. 3. 122. 88. 7. 10. 2. 3. 3. 21. 27. 26. 29. 122. 8. 0. 5. 122.
    15. 7. 20. 25. 3. 0. 13. 11. 11. 63. 92. 32. 13. 0. 0. 5. 62. 18. 3.
    13. 18. 29. 4. 18. 70. 28. 12. 13. 1. 0. 1. 72. 26. 2. 10. 29. 4. 0.
    1. 4. 14. 19. 38. 103. 30. 0. 0. 32. 1. 7. 20. 60. 10. 19. 71. 42.
    16. 1. 21. 130. 31. 26. 13. 52. 17. 0. 0. 1. 132. 132. 17. 0. 0. 0.
    0. 0. 132. 118. 0. 3. 3. 61. 76. 30. 8. 5. 9. 65. 34. 8. 51. 114.
    27. 2. 5. 132. 60. 1. 3. 4. 50. 21. 17. 14. 1. 1. 9. 26. 132. 34. 3.
    13. 11. 17. 24. 27. 35. 5. 6. 66. 7. 20. 39. 68. 39. 5. 31. 132. 27.
    37. 23. 4. 4. 2. 44. 12. 5. 50. 118. 32. 21. 6. 9. 2. 16. 31. 25.
    50. 31. 3. 3. 46. 3. 13. 19. 23. 6. 5. 55. 42. 14. 32. 20. 1. 0. 22.
    47. 2. 4. 21. 30. 1. 0. 57. 74. 0. 0. 37. 62. 4. 16. 78. 48. 0. 0.
    26. 122. 2. 0. 6. 23. 1. 1. 19. 122. 12. 7. 11. 4. 24. 5. 58. 46. 6.
    12. 27. 26. 1. 1. 60. 58. 28. 16. 49. 19. 8. 4. 21. 122. 65. 6. 9.
    5. 110. 19. 14. 48. 6. 13. 47. 69. 32. 13. 2. 2. 8. 104. 97. 40. 1.
    1. 1. 87. 122. 32. 62. 18. 56. 17. 4. 84. 99. 8. 45. 55. 104. 53. 3.
    6. 13. 21. 62. 57. 33. 65. 15. 13. 18. 44. 9. 7. 3. 7. 3. 58. 122.
    16. 1. 3. 122. 43. 5. 24. 55. 9. 7. 46. 32. 23. 8. 18. 18. 11. 45.
    46. 20. 11. 3. 5. 14. 13. 21. 42. 6. 2. 14. 115. 36. 9. 4. 5. 17.
    18. 3. 20. 80. 115. 16. 6. 115. 115. 6. 3. 11. 29. 5. 7. 53. 51. 26.
    115. 17. 2. 1. 1. 12. 14. 9. 20. 34. 43. 25. 5. 14. 17. 30. 93. 57.
    75. 15. 5. 115. 70. 16. 36. 22. 17. 3. 11. 38. 34. 29. 75. 6. 0. 5.
    58. 9. 38. 59. 12. 9. 44. 35. 11. 7. 4. 36. 61. 97. 115. 16. 9. 115.
    8. 2. 8. 16. 18. 6. 75. 69. 4. 4. 24. 6. 0. 0. 107. 1. 18. 67. 26.
    31. 22. 17. 5. 33. 12. 74. 62. 33. 8. 2. 30. 112. 3. 2. 3. 3. 1. 1.
    71. 56. 0. 0. 51. 73. 1. 0. 38. 0. 0. 0. 0. 0. 0. 0. 0. 0. 0. 0. 0.
    0. 1. 20. 12. 0. 0. 0. 0. 0. 5. 35. 3. 0. 0. 0. 0. 0. 0. 0. 0. 24.
    1. 0. 0. 0. 0. 0. 20. 152. 34. 7. 5. 5. 26. 152. 152. 17. 10. 9. 42.
    90. 152. 152. 74. 0. 0. 0. 4. 7. 3. 0. 0. 22. 9. 0. 0. 0. 0. 0. 4.
    152. 152. 91. 28. 7. 8. 16. 72. 22. 77. 110. 152. 140. 47. 24. 19.
    0. 0. 0. 14. 13. 1. 0. 0. 0. 1. 0. 0. 0. 0. 0. 0. 1. 29. 6. 0. 0. 0.
    0. 0. 0. 6. 6. 2. 0. 0. 0. 0. 0. 0. 0. 0. 0. 0. 0. 0. 0. 0. 0. 0. 0.
    0. 0. 0. 0. 0. 0. 0. 0. 0. 14. 25. 0. 0. 0. 0. 0. 0. 10. 10. 0. 0.
    0. 0. 0. 0. 0. 0. 24. 3. 0. 0. 0. 0. 0. 8. 142. 49. 8. 6. 6. 17.
    120. 142. 23. 14. 12. 36. 142. 142. 142. 99. 0. 0. 0. 0. 22. 7. 0.
