<?xml version="1.0"?>
<opencv_storage>
<keypoints type_id="opencv-matrix">
  <rows>77</rows>
  <cols>7</cols>
  <dt>d</dt>
  <data>
    4.1486425399780273e+00 5.1599670410156250e+01 1.9161423444747925e+00
    2.0268037414550781e+02 2.3387486115098000e-02 4719103. -1.
    5.1367669105529785e+00 7.1381645202636719e+01 1.9319508075714111e+00
    1.9599401855468750e+02 1.8771754577755928e-02 5308927. -1.
    7.5644650459289551e+00 5.3337970733642578e+01 4.2404074668884277e+00
    1.9753385925292969e+02 3.0664617195725441e-02 11993344. -1.
    1.0082756996154785e+01 6.1404956817626953e+01 2.3283500671386719e+00
    2.4139404296875000e+00 2.0342206582427025e-02 2097919. -1.
    1.0186795234680176e+01 1.5355916976928711e+01 2.5707144737243652e+00
    3.4863955688476563e+02 5.8868210762739182e-02 9241343. -1.
    1.1663701057434082e+01 8.7753019332885742e+00 3.1536335945129395e+00
    4.9864135742187500e+01 3.1187025830149651e-02 7275519. -1.
    1.2165705680847168e+01 1.9150098800659180e+01 2.0329520702362061e+00
    3.0674020385742188e+02 5.6016139686107635e-02 8978943. -1.
    1.2832362174987793e+01 2.2660005569458008e+01 2.4531998634338379e+00
    3.0767977905273438e+02 3.7639223039150238e-02 5833471. -1.
    1.3166110038757324e+01 4.6366909027099609e+01 1.8979513645172119e+00
    1.2620910644531250e+01 1.6728146001696587e-02 3998207. -1.
    1.3370089530944824e+01 1.5794121742248535e+01 2.0917148590087891e+00
    6.9724731445312500e+00 6.9090940058231354e-02 11010559. -1.
    1.3370089530944824e+01 1.5794121742248535e+01 2.0917148590087891e+00
    1.7755937194824219e+02 6.9090940058231354e-02 11010559. -1.
    1.4937139511108398e+01 1.1157546997070313e+01 3.1056754589080811e+00
    5.1599365234375000e+01 3.7618972361087799e-02 6161407. -1.
    1.6033466339111328e+01 1.6687768936157227e+01 8.5411691665649414e+00
    1.5449639892578125e+02 4.5507311820983887e-02 12517633. -1.
    1.6033466339111328e+01 1.6687768936157227e+01 8.5411691665649414e+00
    2.5864819335937500e+02 4.5507311820983887e-02 12517633. -1.
    1.6709392547607422e+01 2.0393754959106445e+01 3.0578231811523438e+00
    2.3182635498046875e+02 5.8166861534118652e-02 5047295. -1.
    1.7204980850219727e+01 7.0514930725097656e+01 4.8348817825317383e+00
    4.0283081054687500e+01 2.8533931821584702e-02 4784640. -1.
    1.8086341857910156e+01 1.6173538208007813e+01 2.1117415428161621e+00
    1.3475494384765625e+01 6.8090289831161499e-02 11731455. -1.
    1.9140911102294922e+01 8.5348262786865234e+00 3.0337536334991455e+00
    1.2672949218750000e+02 3.1756129115819931e-02 4523007. -1.
    1.9823343276977539e+01 7.7197166442871094e+01 5.2239260673522949e+00
    4.0132171630859375e+01 6.9955609738826752e-02 10355200. -1.
    2.0144538879394531e+01 3.2889984130859375e+01 2.0105569362640381e+00
    1.9593750000000000e+01 2.3471139371395111e-02 8192511. -1.
    2.0544706344604492e+01 6.8778236389160156e+01 2.0953578948974609e+00
    3.5521585083007813e+02 1.7189664766192436e-02 11141631. -1.
    2.1997474670410156e+01 6.3977973937988281e+01 4.1232867240905762e+00
    1.7750064086914063e+02 1.8260808661580086e-02 9961728. -1.
    2.4354255676269531e+01 7.3419647216796875e+01 1.9934042692184448e+00
    2.2732695007324219e+02 8.8166013360023499e-02 7537151. -1.
    2.5525304794311523e+01 5.4773708343505859e+01 1.9259397983551025e+00
    1.7659049987792969e+02 1.3425249606370926e-02 5046783. -1.
    2.5964103698730469e+01 7.6135643005371094e+01 2.3971843719482422e+00
    2.2007727050781250e+02 4.2369045317173004e-02 4195071. -1.
    2.7483734130859375e+01 6.9895950317382813e+01 2.7185223102569580e+00
    1.2396934509277344e+02 2.4325670674443245e-02 13304575. -1.
    2.7539867401123047e+01 2.9211914062500000e+01 2.8734693527221680e+00
    5.1370513916015625e+01 2.1956255659461021e-02 590847. -1.
    2.9670186996459961e+01 7.7527641296386719e+01 2.3312425613403320e+00
    1.0490739440917969e+02 3.0574204400181770e-02 2163455. -1.
    2.9709241867065430e+01 6.4881629943847656e+01 8.3175535202026367e+00
    3.3104235839843750e+02 4.0127817541360855e-02 10617089. -1.
    3.0145835876464844e+01 6.6331329345703125e+00 1.9021167755126953e+00
    2.6131881713867188e+02 1.5217510052025318e-02 4129279. -1.
    3.3440731048583984e+01 5.7594673156738281e+01 2.1214549541473389e+00
    3.3536349487304688e+02 4.8932708799839020e-02 12059135. -1.
    3.4739051818847656e+01 4.6343177795410156e+01 2.7455520629882813e+00
    2.6208099365234375e+02 5.9616994112730026e-02 13959935. -1.
    3.5662284851074219e+01 4.2438110351562500e+01 3.0569794178009033e+00
    2.6739761352539063e+02 8.8364563882350922e-02 5047295. -1.
    3.9854484558105469e+01 7.7609977722167969e+01 4.6042098999023438e+00
    7.3564117431640625e+01 2.7526155114173889e-02 1245696. -1.
    4.2668525695800781e+01 2.2083770751953125e+01 3.0235073566436768e+00
    2.7825442504882813e+02 2.6257986202836037e-02 4260863. -1.
    4.2707321166992188e+01 7.5277999877929688e+01 3.2270278930664063e+00
    6.7207183837890625e+01 2.9258953407406807e-02 8979455. -1.
    4.2707321166992188e+01 7.5277999877929688e+01 3.2270278930664063e+00
    2.0247535705566406e+02 2.9258953407406807e-02 8979455. -1.
    4.6473255157470703e+01 7.4188583374023438e+01 2.0069198608398438e+00
    1.6616165161132813e+02 1.8289929255843163e-02 8061439. -1.
    4.6712768554687500e+01 4.1233390808105469e+01 7.9647736549377441e+00
    8.1267425537109375e+01 3.7317134439945221e-02 7471361. -1.
    4.7635307312011719e+01 7.2283813476562500e+01 4.8681502342224121e+00
    2.8025949096679688e+02 4.9825720489025116e-02 5308928. -1.
    4.7681846618652344e+01 8.3856300354003906e+01 2.9444966316223145e+00
    1.1278953552246094e+02 1.0472230613231659e-01 2360319. -1.
    4.7681846618652344e+01 8.3856300354003906e+01 2.9444966316223145e+00
    3.2651193237304688e+02 1.0472230613231659e-01 2360319. -1.
    4.9684154510498047e+01 5.6668975830078125e+01 1.7507936477661133e+01
    8.3596862792968750e+01 1.0990706831216812e-01 14287106. -1.
    5.0151332855224609e+01 5.0940574645996094e+01 1.8648273944854736e+00
    2.0032241821289063e+02 1.5353072434663773e-02 2753023. -1.
    5.0208003997802734e+01 7.1044830322265625e+01 1.9090833663940430e+00
    2.8291784667968750e+02 4.7927118837833405e-02 4391423. -1.
    5.2254211425781250e+01 6.5729377746582031e+01 6.8673181533813477e+00
    2.3463119506835938e+02 6.2201689928770065e-02 13435648. -1.
    5.2254211425781250e+01 6.5729377746582031e+01 6.8673181533813477e+00
    2.7672741699218750e+02 6.2201689928770065e-02 13435648. -1.
    5.2874057769775391e+01 2.3209955215454102e+01 1.8870285749435425e+00
    1.2074400329589844e+02 2.5988399982452393e-02 3604991. -1.
    5.3788116455078125e+01 3.0689989089965820e+01 5.4474101066589355e+00
    3.9078643798828125e+01 1.3460643589496613e-02 13435392. -1.
    5.4820583343505859e+01 8.0314155578613281e+01 2.8193752765655518e+00
    1.0181420898437500e+02 1.8900448456406593e-02 15926015. -1.
    5.4820583343505859e+01 8.0314155578613281e+01 2.8193752765655518e+00
    2.6650512695312500e+02 1.8900448456406593e-02 15926015. -1.
    5.6021446228027344e+01 3.9481384754180908e+00 2.0221910476684570e+00
    2.8965371704101563e+02 1.3654065318405628e-02 8585727. -1.
    5.6265838623046875e+01 4.1401008605957031e+01 4.1407184600830078e+00
    8.2562744140625000e+01 3.7674527615308762e-02 10289408. -1.
    5.6452964782714844e+01 7.3018507957458496e+00 2.8225371837615967e+00
    2.9193838500976563e+02 1.4052394777536392e-02 15991551. -1.
    5.8119949340820313e+01 7.0899055480957031e+01 5.1038241386413574e+00
    2.3203967285156250e+02 4.5575566589832306e-02 8716800. -1.
    5.9175720214843750e+01 3.6995250701904297e+01 2.1423957347869873e+00
    1.9963073730468750e+00 1.0935468971729279e-01 12780031. -1.
    5.9175720214843750e+01 3.6995250701904297e+01 2.1423957347869873e+00
    2.7423901367187500e+02 1.0935468971729279e-01 12780031. -1.
    6.0664752960205078e+01 8.5458839416503906e+01 2.0968983173370361e+00
