<?xml version="1.0"?>
<opencv_storage>
<keypoints type_id="opencv-matrix">
  <rows>90</rows>
  <cols>7</cols>
  <dt>d</dt>
  <data>
    4.1610975265502930e+00 7.9752227783203125e+01 2.6409664154052734e+00
    1.0992164611816406e+02 2.1122029051184654e-02 11207423. -1.
    4.1610975265502930e+00 7.9752227783203125e+01 2.6409664154052734e+00
    2.1143501281738281e+02 2.1122029051184654e-02 11207423. -1.
    7.4345498085021973e+00 1.6012496948242188e+01 2.0639653205871582e+00
    3.5781307983398438e+02 3.7781815975904465e-02 10093055. -1.
    8.3913593292236328e+00 1.9736967086791992e+01 2.4984796047210693e+00
    1.5909729003906250e+02 4.1743654757738113e-02 7144191. -1.
    8.3913593292236328e+00 1.9736967086791992e+01 2.4984796047210693e+00
    3.2806771850585938e+02 4.1743654757738113e-02 7144191. -1.
    1.0748250007629395e+01 8.1080635070800781e+01 6.4256567955017090e+00
    5.6926391601562500e+01 4.0795966982841492e-02 8651520. -1.
    1.0748250007629395e+01 8.1080635070800781e+01 6.4256567955017090e+00
    1.2887045288085938e+02 4.0795966982841492e-02 8651520. -1.
    1.1183839797973633e+01 7.3448608398437500e+01 1.9750226736068726e+00
    2.4263308715820313e+02 2.4600649252533913e-02 6881791. -1.
    1.2555767059326172e+01 6.1923645019531250e+01 2.4587161540985107e+00
    4.6939117431640625e+01 3.1881231814622879e-02 6030079. -1.
    1.2963189125061035e+01 2.3145040512084961e+01 2.7487969398498535e+00
    2.9773089599609375e+02 4.5312933623790741e-02 14091007. -1.
    1.3096192359924316e+01 7.7364945411682129e+00 2.6171064376831055e+00
    5.6136413574218750e+01 2.7962679043412209e-02 10552063. -1.
    1.3558500289916992e+01 1.5807417869567871e+01 2.2813882827758789e+00
    1.5966949462890625e+02 3.3305544406175613e-02 590591. -1.
    1.3908580780029297e+01 7.2281532287597656e+01 1.9915783405303955e+00
    7.4597167968750000e-01 3.5784829407930374e-02 7471615. -1.
    1.3908580780029297e+01 7.2281532287597656e+01 1.9915783405303955e+00
    2.4566903686523438e+02 3.5784829407930374e-02 7471615. -1.
    1.4108901023864746e+01 7.8516799926757813e+01 3.0191180706024170e+00
    3.3447811889648438e+02 2.9470684006810188e-02 4129791. -1.
    1.4369219779968262e+01 5.2061286926269531e+01 8.0584268569946289e+00
    3.4219665527343750e+02 2.8263904154300690e-02 8323329. -1.
    1.5381081581115723e+01 9.8364391326904297e+00 2.0905845165252686e+00
    5.3891387939453125e+01 2.9673036187887192e-02 11010559. -1.
    1.7046787261962891e+01 2.1163291931152344e+01 1.8182909488677979e+00
    2.3578280639648438e+02 5.3596653044223785e-02 918015. -1.
    1.7530191421508789e+01 7.0307296752929688e+01 2.1126754283905029e+00
    1.9078634643554688e+02 3.7616409361362457e-02 11731455. -1.
    1.8011732101440430e+01 8.5104515075683594e+01 1.9576557874679565e+00
    6.9729095458984375e+01 3.9495572447776794e-02 6226431. -1.
    1.9185060501098633e+01 2.3424755096435547e+01 2.6060845851898193e+00
    2.3229171752929688e+02 5.6577637791633606e-02 10224383. -1.
    1.9989118576049805e+01 8.6280241012573242e+00 3.1592411994934082e+00
    1.2015591430664063e+02 2.9212573543190956e-02 7406591. -1.
    2.0215208053588867e+01 7.2617111206054688e+01 2.7804212570190430e+00
    1.8617906188964844e+02 3.7176765501499176e-02 14877439. -1.
    2.1535856246948242e+01 2.5050987243652344e+01 1.8998222351074219e+00
    3.9782836914062500e+01 2.5649730116128922e-02 4063743. -1.
    2.1619934082031250e+01 5.7960861206054688e+01 4.3457994461059570e+00
    2.0957189941406250e+02 4.3371781706809998e-02 13762816. -1.
    2.2086853027343750e+01 6.5983085632324219e+01 2.2855648994445801e+00
    2.0720904541015625e+02 3.1574644148349762e-02 721663. -1.
    2.2501785278320313e+01 4.4012405395507813e+01 5.3398184776306152e+00
    1.2739051818847656e+02 4.8062730580568314e-02 11993600. -1.
    2.4431720733642578e+01 9.6647977828979492e+00 8.0216970443725586e+00
    4.1526000976562500e+01 2.6730163022875786e-02 7995649. -1.
    2.7510547637939453e+01 6.7748367309570313e+01 1.0161654472351074e+01
    3.2662500000000000e+02 5.1428835839033127e-02 8389121. -1.
    2.7791194915771484e+01 5.6996711730957031e+01 3.7838447093963623e+00
    3.4509204101562500e+02 3.3165678381919861e-02 3735808. -1.
    2.7971395492553711e+01 8.0599136352539063e+01 4.4748682975769043e+00
    3.7804504394531250e+01 5.3272806107997894e-02 15925504. -1.
    2.9898397445678711e+01 3.6940849304199219e+01 1.8221008777618408e+00
    2.9530197143554688e+02 2.0011320710182190e-02 1049087. -1.
    3.1618167877197266e+01 7.2766510009765625e+01 2.2652833461761475e+00
    2.4708526611328125e+01 2.3398721590638161e-02 66303. -1.
    3.2383472442626953e+01 5.8587436676025391e+01 2.5426716804504395e+00
    3.2409494018554688e+02 4.0637195110321045e-02 8454911. -1.
    3.2563850402832031e+01 7.8072853088378906e+01 2.6408481597900391e+00
    1.4688905334472656e+02 3.8274321705102921e-02 11207423. -1.
    3.2567592620849609e+01 5.5165359497070313e+01 1.9258221387863159e+00
    3.0692846679687500e+02 3.4229688346385956e-02 5046783. -1.
    3.3508071899414063e+01 3.8125835418701172e+01 2.1801154613494873e+00
    2.7168386840820313e+02 6.3523955643177032e-02 14025215. -1.
    3.4109973907470703e+01 3.5438274383544922e+01 1.8990325927734375e+00
    2.7150457763671875e+02 7.7126279473304749e-02 4063743. -1.
    3.6695301055908203e+01 7.8346733093261719e+01 2.9106917381286621e+00
    1.9392364501953125e+01 5.3415901958942413e-02 1508351. -1.
    3.7527355194091797e+01 1.6758918762207031e+01 1.3276384353637695e+01
    4.2449829101562500e+01 4.4801522046327591e-02 11010817. -1.
    3.8141975402832031e+01 2.9515163421630859e+01 2.9605891704559326e+00
    3.1789660644531250e+02 2.1248908713459969e-02 2753535. -1.
    3.8290054321289063e+01 3.9831382751464844e+01 3.0065138339996338e+00
    3.5224853515625000e+01 6.0364525765180588e-02 3867647. -1.
    3.8290054321289063e+01 3.9831382751464844e+01 3.0065138339996338e+00
    9.2610961914062500e+01 6.0364525765180588e-02 3867647. -1.
    3.8642040252685547e+01 6.8022933959960938e+01 2.4132010936737061e+00
    3.0151947021484375e+02 4.7939579933881760e-02 4653823. -1.
    3.9751773834228516e+01 8.1633666992187500e+01 2.3563311100006104e+00
    4.5406738281250000e+01 4.1805639863014221e-02 2949887. -1.
    4.0168079376220703e+01 4.3106979370117188e+01 2.0025193691253662e+00
    4.8182128906250000e+01 2.4920059368014336e-02 7864831. -1.
    4.1391170501708984e+01 3.3722675323486328e+01 2.3473927974700928e+00
    3.5475341796875000e+02 3.1706795096397400e-02 2687743. -1.
    4.2829757690429688e+01 7.2019281387329102e+00 3.8710861206054688e+00
    8.1199005126953125e+01 3.6324918270111084e-02 5439744. -1.
    4.4195564270019531e+01 7.7907814025878906e+01 4.8381257057189941e+00
    6.1381378173828125e+01 2.7656188234686852e-02 4850176. -1.
    4.4837474822998047e+01 5.2718566894531250e+01 1.7003160476684570e+01
    1.6026345825195313e+02 5.3342711180448532e-02 12189954. -1.
    4.4837474822998047e+01 5.2718566894531250e+01 1.7003160476684570e+01
    3.3156796264648438e+02 5.3342711180448532e-02 12189954. -1.
    4.4964363098144531e+01 3.6330562591552734e+01 2.0002048015594482e+00
    1.5024124145507813e+02 4.4393811374902725e-02 7799295. -1.
    4.6473865509033203e+01 2.7776592254638672e+01 3.3508369922637939e+00
    1.0073815917968750e+02 4.1794370859861374e-02 11666431. -1.
    4.6779384613037109e+01 2.2776247024536133e+01 3.1454260349273682e+00
    1.0137866210937500e+02 5.3353250026702881e-02 7144447. -1.
    4.7931079864501953e+01 3.4909221649169922e+01 2.7881262302398682e+00
    1.4905645751953125e+02 6.0397610068321228e-02 15074047. -1.
    4.8118209838867188e+01 1.6088964462280273e+01 5.6654849052429199e+00
    1.0334744262695313e+02 1.7450701445341110e-02 16253440. -1.
    5.0788841247558594e+01 2.7738191604614258e+01 2.5707304477691650e+00
    1.0227624511718750e+02 4.4062767177820206e-02 9241343. -1.
    5.1488430023193359e+01 3.1116611480712891e+01 1.8558641672134399e+00
