<?xml version="1.0"?>
<opencv_storage>
<keypoints type_id="opencv-matrix">
  <rows>69</rows>
  <cols>7</cols>
  <dt>d</dt>
  <data>
    9.4928035736083984e+00 1.9035566329956055e+01 2.1429097652435303e+00
    2.7805230712890625e+02 4.1458949446678162e-02 12780031. -1.
    1.0291583061218262e+01 1.5452672004699707e+01 2.9055404663085938e+00
    6.5359802246093750e+01 6.9238230586051941e-02 1377279. -1.
    1.0291583061218262e+01 1.5452672004699707e+01 2.9055404663085938e+00
    2.8265863037109375e+02 6.9238230586051941e-02 1377279. -1.
    1.0381629943847656e+01 9.5447063446044922e+00 4.0704903602600098e+00
    3.1517211914062500e+01 3.4104041755199432e-02 9044224. -1.
    1.0381629943847656e+01 9.5447063446044922e+00 4.0704903602600098e+00
    6.2136383056640625e+01 3.4104041755199432e-02 9044224. -1.
    1.2026756286621094e+01 8.1826162338256836e+00 2.5997245311737061e+00
    2.5503234863281250e+01 3.4225486218929291e-02 10027775. -1.
    1.2934905052185059e+01 2.2690006256103516e+01 2.4150006771087646e+00
    1.9106689453125000e+01 4.9394879490137100e-02 4719359. -1.
    1.3596237182617188e+01 8.1646682739257813e+01 1.8195708990097046e+00
    2.0559075927734375e+02 5.1690615713596344e-02 918015. -1.
    1.5626393318176270e+01 2.4479440689086914e+01 2.0900261402130127e+00
    2.6416748046875000e+01 7.3644906282424927e-02 10945023. -1.
    1.5629460334777832e+01 1.0568040847778320e+01 3.0648739337921143e+00
    2.2081146240234375e+01 6.1854042112827301e-02 5243903. -1.
    1.5629460334777832e+01 1.0568040847778320e+01 3.0648739337921143e+00
    1.6050045776367188e+02 6.1854042112827301e-02 5243903. -1.
    1.5762493133544922e+01 1.3018652915954590e+01 1.8195787668228149e+00
    1.8764001464843750e+02 5.9073954820632935e-02 918015. -1.
    1.5762493133544922e+01 1.3018652915954590e+01 1.8195787668228149e+00
    3.3097875976562500e+02 5.9073954820632935e-02 918015. -1.
    1.6881954193115234e+01 2.8320123672485352e+01 2.6582198143005371e+00
    2.0299011230468750e+01 2.4324553087353706e-02 11666175. -1.
    1.8144506454467773e+01 7.6415603637695313e+01 2.5112900733947754e+00
    1.9157563781738281e+02 7.6725162565708160e-02 7537407. -1.
    1.9522359848022461e+01 8.5162906646728516e+00 2.8047530651092529e+00
    1.6195761108398438e+02 3.5635553300380707e-02 15532799. -1.
    2.0005319595336914e+01 5.0460548400878906e+01 2.5304410457611084e+00
    1.9218414306640625e+01 3.0944146215915680e-02 8061695. -1.
    2.0412895202636719e+01 4.7787456512451172e+01 2.4562842845916748e+00
    2.7849792480468750e+01 3.0903980135917664e-02 5964543. -1.
    2.0757577896118164e+01 1.5417292594909668e+01 2.7010648250579834e+00
    1.2137437438964844e+02 6.3505992293357849e-02 12780287. -1.
    2.3452383041381836e+01 4.9851802825927734e+01 2.5002562999725342e+00
    1.5584289550781250e+01 5.0015360116958618e-02 7209727. -1.
    2.3857740402221680e+01 3.3523738861083984e+01 2.4252052307128906e+00
    2.1820359802246094e+02 1.4925379306077957e-02 5047039. -1.
    2.3939456939697266e+01 7.4595718383789063e+01 5.1066756248474121e+00
    2.0624807739257813e+02 4.6092569828033447e-02 8716800. -1.
    2.4889694213867188e+01 1.9843116760253906e+01 3.6933619976043701e+00
    2.2966246032714844e+02 1.9390974193811417e-02 2031872. -1.
    2.5844360351562500e+01 4.1462516784667969e+01 1.1287462234497070e+01
    5.9406524658203125e+01 3.4733947366476059e-02 15991297. -1.
    2.8615182876586914e+01 4.1736473083496094e+01 2.1878936290740967e+00
    8.9144592285156250e+00 2.0217468962073326e-02 14287359. -1.
    2.8615182876586914e+01 4.1736473083496094e+01 2.1878936290740967e+00
    2.3892559814453125e+02 2.0217468962073326e-02 14287359. -1.
    3.3462829589843750e+01 2.0084974288940430e+01 5.2546253204345703e+00
    2.9352081298828125e+01 2.0321318879723549e-02 10813952. -1.
    3.3462829589843750e+01 2.0084974288940430e+01 5.2546253204345703e+00
    1.9743927001953125e+02 2.0321318879723549e-02 10813952. -1.
    3.6976444244384766e+01 3.4340339660644531e+01 3.0119388103485107e+00
    3.5294894409179688e+02 3.2760798931121826e-02 3998719. -1.
    3.9163188934326172e+01 4.2828330993652344e+01 3.9432361125946045e+00
    8.1349670410156250e+01 4.6640310436487198e-02 6750464. -1.
    4.0463474273681641e+01 4.7453029632568359e+01 3.0634584426879883e+00
    8.7827911376953125e+01 5.9905547648668289e-02 5178367. -1.
    4.1151065826416016e+01 3.0369895935058594e+01 3.8454349040985107e+00
    4.2156982421875000e-01 6.8231321871280670e-02 4915456. -1.
    4.1151065826416016e+01 3.0369895935058594e+01 3.8454349040985107e+00
    9.2606079101562500e+01 6.8231321871280670e-02 4915456. -1.
    4.1453567504882813e+01 8.2538536071777344e+01 1.8212912082672119e+00
    7.3996398925781250e+01 6.5740093588829041e-02 983551. -1.
    4.1453567504882813e+01 8.2538536071777344e+01 1.8212912082672119e+00
    1.2089353942871094e+02 6.5740093588829041e-02 983551. -1.
    4.1605194091796875e+01 2.4248552322387695e+01 4.4844098091125488e+00
    9.2185180664062500e+01 4.3169558048248291e-02 16056576. -1.
    4.2449356079101563e+01 4.0121124267578125e+01 2.3776137828826904e+00
    1.8197219848632813e+02 6.7818723618984222e-02 3605247. -1.
    4.2449356079101563e+01 4.0121124267578125e+01 2.3776137828826904e+00
    2.9265084838867188e+02 6.7818723618984222e-02 3605247. -1.
    4.2945449829101563e+01 7.9286849975585938e+01 4.8384485244750977e+00
    2.7701348876953125e+02 5.6457150727510452e-02 4850176. -1.
    4.5239917755126953e+01 8.4579528808593750e+01 2.9483177661895752e+00
    8.9222167968750000e+01 8.9096195995807648e-02 2425855. -1.
    4.6391620635986328e+01 7.2222297668457031e+01 6.0728111267089844e+00
    2.4317539978027344e+02 5.5614411830902100e-02 4588288. -1.
    4.6668384552001953e+01 2.3921266555786133e+01 2.8422565460205078e+00
    3.5884951782226563e+02 2.2571448236703873e-02 16515839. -1.
    4.7365825653076172e+01 8.9563379287719727e+00 5.0987420082092285e+00
    7.1691833496093750e+01 1.6779553145170212e-02 8651264. -1.
    4.8348804473876953e+01 9.9330530166625977e+00 2.6612851619720459e+00
    7.6590209960937500e+01 1.9415680319070816e-02 11731711. -1.
    4.9007701873779297e+01 4.8721817016601563e+01 1.8760076761245728e+00
    1.0660409545898438e+02 8.0873765051364899e-02 3146239. -1.
    4.9007701873779297e+01 4.8721817016601563e+01 1.8760076761245728e+00
    1.3581372070312500e+02 8.0873765051364899e-02 3146239. -1.
    4.9459194183349609e+01 4.5939018249511719e+01 1.9867305755615234e+00
    1.0652984619140625e+02 6.2393825501203537e-02 7275007. -1.
    5.3897216796875000e+01 4.6615047454833984e+01 6.7379007339477539e+00
    9.7722808837890625e+01 3.5478945821523666e-02 12059392. -1.
    5.4499462127685547e+01 4.3104915618896484e+01 1.8546928167343140e+00
    1.9675286865234375e+02 1.6779812052845955e-02 2359807. -1.
    5.6859268188476563e+01 9.7160015106201172e+00 3.3095779418945313e+00
    1.1893301391601563e+02 1.7125319689512253e-02 10814463. -1.
    5.6859268188476563e+01 9.7160015106201172e+00 3.3095779418945313e+00
    2.9890493774414063e+02 1.7125319689512253e-02 10814463. -1.
    5.7493373870849609e+01 4.5028079986572266e+01 2.9195413589477539e+00
    3.4152114868164063e+02 5.5061854422092438e-02 1704959. -1.
    5.7536594390869141e+01 2.1475938796997070e+01 2.3893983364105225e+00
    1.5310392761230469e+02 2.1781636402010918e-02 3932927. -1.
    5.8578800201416016e+01 6.7989036560058594e+01 1.8746715784072876e+00
    2.1850624084472656e+02 7.0788636803627014e-02 3080703. -1.
    6.0404819488525391e+01 1.8539234161376953e+01 2.9560973644256592e+00
    1.5392648315429688e+02 1.3882040977478027e-02 2622463. -1.
    6.1644496917724609e+01 6.9696861267089844e+01 2.3874094486236572e+00
    3.1536569213867188e+02 3.7802390754222870e-02 3867391. -1.
    6.3456829071044922e+01 1.5535448074340820e+01 2.3299157619476318e+00
    2.4243743896484375e+02 1.4017445035278797e-02 2097919. -1.
    6.4843132019042969e+01 3.7924083709716797e+01 4.3561067581176758e+00
