<?xml version="1.0"?>
<opencv_storage>
<keypoints type_id="opencv-matrix">
  <rows>6</rows>
  <cols>7</cols>
  <dt>d</dt>
  <data>
    1.7668344497680664e+01 2.4991897583007813e+01 2.4349129199981689e+00
    1.8621728515625000e+02 5.5430803447961807e-02 5309183. -1.
    1.8166425704956055e+01 3.4098041534423828e+01 5.9746003150939941e+00
    3.1455566406250000e+02 7.1868389844894409e-02 3408640. -1.
    2.3204853057861328e+01 2.4288000106811523e+01 1.8687513351440430e+01
    5.1707366943359375e+01 7.2675853967666626e-02 2294274. -1.
    2.3204853057861328e+01 2.4288000106811523e+01 1.8687513351440430e+01
    1.1784527587890625e+02 7.2675853967666626e-02 2294274. -1.
    2.3204853057861328e+01 2.4288000106811523e+01 1.8687513351440430e+01
    3.3197433471679688e+02 7.2675853967666626e-02 2294274. -1.
    3.4826751708984375e+01 2.5912410736083984e+01 6.0940918922424316e+00
    1.8943112182617188e+02 6.8884745240211487e-02 4784896. -1.</data></keypoints>
<descriptors type_id="opencv-matrix">
  <rows>6</rows>
  <cols>128</cols>
  <dt>f</dt>
  <data>
    8. 70. 49. 27. 5. 3. 0. 0. 76. 119. 7. 2. 7. 2. 0. 0. 11. 12. 1. 14.
    119. 35. 1. 1. 2. 0. 0. 3. 64. 87. 18. 8. 41. 19. 34. 10. 0. 0. 0.
    5. 119. 66. 6. 15. 4. 0. 0. 12. 42. 13. 5. 114. 109. 0. 0. 13. 31.
    0. 0. 13. 82. 33. 9. 57. 57. 2. 0. 0. 0. 6. 4. 24. 119. 31. 31. 35.
    1. 0. 2. 36. 24. 5. 16. 95. 18. 0. 3. 119. 26. 0. 0. 23. 110. 9. 5.
    95. 15. 2. 0. 0. 0. 31. 112. 27. 17. 11. 8. 3. 0. 0. 77. 117. 1. 0.
    3. 18. 7. 0. 28. 119. 1. 0. 0. 114. 108. 1. 3. 24. 6. 0. 0. 0. 0. 0.
    0. 6. 57. 0. 0. 0. 0. 0. 6. 130. 21. 3. 9. 5. 1. 2. 96. 130. 1. 14.
    18. 3. 6. 88. 122. 14. 38. 1. 0. 0. 0. 0. 0. 7. 130. 12. 0. 0. 4. 1.
    1. 123. 58. 8. 17. 46. 74. 15. 8. 70. 24. 60. 41. 22. 20. 18. 11.
    18. 28. 11. 0. 0. 0. 0. 0. 0. 130. 130. 4. 0. 3. 0. 0. 7. 42. 108.
    47. 7. 48. 37. 24. 6. 12. 7. 50. 33. 9. 13. 51. 51. 2. 4. 0. 0. 0.
    0. 0. 0. 16. 120. 13. 0. 0. 0. 0. 0. 3. 130. 130. 3. 0. 0. 1. 0. 0.
    7. 130. 65. 0. 0. 1. 1. 0. 0. 0. 0. 0. 0. 0. 0. 0. 0. 0. 0. 0. 0.
    16. 16. 0. 0. 0. 0. 0. 0. 9. 9. 0. 0. 0. 0. 0. 0. 0. 0. 31. 2. 0. 0.
    0. 0. 0. 4. 147. 45. 9. 5. 8. 19. 147. 147. 18. 12. 12. 18. 135.
    116. 147. 113. 0. 0. 0. 0. 11. 4. 0. 0. 41. 4. 0. 0. 0. 0. 0. 2.
    147. 147. 147. 15. 9. 8. 16. 69. 20. 91. 147. 58. 124. 60. 19. 19.
    0. 0. 0. 0. 8. 4. 0. 0. 0. 0. 0. 0. 0. 0. 0. 0. 0. 9. 23. 0. 0. 0.
    0. 0. 0. 7. 21. 0. 0. 0. 0. 0. 0. 0. 0. 0. 0. 0. 0. 0. 0. 0. 0. 0.
    0. 0. 0. 0. 0. 0. 0. 0. 0. 2. 6. 0. 0. 0. 0. 0. 0. 4. 12. 0. 0. 0.
    0. 0. 0. 0. 0. 0. 28. 2. 0. 0. 0. 0. 0. 2. 156. 68. 15. 12. 8. 31.
    110. 116. 26. 18. 19. 112. 81. 91. 156. 42. 0. 0. 0. 9. 3. 0. 0. 0.
    21. 4. 0. 0. 0. 0. 0. 1. 156. 156. 156. 41. 7. 5. 9. 31. 21. 100.
    156. 156. 104. 19. 14. 11. 0. 0. 0. 24. 8. 0. 0. 0. 0. 0. 0. 0. 0.
    0. 0. 0. 0. 23. 28. 0. 0. 0. 0. 0. 0. 11. 18. 3. 0. 0. 0. 0. 0. 0.
    0. 0. 0. 0. 0. 0. 0. 0. 0. 0. 0. 0. 0. 0. 0. 0. 0. 0. 0. 1. 38. 12.
    0. 0. 0. 0. 0. 4. 21. 5. 0. 0. 0. 0. 0. 0. 0. 0. 22. 1. 0. 0. 0. 0.
    0. 5. 154. 19. 7. 9. 14. 66. 154. 154. 12. 5. 7. 24. 132. 154. 154.
    57. 0. 0. 0. 0. 8. 21. 0. 0. 30. 2. 0. 0. 0. 0. 0. 3. 154. 70. 86.
    74. 16. 19. 22. 71. 17. 20. 112. 154. 117. 120. 19. 13. 0. 0. 0. 0.
    3. 8. 0. 0. 0. 0. 0. 0. 0. 0. 0. 0. 0. 0. 4. 5. 0. 0. 0. 0. 0. 0. 7.
    8. 0. 0. 0. 0. 0. 0. 0. 0. 0. 0. 0. 0. 5. 0. 0. 0. 0. 0. 0. 4. 45.
    0. 0. 0. 0. 0. 7. 129. 15. 2. 6. 4. 1. 1. 107. 129. 1. 13. 10. 2. 4.
    88. 129. 16. 31. 1. 0. 0. 0. 0. 0. 6. 129. 12. 0. 1. 3. 0. 1. 129.
    58. 10. 18. 50. 63. 12. 8. 86. 28. 70. 34. 20. 17. 24. 12. 15. 25.
    9. 0. 0. 0. 0. 0. 0. 129. 129. 4. 1. 3. 0. 0. 6. 43. 118. 44. 8. 45.
    32. 23. 7. 18. 16. 47. 27. 9. 13. 50. 59. 2. 3. 0. 0. 0. 0. 0. 0.
    16. 107. 12. 0. 0. 0. 0. 0. 3. 129. 129. 1. 0. 0. 1. 1. 1. 16. 129.
    51. 0. 0. 2. 3.</data></descriptors>
</opencv_storage>
