<?xml version="1.0"?>
<opencv_storage>
<keypoints type_id="opencv-matrix">
  <rows>43</rows>
  <cols>7</cols>
  <dt>d</dt>
  <data>
    1.5844629287719727e+01 5.0677154541015625e+01 2.5659341812133789e+00
    2.7358361816406250e+02 8.2360282540321350e-02 9110271. -1.
    1.5844629287719727e+01 5.0677154541015625e+01 2.5659341812133789e+00
    3.5529141235351563e+02 8.2360282540321350e-02 9110271. -1.
    2.0126068115234375e+01 4.6198780059814453e+01 8.9531221389770508e+00
    2.7223205566406250e+02 5.2129317075014114e-02 15925505. -1.
    2.0126068115234375e+01 4.6198780059814453e+01 8.9531221389770508e+00
    3.5501336669921875e+02 5.2129317075014114e-02 15925505. -1.
    2.0565429687500000e+01 1.7734704971313477e+01 2.7048184871673584e+00
    4.4652709960937500e+00 5.8190401643514633e-02 12911359. -1.
    2.0565429687500000e+01 1.7734704971313477e+01 2.7048184871673584e+00
    1.0717485046386719e+02 5.8190401643514633e-02 12911359. -1.
    2.2305349349975586e+01 4.5242847442626953e+01 4.2193126678466797e+00
    2.7243099975585938e+02 5.2590191364288330e-02 11665664. -1.
    2.2305349349975586e+01 4.5242847442626953e+01 4.2193126678466797e+00
    3.5748931884765625e+02 5.2590191364288330e-02 11665664. -1.
    2.2795909881591797e+01 2.1855558395385742e+01 1.9277008771896362e+00
    5.8568176269531250e+01 8.4242306649684906e-02 5112319. -1.
    2.2795909881591797e+01 2.1855558395385742e+01 1.9277008771896362e+00
    1.1588723754882813e+02 8.4242306649684906e-02 5112319. -1.
    2.2795909881591797e+01 2.1855558395385742e+01 1.9277008771896362e+00
    3.0800512695312500e+02 8.4242306649684906e-02 5112319. -1.
    2.5098056793212891e+01 4.1232181549072266e+01 2.3087208271026611e+00
    1.4306838989257813e+02 7.0378206670284271e-02 1442559. -1.
    2.5098056793212891e+01 4.1232181549072266e+01 2.3087208271026611e+00
    3.0104489135742188e+02 7.0378206670284271e-02 1442559. -1.
    2.5551275253295898e+01 1.3102030754089355e+01 2.6299896240234375e+00
    6.2945556640625000e+01 6.8485595285892487e-02 10879743. -1.
    2.5743854522705078e+01 1.9053539276123047e+01 2.6070742607116699e+00
    9.1124938964843750e+01 4.5669194310903549e-02 10224383. -1.
    2.5920825958251953e+01 4.6560180664062500e+01 2.5671625137329102e+00
    1.3965773010253906e+02 5.0580937415361404e-02 9110271. -1.
    2.6050130844116211e+01 2.4974639892578125e+01 2.9716906547546387e+00
    2.6929574584960938e+02 3.5777539014816284e-02 3015679. -1.
    2.6509136199951172e+01 4.6862705230712891e+01 2.2580728530883789e+00
    2.6815844726562500e+02 5.1064051687717438e-02 16581119. -1.
    2.9131771087646484e+01 4.0915019989013672e+01 2.2870340347290039e+00
    2.3440992736816406e+02 4.7248277813196182e-02 787199. -1.
    2.9131771087646484e+01 4.0915019989013672e+01 2.2870340347290039e+00
    3.0003588867187500e+02 4.7248277813196182e-02 787199. -1.
    2.9176427841186523e+01 4.4408332824707031e+01 2.7231049537658691e+00
    4.2896392822265625e+01 5.9100620448589325e-02 13370111. -1.
    2.9176427841186523e+01 4.4408332824707031e+01 2.7231049537658691e+00
    1.3770867919921875e+02 5.9100620448589325e-02 13370111. -1.
    2.9886175155639648e+01 1.1827636718750000e+01 4.2048940658569336e+00
    6.7949768066406250e+01 7.7371604740619659e-02 11403520. -1.
    2.9886175155639648e+01 1.1827636718750000e+01 4.2048940658569336e+00
    1.1638323974609375e+02 7.7371604740619659e-02 11403520. -1.
    3.1630075454711914e+01 4.6961826324462891e+01 2.1568126678466797e+00
    2.7176110839843750e+02 5.1677476614713669e-02 13238783. -1.
    3.2166183471679688e+01 4.6655281066894531e+01 2.4685056209564209e+00
    4.0662872314453125e+01 5.0657998770475388e-02 6292223. -1.
    3.3915111541748047e+01 2.5168342590332031e+01 2.9711990356445313e+00
    8.9183990478515625e+01 3.6550741642713547e-02 3015679. -1.
    3.4385120391845703e+01 1.3099268913269043e+01 2.5819272994995117e+00
    1.1677308654785156e+02 7.2296187281608582e-02 9569023. -1.
    3.6780757904052734e+01 3.7361091613769531e+01 2.2636821269989014e+00
    3.6421630859375000e+01 6.9483943283557892e-02 767. -1.
    3.6780757904052734e+01 3.7361091613769531e+01 2.2636821269989014e+00
    2.3291708374023438e+02 6.9483943283557892e-02 767. -1.
    3.7108509063720703e+01 2.8298076629638672e+01 1.9696384668350220e+00
    8.9910827636718750e+01 8.4365315735340118e-02 6685183. -1.
    3.7108509063720703e+01 2.8298076629638672e+01 1.9696384668350220e+00
    1.2014006042480469e+02 8.4365315735340118e-02 6685183. -1.
    3.7457172393798828e+01 4.4626468658447266e+01 5.3507685661315918e+00
    2.6720193481445313e+02 5.6958433240652084e-02 12124672. -1.
    3.8597911834716797e+01 4.6244274139404297e+01 8.2419252395629883e+00
    1.8479223632812500e+02 5.7846285402774811e-02 9961729. -1.
    3.8597911834716797e+01 4.6244274139404297e+01 8.2419252395629883e+00
    2.6660919189453125e+02 5.7846285402774811e-02 9961729. -1.
    3.8730304718017578e+01 3.2829216003417969e+01 3.4870812892913818e+00
    1.8091148376464844e+02 3.8969285786151886e-02 14550015. -1.
    3.9093193054199219e+01 4.0553508758544922e+01 3.1249086856842041e+00
    1.7793241882324219e+02 4.9014531075954437e-02 6620159. -1.
    3.9444515228271484e+01 1.7257741928100586e+01 2.4634425640106201e+00
    7.1302246093750000e+01 5.8778498321771622e-02 6161151. -1.
    3.9444515228271484e+01 1.7257741928100586e+01 2.4634425640106201e+00
    1.7589553833007813e+02 5.8778498321771622e-02 6161151. -1.
    4.3985988616943359e+01 5.0769836425781250e+01 2.4367799758911133e+00
    1.8544097900390625e+02 8.5061393678188324e-02 5374719. -1.
    4.3985988616943359e+01 5.0769836425781250e+01 2.4367799758911133e+00
    2.6507476806640625e+02 8.5061393678188324e-02 5374719. -1.
    4.4414402008056641e+01 3.8376068115234375e+01 1.8303159475326538e+00
    1.8692680358886719e+02 9.2501938343048096e-02 1376767. -1.
    4.4428359985351563e+01 4.3446998596191406e+01 1.9052990674972534e+00
    1.7460534667968750e+02 8.7138757109642029e-02 4260351. -1.</data></keypoints>
