<?xml version="1.0"?>
<opencv_storage>
<keypoints type_id="opencv-matrix">
  <rows>10</rows>
  <cols>7</cols>
  <dt>d</dt>
  <data>
    1.2948145866394043e+01 2.7350639343261719e+01 2.3695230484008789e+00
    8.2043457031250000e+00 4.6283509582281113e-02 3343103. -1.
    1.3626084327697754e+01 2.0560878753662109e+01 2.0664839744567871e+00
    3.5839364624023438e+02 4.4831618666648865e-02 10158591. -1.
    2.0373981475830078e+01 2.1070350646972656e+01 1.8874267339706421e+00
    6.5811767578125000e+00 5.0585098564624786e-02 3604991. -1.
    2.5102977752685547e+01 1.4315813064575195e+01 2.3483583927154541e+00
    8.9890747070312500e+01 9.9091641604900360e-02 2687743. -1.
    2.5179998397827148e+01 1.7821674346923828e+01 2.5780608654022217e+00
    8.9655426025390625e+01 6.1145957559347153e-02 9437951. -1.
    2.5189878463745117e+01 3.8804580688476563e+01 4.1959176063537598e+00
    2.6949642944335938e+02 6.3655123114585876e-02 11272448. -1.
    2.5277059555053711e+01 2.7244260787963867e+01 1.1806417465209961e+01
    9.9978027343750000e+00 7.9475723206996918e-02 2491137. -1.
    2.5277059555053711e+01 2.7244260787963867e+01 1.1806417465209961e+01
    1.6797698974609375e+02 7.9475723206996918e-02 2491137. -1.
    2.5277059555053711e+01 2.7244260787963867e+01 1.1806417465209961e+01
    2.6905566406250000e+02 7.9475723206996918e-02 2491137. -1.
    3.8909454345703125e+01 2.5336463928222656e+01 4.0691246986389160e+00
    1.6804162597656250e+02 5.3424570709466934e-02 9044224. -1.</data></keypoints>
<descriptors type_id="opencv-matrix">
  <rows>10</rows>
  <cols>128</cols>
  <dt>f</dt>
  <data>
    0. 0. 0. 66. 33. 1. 0. 0. 101. 35. 12. 76. 16. 1. 0. 0. 151. 42. 1.
    0. 40. 4. 0. 0. 151. 25. 0. 0. 29. 3. 1. 9. 0. 0. 0. 18. 55. 74. 4.
    0. 126. 11. 1. 13. 19. 78. 25. 15. 151. 29. 0. 0. 47. 8. 3. 12. 151.
    21. 0. 0. 43. 7. 0. 2. 0. 0. 0. 0. 1. 42. 6. 0. 45. 0. 0. 0. 0. 80.
    54. 32. 151. 10. 1. 5. 29. 4. 12. 46. 151. 4. 0. 4. 32. 2. 0. 6. 0.
    0. 0. 0. 0. 1. 0. 0. 28. 2. 0. 0. 0. 3. 5. 8. 119. 15. 7. 10. 11. 0.
    1. 14. 151. 46. 19. 10. 12. 0. 0. 3. 0. 0. 0. 0. 0. 0. 0. 0. 6. 4.
    4. 5. 0. 0. 0. 2. 40. 6. 2. 1. 9. 25. 27. 46. 23. 1. 2. 6. 26. 54.
    22. 51. 0. 0. 1. 30. 0. 0. 0. 0. 34. 21. 29. 98. 0. 0. 0. 1. 148.
    36. 12. 10. 47. 12. 6. 30. 88. 0. 0. 7. 94. 31. 13. 49. 0. 0. 3.
    122. 16. 1. 0. 0. 105. 11. 19. 119. 2. 0. 0. 7. 148. 9. 3. 12. 71.
    1. 0. 41. 148. 2. 0. 17. 107. 1. 2. 34. 0. 0. 0. 27. 44. 65. 0. 0.
    123. 1. 1. 12. 7. 32. 3. 20. 148. 0. 0. 9. 83. 1. 0. 44. 148. 1. 0.
    12. 91. 1. 0. 24. 19. 1. 0. 1. 18. 65. 26. 29. 67. 8. 8. 3. 12. 25.
    15. 75. 109. 15. 14. 6. 14. 17. 46. 67. 30. 1. 0. 0. 16. 32. 131.
    55. 97. 15. 0. 0. 91. 30. 4. 8. 133. 5. 0. 1. 33. 22. 49. 58. 89. 1.
    0. 0. 2. 13. 105. 133. 38. 3. 1. 1. 12. 13. 5. 24. 133. 14. 0. 0.
    115. 8. 0. 1. 133. 28. 0. 0. 53. 2. 5. 15. 87. 5. 0. 1. 4. 1. 26.
    26. 1. 0. 0. 1. 2. 1. 2. 3. 133. 8. 0. 0. 96. 10. 0. 0. 133. 25. 0.
    0. 58. 4. 0. 0. 94. 8. 0. 0. 6. 0. 0. 0. 0. 0. 0. 0. 2. 0. 0. 0. 10.
    1. 1. 1. 1. 1. 7. 27. 5. 1. 5. 10. 4. 7. 108. 74. 36. 12. 6. 4. 2.
    11. 75. 82. 59. 7. 6. 0. 0. 0. 56. 90. 112. 8. 3. 6. 7. 1. 2. 49.
    68. 15. 34. 90. 69. 17. 28. 71. 112. 43. 34. 24. 7. 12. 50. 96. 52.
    12. 5. 0. 0. 0. 48. 112. 112. 48. 2. 1. 6. 5. 3. 13. 62. 70. 31. 15.
    65. 88. 33. 15. 112. 97. 52. 11. 6. 24. 31. 40. 53. 112. 47. 0. 0.
    0. 4. 8. 8. 29. 6. 0. 0. 0. 0. 1. 3. 64. 103. 7. 3. 7. 4. 2. 24. 78.
    78. 10. 1. 4. 5. 14. 46. 101. 64. 0. 0. 0. 7. 4. 4. 1. 3. 7. 4. 6.
    67. 48. 43. 19. 6. 4. 2. 9. 70. 83. 60. 11. 17. 0. 0. 0. 92. 101. 4.
    0. 20. 2. 0. 0. 120. 26. 65. 10. 23. 58. 47. 13. 28. 69. 120. 42.
    34. 29. 11. 14. 60. 99. 71. 15. 6. 0. 0. 1. 58. 120. 8. 1. 2. 0. 0.
    0. 26. 16. 59. 68. 31. 11. 44. 56. 21. 11. 120. 101. 62. 13. 9. 28.
    31. 38. 71. 120. 57. 0. 0. 0. 5. 10. 8. 17. 33. 0. 0. 0. 2. 1. 3.
    42. 63. 5. 2. 4. 2. 2. 28. 78. 69. 8. 1. 3. 6. 23. 46. 112. 104. 0.
    0. 1. 17. 7. 3. 31. 120. 0. 0. 2. 16. 0. 0. 0. 0. 0. 0. 0. 0. 0. 20.
    5. 4. 4. 0. 0. 0. 6. 74. 5. 1. 0. 0. 5. 62. 112. 1. 0. 0. 1. 4. 56.
    167. 20. 0. 0. 0. 5. 7. 1. 0. 0. 65. 27. 18. 51. 32. 6. 1. 4. 167.
    43. 8. 5. 1. 2. 35. 86. 47. 1. 1. 0. 0. 24. 167. 28. 0. 0. 0. 1. 8.
    5. 0. 0. 69. 4. 1. 9. 37. 50. 17. 28. 167. 73. 24. 2. 1. 5. 7. 47.
    51. 27. 130. 16. 0. 0. 3. 1. 0. 0. 0. 0. 0. 1. 0. 0. 31. 4. 0. 0. 0.
    6. 5. 7. 143. 99. 41. 5. 0. 0. 1. 8. 8. 25. 156. 64. 1. 0. 0. 0. 4.
    0. 0. 0. 0. 0. 0. 8. 6. 0. 0. 0. 0. 14. 60. 55. 0. 0. 0. 0. 7. 60.
    42. 4. 0. 0. 0. 0. 2. 3. 0. 0. 70. 7. 1. 0. 0. 0. 0. 18. 142. 41.
    12. 9. 15. 63. 115. 142. 10. 7. 11. 36. 142. 142. 86. 27. 0. 0. 0.
    2. 35. 23. 0. 0. 54. 20. 1. 0. 0. 0. 0. 4. 142. 142. 142. 41. 11. 7.
    3. 17. 7. 25. 142. 142. 142. 38. 3. 3. 0. 0. 1. 23. 31. 7. 0. 0. 1.
    4. 1. 0. 0. 0. 0. 0. 1. 17. 37. 3. 0. 0. 0. 0. 0. 1. 31. 14. 0. 0.
    0. 0. 0. 0. 0. 2. 0. 0. 0. 0. 0. 0. 0. 0. 0. 0. 1. 3. 1. 0. 0. 0. 0.
    4. 35. 17. 0. 0. 0. 0. 0. 15. 31. 1. 0. 0. 0. 0. 0. 2. 1. 0. 43. 2.
    0. 0. 0. 0. 1. 15. 143. 17. 2. 5. 8. 36. 143. 143. 11. 4. 2. 35.
    142. 143. 143. 30. 0. 0. 0. 10. 40. 26. 2. 0. 58. 15. 0. 0. 0. 0. 0.
    4. 143. 143. 99. 49. 12. 8. 12. 39. 16. 39. 92. 143. 143. 40. 13. 9.
    0. 0. 1. 31. 46. 3. 0. 0. 3. 6. 0. 0. 0. 0. 0. 0. 6. 60. 55. 11. 0.
    0. 0. 0. 0. 7. 48. 64. 9. 0. 0. 0. 0. 0. 0. 3. 3. 1. 0. 0. 1. 0. 0.
    0. 0. 0. 1. 3. 1. 0. 0. 0. 0. 8. 47. 22. 1. 0. 0. 0. 0. 23. 60. 4.
    0. 0. 0. 0. 0. 6. 4. 1. 37. 1. 0. 0. 0. 0. 0. 14. 143. 33. 11. 6. 3.
    27. 143. 143. 13. 9. 16. 52. 100. 143. 143. 38. 0. 0. 0. 11. 55. 62.
    8. 0. 35. 14. 0. 0. 0. 0. 0. 1. 143. 143. 143. 29. 2. 4. 8. 27. 12.
    35. 143. 143. 90. 38. 12. 7. 0. 0. 7. 63. 48. 7. 0. 0. 1. 3. 0. 0.
    0. 0. 0. 0. 1. 18. 37. 5. 0. 0. 0. 0. 0. 2. 48. 18. 0. 0. 0. 0. 0.
    0. 3. 4. 0. 0. 0. 0. 0. 0. 0. 1. 0. 0. 0. 0. 22. 9. 7. 7. 0. 0. 0.
    6. 108. 18. 3. 1. 0. 4. 63. 77. 29. 0. 0. 1. 2. 39. 158. 80. 0. 0.
    0. 7. 11. 1. 0. 0. 43. 31. 28. 66. 47. 11. 1. 4. 158. 97. 15. 8. 3.
    2. 5. 23. 158. 7. 0. 0. 0. 3. 28. 71. 0. 0. 0. 1. 10. 6. 0. 0. 45.
    3. 1. 8. 50. 74. 19. 34. 158. 34. 2. 1. 3. 10. 11. 81. 158. 64. 3.
    1. 0. 0. 0. 25. 0. 0. 0. 0. 0. 1. 0. 0. 16. 7. 2. 0. 1. 10. 7. 12.
    88. 114. 32. 0. 0. 1. 3. 19. 68. 158. 45. 6. 0. 0. 0. 0.</data></descriptors>
</opencv_storage>
