<?xml version="1.0"?>
<opencv_storage>
<keypoints type_id="opencv-matrix">
  <rows>17</rows>
  <cols>7</cols>
  <dt>d</dt>
  <data>
    2.9108518600463867e+01 4.6424186706542969e+01 9.7996072769165039e+00
    1.2900238037109375e+01 8.3790168166160583e-02 5767681. -1.
    3.1817110061645508e+01 1.3799358367919922e+01 3.1745104789733887e+00
    5.9500762939453125e+01 1.0380987823009491e-01 7799807. -1.
    3.1817110061645508e+01 1.3799358367919922e+01 3.1745104789733887e+00
    2.5547164916992188e+02 1.0380987823009491e-01 7799807. -1.
    3.5556335449218750e+01 3.8958827972412109e+01 3.3266758918762207e+00
    2.1000430297851563e+02 2.8438782319426537e-02 11142143. -1.
    3.6501121520996094e+01 4.7427577972412109e+01 3.1159918308258057e+00
    1.6162422180175781e+02 3.7487570196390152e-02 6423551. -1.
    4.0202854156494141e+01 3.9275787353515625e+01 2.5256727218627930e+01
    1.1586853027343750e+01 1.1147037148475647e-01 7406338. -1.
    4.0202854156494141e+01 3.9275787353515625e+01 2.5256727218627930e+01
    1.6351776123046875e+02 1.1147037148475647e-01 7406338. -1.
    4.0219100952148438e+01 6.7842636108398438e+01 4.6245617866516113e+00
    2.0666479492187500e+02 8.1100054085254669e-02 1573376. -1.
    4.0219100952148438e+01 6.7842636108398438e+01 4.6245617866516113e+00
    3.3499682617187500e+02 8.1100054085254669e-02 1573376. -1.
    4.0229770660400391e+01 6.1470924377441406e+01 2.3029108047485352e+00
    1.4846801757812500e-01 4.7627829015254974e-02 1245951. -1.
    4.0229770660400391e+01 6.1470924377441406e+01 2.3029108047485352e+00
    1.8023028564453125e+02 4.7627829015254974e-02 1245951. -1.
    4.0243732452392578e+01 2.3165653228759766e+01 5.9383349418640137e+00
    5.1544555664062500e+01 8.9090950787067413e-02 2949888. -1.
    4.0243732452392578e+01 2.3165653228759766e+01 5.9383349418640137e+00
    1.3057502746582031e+02 8.9090950787067413e-02 2949888. -1.
    4.3918960571289063e+01 4.7447372436523438e+01 3.0758788585662842e+00
    1.8751098632812500e+01 3.8240663707256317e-02 5506047. -1.
    4.8656944274902344e+01 1.3817121505737305e+01 3.1667680740356445e+00
    1.2057369995117188e+02 1.0438250750303268e-01 7603199. -1.
    4.8656944274902344e+01 1.3817121505737305e+01 3.1667680740356445e+00
    2.8442636108398438e+02 1.0438250750303268e-01 7603199. -1.
    5.1372970581054688e+01 4.6314342498779297e+01 9.7662878036499023e+00
    1.6724935913085938e+02 8.3457790315151215e-02 5505537. -1.</data></keypoints>
<descriptors type_id="opencv-matrix">
  <rows>17</rows>
  <cols>128</cols>
  <dt>f</dt>
  <data>
    38. 1. 0. 0. 0. 0. 0. 2. 139. 1. 0. 0. 0. 0. 5. 81. 46. 2. 6. 3. 20.
    108. 41. 52. 0. 0. 1. 0. 80. 139. 2. 0. 57. 2. 0. 0. 0. 0. 0. 4.
    139. 32. 3. 3. 2. 0. 0. 32. 69. 28. 31. 27. 28. 17. 1. 8. 3. 10. 7.
    43. 139. 110. 0. 0. 26. 16. 0. 0. 0. 0. 0. 1. 115. 139. 34. 1. 1. 0.
    0. 2. 14. 139. 117. 41. 13. 1. 0. 0. 2. 6. 24. 139. 79. 1. 0. 0. 0.
    3. 0. 0. 0. 0. 0. 0. 0. 57. 14. 0. 0. 0. 0. 0. 0. 115. 70. 18. 1. 0.
    0. 0. 0. 8. 27. 74. 23. 0. 0. 0. 12. 0. 0. 0. 0. 0. 0. 7. 122. 0. 0.
    2. 3. 0. 0. 121. 53. 0. 0. 108. 75. 0. 0. 74. 33. 0. 1. 88. 25. 0.
    3. 108. 45. 2. 0. 0. 0. 0. 0. 8. 122. 24. 3. 15. 20. 0. 0. 60. 65.
    7. 3. 111. 122. 0. 0. 21. 122. 24. 2. 14. 19. 0. 0. 110. 25. 13. 0.
    0. 0. 0. 0. 0. 102. 122. 56. 25. 7. 0. 0. 1. 49. 30. 47. 92. 68. 0.
    3. 32. 122. 78. 12. 2. 4. 0. 15. 57. 1. 3. 0. 0. 0. 0. 0. 0. 2. 29.
    20. 1. 0. 0. 0. 0. 41. 87. 19. 3. 0. 0. 1. 18. 34. 122. 19. 0. 0. 0.
    20. 42. 0. 0. 0. 7. 17. 101. 72. 0. 0. 0. 0. 1. 8. 44. 37. 5. 0. 0.
    0. 0. 1. 22. 24. 1. 0. 0. 0. 0. 0. 2. 0. 0. 5. 0. 6. 78. 80. 84. 21.
    1. 89. 2. 0. 16. 31. 48. 65. 75. 12. 0. 0. 0. 79. 136. 58. 20. 0. 0.
    0. 0. 22. 19. 0. 0. 9. 0. 0. 12. 136. 124. 24. 1. 136. 10. 0. 4. 72.
    26. 3. 19. 60. 2. 0. 4. 136. 68. 4. 7. 0. 0. 0. 1. 78. 10. 0. 0. 9.
    0. 3. 97. 136. 5. 0. 5. 136. 1. 0. 19. 58. 1. 0. 57. 38. 0. 0. 50.
    136. 1. 0. 7. 0. 0. 0. 9. 58. 0. 0. 0. 24. 121. 26. 6. 16. 8. 0. 0.
    16. 95. 12. 0. 0. 0. 1. 6. 5. 3. 0. 0. 25. 10. 6. 8. 0. 0. 0. 2.
    125. 29. 1. 0. 19. 82. 42. 26. 113. 48. 15. 15. 125. 125. 18. 1. 0.
    1. 7. 48. 48. 20. 6. 0. 16. 12. 3. 9. 0. 2. 0. 0. 125. 103. 1. 0. 8.
    2. 1. 1. 33. 125. 125. 51. 78. 7. 3. 4. 11. 12. 77. 125. 19. 59. 40.
    18. 29. 15. 2. 9. 3. 53. 5. 1. 116. 92. 0. 0. 3. 19. 12. 17. 29. 16.
    20. 6. 28. 50. 7. 3. 12. 22. 16. 17. 4. 28. 6. 4. 48. 111. 2. 1. 3.
    99. 12. 2. 31. 45. 0. 0. 0. 0. 0. 29. 63. 6. 5. 1. 47. 0. 0. 49. 88.
    0. 0. 39. 69. 0. 0. 1. 4. 11. 5. 80. 1. 0. 0. 0. 77. 121. 3. 3. 2.
    6. 15. 126. 58. 1. 0. 0. 126. 35. 18. 68. 30. 0. 0. 45. 83. 2. 0. 0.
    0. 5. 10. 58. 0. 0. 0. 0. 39. 83. 7. 1. 13. 11. 18. 126. 126. 53.
    20. 12. 126. 61. 17. 23. 4. 5. 15. 80. 112. 6. 0. 0. 0. 2. 8. 30. 0.
    0. 0. 4. 12. 28. 8. 1. 4. 1. 0. 1. 33. 126. 117. 22. 56. 3. 1. 1. 1.
    11. 91. 126. 24. 1. 0. 5. 4. 4. 9. 47. 0. 0. 2. 95. 14. 4. 2. 0. 3.
    0. 0. 0. 0. 0. 0. 1. 13. 0. 0. 0. 1. 14. 13. 21. 0. 0. 0. 0. 6. 51.
    11. 3. 0. 0. 0. 0. 0. 1. 0. 0. 49. 2. 0. 0. 0. 0. 0. 13. 160. 43. 6.
    6. 19. 80. 77. 160. 22. 10. 6. 30. 160. 160. 68. 41. 0. 0. 0. 2. 17.
    14. 0. 0. 29. 16. 0. 0. 0. 0. 0. 2. 160. 160. 78. 39. 17. 9. 4. 23.
    18. 72. 84. 160. 160. 45. 4. 6. 0. 0. 0. 16. 30. 2. 0. 0. 0. 2. 0.
    0. 0. 0. 0. 0. 4. 39. 8. 2. 0. 0. 0. 0. 0. 9. 8. 12. 6. 0. 0. 0. 0.
    0. 0. 1. 1. 0. 0. 0. 0. 0. 0. 0. 0. 0. 0. 1. 1. 0. 0. 0. 0. 1. 12.
    38. 0. 0. 0. 0. 6. 9. 10. 10. 0. 0. 0. 0. 1. 0. 0. 0. 20. 2. 0. 0.
    0. 0. 0. 10. 157. 21. 4. 11. 17. 35. 92. 157. 16. 5. 4. 52. 157.
    157. 91. 72. 0. 0. 0. 3. 45. 12. 0. 0. 44. 12. 0. 0. 0. 0. 0. 1.
    157. 157. 87. 93. 18. 7. 6. 44. 18. 32. 70. 157. 157. 27. 6. 10. 0.
    0. 0. 17. 26. 2. 0. 0. 2. 1. 0. 0. 0. 0. 0. 0. 10. 16. 15. 17. 1. 0.
    0. 0. 0. 2. 11. 56. 5. 0. 0. 0. 0. 0. 0. 2. 0. 0. 0. 0. 0. 0. 0. 0.
    0. 0. 0. 3. 0. 0. 0. 0. 0. 1. 23. 15. 0. 0. 0. 0. 0. 15. 24. 2. 0.
    0. 0. 0. 0. 3. 0. 0. 26. 1. 0. 0. 0. 0. 0. 20. 85. 3. 0. 0. 0. 19.
    101. 144. 6. 0. 0. 0. 2. 144. 128. 25. 0. 0. 0. 0. 0. 88. 40. 0. 65.
    6. 0. 0. 0. 0. 0. 7. 144. 34. 0. 0. 1. 10. 14. 74. 55. 8. 0. 0. 5.
    144. 95. 31. 6. 0. 0. 0. 0. 144. 144. 9. 63. 0. 0. 0. 0. 0. 0. 33.
    144. 2. 0. 0. 0. 7. 10. 144. 53. 10. 0. 0. 9. 61. 28. 48. 57. 34. 0.
    0. 2. 30. 74. 17. 59. 37. 0. 0. 0. 0. 0. 0. 143. 143. 10. 7. 0. 0.
    0. 1. 53. 50. 29. 60. 11. 0. 0. 9. 59. 16. 73. 33. 2. 0. 0. 30. 57.
    8. 0. 0. 0. 0. 0. 5. 143. 79. 11. 7. 1. 0. 0. 28. 63. 35. 82. 143.
    7. 0. 0. 9. 6. 9. 143. 143. 0. 0. 0. 0. 23. 17. 0. 0. 0. 0. 0. 1.
    93. 143. 89. 15. 0. 0. 0. 3. 9. 32. 131. 143. 3. 0. 0. 1. 0. 0. 35.
    101. 1. 0. 0. 0. 0. 2. 0. 0. 0. 0. 0. 0. 0. 17. 23. 1. 0. 0. 0. 0.
    0. 3. 27. 16. 0. 0. 0. 0. 0. 0. 1. 4. 0. 0. 0. 0. 0. 37. 8. 10. 27.
    0. 0. 0. 14. 1. 1. 13. 136. 0. 0. 0. 136. 12. 0. 1. 27. 0. 0. 0. 42.
    12. 7. 25. 0. 0. 0. 0. 2. 136. 18. 10. 15. 0. 0. 0. 15. 16. 9. 26.
    136. 4. 1. 2. 136. 23. 6. 8. 30. 2. 1. 5. 28. 14. 19. 136. 2. 0. 0.
    0. 53. 136. 8. 2. 1. 0. 0. 0. 48. 65. 10. 11. 45. 21. 26. 14. 46. 9.
    7. 40. 41. 18. 34. 26. 4. 4. 9. 136. 62. 0. 0. 0. 136. 47. 0. 0. 0.
    0. 0. 0. 136. 45. 4. 2. 1. 3. 13. 15. 4. 4. 5. 39. 119. 16. 17. 5.
    0. 0. 0. 55. 136. 1. 0. 0. 136. 1. 0. 0. 0. 0. 0. 55. 119. 17. 17.
    5. 4. 4. 5. 38. 1. 3. 13. 15. 136. 45. 4. 2. 0. 0. 0. 0. 136. 48. 0.
    0. 63. 0. 0. 0. 4. 4. 9. 136. 41. 18. 34. 26. 46. 9. 7. 40. 45. 21.
    26. 14. 48. 65. 10. 11. 1. 0. 0. 0. 52. 136. 8. 2. 2. 0. 0. 0. 28.
    14. 19. 136. 30. 2. 1. 5. 136. 23. 6. 8. 136. 4. 1. 2. 15. 16. 9.
    25. 15. 0. 0. 0. 1. 136. 18. 10. 0. 0. 0. 0. 41. 12. 7. 26. 27. 0.
    0. 0. 136. 13. 0. 1. 136. 0. 0. 0. 14. 1. 1. 13. 27. 0. 0. 0. 0. 36.
    8. 10. 13. 0. 0. 0. 0. 0. 9. 103. 2. 0. 0. 3. 8. 34. 84. 82. 0. 0.
    0. 0. 4. 87. 119. 9. 0. 0. 0. 0. 0. 72. 57. 0. 95. 18. 7. 5. 0. 0.
    1. 89. 67. 7. 4. 12. 6. 7. 53. 126. 9. 2. 0. 0. 2. 56. 127. 63. 0.
