<?xml version="1.0"?>
<opencv_storage>
<keypoints type_id="opencv-matrix">
  <rows>81</rows>
  <cols>7</cols>
  <dt>d</dt>
  <data>
    5.4964714050292969e+00 7.4969139099121094e+01 1.9896627664566040e+00
    2.0080560302734375e+02 3.5201232880353928e-02 7406079. -1.
    5.4964714050292969e+00 7.4969139099121094e+01 1.9896627664566040e+00
    2.1646444702148438e+02 3.5201232880353928e-02 7406079. -1.
    7.9874620437622070e+00 1.5508312225341797e+01 3.1150786876678467e+00
    2.8498809814453125e+01 3.4083571285009384e-02 6423551. -1.
    1.0711514472961426e+01 1.2503591537475586e+01 2.2688577175140381e+00
    8.8127197265625000e+01 4.8138633370399475e-02 197375. -1.
    1.0711514472961426e+01 1.2503591537475586e+01 2.2688577175140381e+00
    3.3461428833007813e+02 4.8138633370399475e-02 197375. -1.
    1.1348259925842285e+01 8.2162170410156250e+01 4.8951792716979980e+00
    7.9465209960937500e+01 1.9150078296661377e-02 5702144. -1.
    1.1930431365966797e+01 8.5228652954101563e+00 3.0495531558990479e+00
    4.1618774414062500e+01 2.8486110270023346e-02 4850687. -1.
    1.1930431365966797e+01 8.5228652954101563e+00 3.0495531558990479e+00
    7.6964080810546875e+01 2.8486110270023346e-02 4850687. -1.
    1.2289430618286133e+01 7.4260116577148438e+01 3.6698582172393799e+00
    2.4182905578613281e+02 2.6765363290905952e-02 1573120. -1.
    1.2289430618286133e+01 7.4260116577148438e+01 3.6698582172393799e+00
    3.0578057861328125e+02 2.6765363290905952e-02 1573120. -1.
    1.5688602447509766e+01 2.7284757614135742e+01 2.4371039867401123e+00
    4.6710662841796875e+01 5.6753020733594894e-02 5374719. -1.
    1.5688602447509766e+01 2.7284757614135742e+01 2.4371039867401123e+00
    2.5092599487304688e+02 5.6753020733594894e-02 5374719. -1.
    1.5691581726074219e+01 2.0922748565673828e+01 2.5799210071563721e+00
    3.3255981445312500e+02 7.6019592583179474e-02 9503487. -1.
    1.5789525032043457e+01 9.5400514602661133e+00 2.5864973068237305e+00
    3.1673736572265625e+01 3.3673468977212906e-02 9700095. -1.
    1.5789525032043457e+01 9.5400514602661133e+00 2.5864973068237305e+00
    1.4950180053710938e+02 3.3673468977212906e-02 9700095. -1.
    1.8101350784301758e+01 7.9065711975097656e+01 5.2591466903686523e+00
    1.6254028320312500e+01 2.9256029054522514e-02 10879488. -1.
    1.9256208419799805e+01 2.1316083908081055e+01 2.3471021652221680e+00
    5.2100036621093750e+01 5.9800218790769577e-02 2622207. -1.
    1.9715162277221680e+01 8.5623054504394531e+00 2.9844627380371094e+00
    1.0280679321289063e+02 2.9342651367187500e-02 3343359. -1.
    1.9715162277221680e+01 8.5623054504394531e+00 2.9844627380371094e+00
    1.3870761108398438e+02 2.9342651367187500e-02 3343359. -1.
    1.9863899230957031e+01 2.9183879852294922e+01 2.2975823879241943e+00
    3.3619018554687500e+01 5.6784324347972870e-02 1114879. -1.
    2.0780651092529297e+01 1.2405113220214844e+01 2.3023576736450195e+00
    9.1798187255859375e+01 4.7216858714818954e-02 1245951. -1.
    2.0780651092529297e+01 1.2405113220214844e+01 2.3023576736450195e+00
    2.0737615966796875e+02 4.7216858714818954e-02 1245951. -1.
    2.2602985382080078e+01 3.0917381286621094e+01 2.6499438285827637e+00
    3.4132385253906250e+01 3.8233563303947449e-02 11404031. -1.
    2.4547958374023438e+01 1.6489263534545898e+01 3.9452953338623047e+00
    5.2603637695312500e+01 5.2496157586574554e-02 6816000. -1.
    2.6032762527465820e+01 2.0512435913085938e+01 2.1295957565307617e+00
    5.2591827392578125e+01 4.7532100230455399e-02 12321279. -1.
    2.6798616409301758e+01 4.2792198181152344e+01 2.6076776981353760e+00
    1.8997602844238281e+02 2.0725574344396591e-02 10289919. -1.
    3.0194890975952148e+01 4.0647083282470703e+01 2.6549391746520996e+00
    1.9757856750488281e+02 1.7904367297887802e-02 11535103. -1.
    3.1224845886230469e+01 2.9205125808715820e+01 1.8089878082275391e+01
    5.4954193115234375e+01 5.1019217818975449e-02 16646402. -1.
    3.1420679092407227e+01 5.0006713867187500e+01 1.9344600439071655e+00
    9.6106262207031250e+00 6.0168799012899399e-02 5374463. -1.
    3.1420679092407227e+01 5.0006713867187500e+01 1.9344600439071655e+00
    1.5966784667968750e+02 6.0168799012899399e-02 5374463. -1.
    3.3199932098388672e+01 7.0478004455566406e+01 2.0667841434478760e+00
    3.5160293579101563e+02 1.5859792008996010e-02 10158591. -1.
    3.4857563018798828e+01 3.6188163757324219e+01 4.1071372032165527e+00
    2.0655589294433594e+02 1.6612173989415169e-02 9699584. -1.
    3.4857563018798828e+01 3.6188163757324219e+01 4.1071372032165527e+00
    2.3974899291992188e+02 1.6612173989415169e-02 9699584. -1.
    3.6090583801269531e+01 6.0965579986572266e+01 7.1403374671936035e+00
    3.2080474853515625e+02 4.0842752903699875e-02 16253696. -1.
    3.7963703155517578e+01 8.1921928405761719e+01 4.5610470771789551e+00
    3.5348846435546875e+01 4.6899281442165375e-02 590336. -1.
    3.7963703155517578e+01 8.1921928405761719e+01 4.5610470771789551e+00
    1.8535253906250000e+02 4.6899281442165375e-02 590336. -1.
    3.8562271118164063e+01 8.4869682312011719e+01 1.8918548822402954e+00
    3.8805480957031250e+01 4.6975862234830856e-02 3736063. -1.
    3.8713630676269531e+01 4.5567424774169922e+01 5.0127229690551758e+00
    6.6277130126953125e+01 6.8069584667682648e-02 7406080. -1.
    4.1396015167236328e+01 6.3419265747070313e+00 2.0237576961517334e+00
    5.8878082275390625e+01 3.3095192164182663e-02 8651263. -1.
    4.3204456329345703e+01 3.9557231903076172e+01 4.2561144828796387e+00
    2.9919653320312500e+02 2.8565071523189545e-02 12255488. -1.
    4.3652957916259766e+01 2.5196083068847656e+01 3.9704875946044922e+00
    2.0686799621582031e+02 4.5371484011411667e-02 7274752. -1.
    4.4285629272460938e+01 7.4979791641235352e+00 1.9330406188964844e+00
    6.0248962402343750e+01 4.2248941957950592e-02 5308927. -1.
    4.6049472808837891e+01 3.1432573318481445e+01 4.1134786605834961e+00
    9.5643066406250000e+01 3.6118011921644211e-02 9830656. -1.
    4.8192020416259766e+01 5.9372711181640625e+00 2.2539298534393311e+00
    9.7919738769531250e+01 5.3114585578441620e-02 16450047. -1.
    4.8479732513427734e+01 3.0110120773315430e+01 1.9708156585693359e+00
    1.0336645507812500e+02 3.6991324275732040e-02 6750719. -1.
    4.9394489288330078e+01 6.3267650604248047e+01 1.9133874893188477e+01
    3.3031683349609375e+02 3.3012121915817261e-02 3998210. -1.
    5.0128997802734375e+01 5.1635887145996094e+01 2.5339517593383789e+00
    1.4011926269531250e+02 1.9750244915485382e-02 8192767. -1.
    5.0818649291992188e+01 5.5486698150634766e+01 5.2696886062622070e+00
    1.3545457458496094e+02 2.4296926334500313e-02 11010560. -1.
    5.3932262420654297e+01 7.9613881111145020e+00 2.2422780990600586e+00
    1.1501123046875000e+02 5.1582772284746170e-02 16056831. -1.
    5.4837493896484375e+01 1.9667160034179688e+01 3.1554925441741943e+00
    2.0528381347656250e+01 4.9264539033174515e-02 7341055. -1.
    5.6035598754882813e+01 5.1240940093994141e+01 5.0280132293701172e+00
    1.3546649169921875e+02 2.9873633757233620e-02 7602688. -1.
    5.7879287719726563e+01 6.4669933319091797e+00 2.7778680324554443e+00
    1.1661293029785156e+02 3.2956093549728394e-02 14811903. -1.
    5.8003490447998047e+01 6.5427322387695313e+01 9.8007431030273438e+00
    2.2030577087402344e+02 3.0603012070059776e-02 5767681. -1.
    5.8063732147216797e+01 2.4271440505981445e+01 4.2299609184265137e+00
    1.9668273925781250e+01 2.3831414058804512e-02 11796736. -1.
    6.1102123260498047e+01 4.4265785217285156e+01 6.2854390144348145e+00
    3.1726461791992188e+02 1.8631553277373314e-02 7078656. -1.
    6.2550102233886719e+01 5.9503292083740234e+01 1.8592941761016846e+00
    1.2803237915039063e+02 3.1880728900432587e-02 2490879. -1.
    6.2598480224609375e+01 6.8909858703613281e+01 1.9247843027114868e+00
    2.3595439147949219e+02 4.3340403586626053e-02 4981247. -1.
    6.3261871337890625e+01 7.2182586669921875e+01 3.0250899791717529e+00
