<?xml version="1.0"?>
<opencv_storage>
<keypoints type_id="opencv-matrix">
  <rows>12</rows>
  <cols>7</cols>
  <dt>d</dt>
  <data>
    9.1084747314453125e+00 4.5011161804199219e+01 2.0578026771545410e+00
    3.2829406738281250e+02 7.0567354559898376e-02 9830911. -1.
    1.4408906936645508e+01 4.1726875305175781e+01 2.0900390148162842e+00
    5.7269989013671875e+01 7.3286212980747223e-02 10945023. -1.
    2.2014039993286133e+01 9.0798845291137695e+00 3.2830944061279297e+00
    8.8139404296875000e+01 8.6478404700756073e-02 10224639. -1.
    2.2538410186767578e+01 3.1840465545654297e+01 2.3026854991912842e+00
    1.3255953979492188e+02 1.0682480782270432e-01 1245951. -1.
    2.2538410186767578e+01 3.1840465545654297e+01 2.3026854991912842e+00
    3.2982217407226563e+02 1.0682480782270432e-01 1245951. -1.
    3.1842609405517578e+01 3.8655738830566406e+01 1.0764317512512207e+01
    8.0815124511718750e+01 7.8979052603244781e-02 12517889. -1.
    3.1842609405517578e+01 3.8655738830566406e+01 1.0764317512512207e+01
    2.6764465332031250e+02 7.8979052603244781e-02 12517889. -1.
    3.2695468902587891e+01 2.2887939453125000e+01 2.0736787319183350e+00
    3.4078790283203125e+02 7.7607974410057068e-02 10420735. -1.
    3.3034366607666016e+01 3.2138446807861328e+01 2.0880992412567139e+00
    7.1827423095703125e+01 6.1093613505363464e-02 10879487. -1.
    3.3215015411376953e+01 9.1127099990844727e+00 3.3180897235870361e+00
    9.1571899414062500e+01 8.7115198373794556e-02 10945535. -1.
    4.0306056976318359e+01 4.1528213500976563e+01 2.1289193630218506e+00
    1.4617936706542969e+02 6.9679550826549530e-02 12321279. -1.
    4.6408649444580078e+01 4.4795074462890625e+01 1.8256412744522095e+00
    2.1527900695800781e+02 7.1324519813060760e-02 1180159. -1.</data></keypoints>
<descriptors type_id="opencv-matrix">
  <rows>12</rows>
  <cols>128</cols>
  <dt>f</dt>
  <data>
    2. 0. 0. 0. 0. 0. 0. 3. 17. 0. 0. 0. 0. 0. 8. 110. 4. 0. 13. 15. 0.
    0. 88. 123. 0. 0. 48. 42. 1. 0. 87. 80. 21. 1. 0. 0. 0. 0. 0. 7.
    123. 11. 0. 2. 8. 1. 1. 123. 47. 5. 36. 105. 86. 28. 9. 85. 57. 15.
    71. 58. 8. 8. 31. 64. 17. 7. 0. 0. 0. 0. 0. 1. 123. 123. 1. 0. 5. 3.
    0. 5. 49. 121. 9. 6. 57. 123. 22. 5. 64. 69. 8. 1. 5. 82. 44. 26. 1.
    2. 0. 0. 0. 0. 0. 0. 12. 90. 6. 0. 0. 0. 0. 0. 4. 123. 60. 0. 0. 12.
    4. 0. 0. 113. 46. 0. 0. 54. 25. 0. 19. 6. 0. 0. 89. 77. 1. 4. 121.
    0. 0. 0. 8. 10. 1. 42. 86. 1. 0. 41. 14. 0. 0. 14. 5. 0. 0. 116. 43.
    0. 0. 14. 51. 29. 0. 0. 92. 85. 2. 5. 121. 19. 4. 6. 23. 32. 4. 35.
    65. 11. 8. 121. 42. 0. 0. 10. 25. 0. 0. 92. 34. 0. 0. 67. 90. 73. 0.
    0. 51. 46. 1. 1. 56. 73. 51. 15. 66. 49. 4. 6. 39. 30. 66. 99. 12.
    1. 2. 59. 27. 0. 0. 101. 36. 0. 0. 66. 68. 109. 1. 0. 13. 11. 0. 0.
    7. 41. 21. 4. 36. 74. 49. 18. 20. 5. 24. 55. 5. 5. 34. 101. 5. 0. 2.
    121. 39. 0. 0. 13. 32. 0. 0. 0. 0. 0. 0. 1. 140. 9. 4. 18. 23. 4. 1.
    10. 28. 6. 77. 108. 84. 27. 11. 2. 0. 5. 140. 9. 2. 5. 30. 0. 46. 1.
    0. 0. 0. 0. 0. 2. 140. 15. 5. 5. 18. 28. 7. 33. 31. 5. 36. 36. 67.
    140. 113. 10. 0. 2. 54. 3. 2. 21. 140. 0. 27. 9. 0. 0. 0. 0. 0. 0.
    140. 119. 78. 31. 1. 2. 1. 4. 12. 21. 140. 140. 6. 14. 12. 1. 0. 8.
    140. 8. 0. 2. 25. 0. 1. 3. 0. 0. 0. 0. 0. 0. 2. 21. 28. 6. 0. 0. 0.
    0. 0. 2. 28. 20. 0. 0. 0. 0. 0. 1. 15. 1. 0. 0. 0. 0. 2. 110. 110.
    0. 0. 0. 0. 0. 8. 110. 110. 0. 0. 0. 0. 2. 1. 79. 96. 0. 0. 0. 0. 1.
    0. 33. 44. 0. 2. 17. 0. 0. 32. 29. 19. 0. 0. 0. 0. 8. 110. 74. 29.
    3. 5. 7. 11. 80. 7. 57. 110. 37. 62. 20. 12. 16. 0. 110. 110. 9. 7.
    0. 0. 0. 29. 4. 0. 0. 0. 0. 59. 34. 95. 71. 25. 14. 4. 2. 52. 40. 4.
    13. 28. 73. 76. 20. 71. 6. 1. 26. 31. 8. 13. 8. 110. 15. 0. 0. 35.
    18. 0. 0. 98. 44. 3. 2. 91. 12. 0. 1. 93. 23. 0. 0. 108. 17. 1. 5.
    85. 5. 0. 0. 104. 9. 0. 1. 75. 7. 0. 0. 14. 12. 0. 0. 87. 79. 0. 1.
    46. 40. 1. 2. 68. 72. 0. 0. 68. 108. 8. 7. 24. 26. 0. 0. 35. 110. 5.
    0. 1. 3. 12. 6. 107. 80. 0. 1. 17. 13. 75. 20. 61. 38. 5. 17. 28.
    49. 4. 3. 15. 42. 97. 110. 28. 11. 0. 0. 4. 14. 30. 15. 2. 0. 15. 3.
    15. 15. 1. 17. 120. 13. 91. 39. 11. 10. 5. 7. 120. 45. 6. 11. 10.
    41. 106. 67. 94. 5. 0. 0. 0. 1. 25. 39. 120. 0. 0. 8. 3. 0. 0. 12.
    120. 2. 1. 1. 0. 0. 0. 8. 120. 8. 0. 0. 0. 0. 2. 36. 120. 1. 0. 0.
    0. 0. 0. 26. 120. 0. 0. 0. 0. 0. 0. 3. 26. 5. 0. 0. 0. 0. 0. 1. 38.
    51. 0. 0. 0. 0. 2. 26. 35. 19. 0. 0. 0. 0. 1. 5. 0. 0. 21. 3. 2. 3.
    6. 27. 104. 48. 120. 4. 0. 2. 12. 19. 135. 135. 15. 2. 0. 11. 135.
    135. 116. 69. 0. 0. 0. 1. 16. 17. 0. 0. 34. 75. 79. 8. 7. 4. 4. 8.
    135. 135. 26. 29. 26. 4. 5. 35. 32. 38. 22. 129. 135. 15. 5. 9. 0.
    0. 0. 3. 13. 1. 0. 0. 2. 45. 22. 0. 0. 0. 0. 0. 18. 135. 60. 18. 2.
    0. 0. 0. 1. 35. 79. 93. 23. 0. 0. 0. 0. 0. 0. 1. 1. 0. 0. 0. 2. 0.
    0. 0. 0. 0. 2. 6. 27. 0. 0. 0. 1. 52. 96. 101. 1. 0. 0. 0. 10. 139.
    68. 9. 0. 0. 0. 0. 1. 34. 51. 1. 19. 1. 0. 0. 0. 0. 0. 4. 139. 19.
    4. 8. 33. 56. 28. 100. 23. 5. 6. 32. 139. 139. 33. 19. 9. 7. 14. 13.
    35. 51. 75. 12. 13. 12. 0. 0. 0. 0. 0. 0. 139. 139. 100. 69. 16. 3.
    0. 4. 11. 21. 111. 139. 120. 11. 0. 1. 4. 14. 112. 60. 16. 1. 0. 1.
    0. 4. 0. 0. 0. 0. 0. 0. 1. 34. 31. 18. 0. 0. 0. 0. 0. 1. 26. 58. 0.
    0. 0. 0. 0. 0. 13. 6. 0. 0. 0. 0. 3. 0. 0. 21. 27. 0. 0. 2. 114. 0.
    0. 0. 0. 0. 0. 83. 106. 0. 0. 70. 95. 0. 0. 78. 0. 0. 0. 73. 98. 0.
    0. 0. 18. 1. 0. 6. 6. 0. 0. 5. 131. 8. 0. 2. 10. 0. 0. 94. 73. 2. 0.
    96. 131. 3. 0. 37. 0. 0. 0. 39. 73. 1. 0. 0. 18. 4. 0. 0. 0. 0. 0.
    1. 131. 88. 0. 1. 12. 2. 0. 7. 70. 32. 0. 9. 131. 78. 0. 2. 0. 0. 0.
    2. 67. 30. 0. 0. 3. 1. 0. 0. 0. 1. 41. 5. 126. 73. 0. 0. 1. 7. 25.
    3. 98. 69. 0. 0. 99. 85. 1. 1. 0. 0. 0. 0. 88. 71. 0. 0. 0. 0. 39.
    30. 0. 0. 90. 83. 1. 0. 94. 71. 0. 0. 74. 55. 0. 0. 105. 66. 0. 0.
    58. 52. 0. 0. 59. 40. 0. 0. 72. 61. 9. 2. 129. 89. 0. 0. 5. 6. 104.
    5. 76. 50. 0. 0. 19. 129. 21. 1. 15. 8. 0. 0. 129. 129. 0. 0. 1. 0.
    0. 0. 112. 89. 28. 3. 12. 6. 0. 0. 0. 1. 129. 44. 1. 0. 0. 0. 1. 36.
    114. 18. 0. 0. 0. 0. 11. 36. 1. 0. 0. 0. 0. 0. 5. 4. 12. 2. 0. 0. 0.
    0. 8. 6. 129. 46. 0. 0. 0. 0. 6. 5. 129. 26. 0. 0. 0. 0. 0. 0. 2. 0.
    0. 0. 0. 0. 0. 0. 1. 0. 0. 0. 0. 0. 0. 3. 3. 0. 0. 0. 0. 7. 32. 24.
    0. 0. 0. 0. 0. 24. 29. 2. 0. 0. 0. 0. 0. 1. 13. 0. 29. 0. 0. 0. 0.
    0. 0. 8. 141. 5. 1. 3. 1. 33. 75. 114. 14. 2. 14. 17. 5. 141. 141.
    20. 0. 0. 26. 2. 0. 11. 141. 7. 45. 2. 0. 0. 0. 0. 0. 0. 141. 33. 8.
    28. 19. 5. 4. 11. 31. 10. 116. 141. 66. 36. 31. 4. 0. 0. 141. 19. 1.
    3. 54. 2. 32. 1. 0. 0. 0. 0. 0. 0. 141. 9. 1. 4. 23. 19. 4. 9. 27.
    2. 12. 26. 81. 107. 80. 5. 0. 0. 32. 4. 2. 8. 141. 4. 48. 0. 9. 34.
    32. 0. 10. 75. 3. 56. 91. 41. 19. 10. 30. 14. 3. 85. 29. 0. 0. 93.
    40. 4. 0. 11. 3. 0. 0. 116. 45. 0. 102. 9. 1. 11. 116. 15. 1. 6. 43.
    18. 13. 14. 70. 18. 43. 116. 13. 72. 15. 0. 0. 70. 99. 48. 0. 80.
    25. 0. 0. 81. 28. 0. 116. 11. 0. 1. 109. 9. 0. 1. 116. 19. 0. 1. 68.
    8. 9. 40. 69. 6. 0. 0. 0. 81. 51. 18. 0. 17. 6. 0. 0. 116. 49. 0.
    105. 10. 0. 0. 76. 10. 0. 0. 116. 18. 0. 0. 59. 9. 0. 1. 87. 8. 0.
    0. 0. 3. 1. 0. 0. 0. 0. 0. 0. 33. 11. 0. 2. 0. 0. 0. 0. 0. 0. 3. 31.
    0. 0. 0. 0. 0. 4. 117. 12. 0. 4. 25. 0. 0. 35. 125. 3. 1. 31. 82. 0.
    0. 19. 75. 22. 1. 0. 0. 0. 0. 0. 6. 125. 6. 0. 2. 3. 0. 0. 112. 63.
    2. 8. 125. 79. 14. 2. 75. 58. 34. 41. 115. 19. 8. 3. 10. 21. 7. 0.
    0. 0. 0. 0. 0. 125. 113. 1. 0. 3. 2. 0. 6. 57. 77. 8. 15. 74. 117.
    24. 2. 25. 26. 4. 7. 16. 101. 108. 5. 3. 3. 0. 0. 0. 0. 0. 0. 29.
    108. 8. 0. 0. 0. 0. 0. 8. 125. 89. 0. 0. 12. 7. 0. 0. 64. 104. 0. 0.
    30. 48. 0.</data></descriptors>
</opencv_storage>
