<?xml version="1.0"?>
<opencv_storage>
<keypoints type_id="opencv-matrix">
  <rows>9</rows>
  <cols>7</cols>
  <dt>d</dt>
  <data>
    2.3858623504638672e+01 3.1155082702636719e+01 3.4996540546417236e+00
    4.1360168457031250e+00 6.7510969936847687e-02 14812159. -1.
    2.3936092376708984e+01 4.5316513061523438e+01 3.4673397541046143e+00
    3.5934869384765625e+02 7.0909895002841949e-02 14156799. -1.
    2.8485233306884766e+01 4.2185665130615234e+01 2.1895847320556641e+00
    6.1567504882812500e+01 7.1804732084274292e-02 14352895. -1.
    2.8485233306884766e+01 4.2185665130615234e+01 2.1895847320556641e+00
    2.1963902282714844e+02 7.1804732084274292e-02 14352895. -1.
    4.1178520202636719e+01 4.3982925415039063e+01 2.5648601055145264e+00
    3.0438778686523438e+02 7.5167916715145111e-02 9044735. -1.
    5.3784130096435547e+01 4.2197708129882813e+01 2.1653401851654053e+00
    1.2080194091796875e+02 7.3113389313220978e-02 13500927. -1.
    5.3784130096435547e+01 4.2197708129882813e+01 2.1653401851654053e+00
    3.2061828613281250e+02 7.3113389313220978e-02 13500927. -1.
    5.8466213226318359e+01 4.5467018127441406e+01 3.3229057788848877e+00
    1.8067384338378906e+02 7.1513719856739044e-02 11076607. -1.
    5.8522922515869141e+01 3.1019044876098633e+01 3.3569469451904297e+00
    1.7529083251953125e+02 6.7898310720920563e-02 11797503. -1.</data></keypoints>
<descriptors type_id="opencv-matrix">
  <rows>9</rows>
  <cols>128</cols>
  <dt>f</dt>
  <data>
    1. 0. 0. 0. 0. 0. 0. 2. 6. 0. 0. 0. 0. 0. 26. 71. 0. 0. 4. 2. 0. 0.
    135. 62. 0. 0. 15. 2. 0. 0. 135. 18. 24. 0. 0. 0. 0. 0. 0. 7. 135.
    4. 1. 2. 8. 6. 20. 135. 21. 2. 46. 60. 70. 62. 88. 80. 0. 0. 135.
    42. 10. 35. 62. 6. 38. 3. 0. 0. 0. 0. 0. 1. 135. 45. 9. 21. 15. 3.
    0. 12. 35. 48. 73. 78. 72. 85. 7. 4. 1. 41. 28. 8. 7. 135. 41. 0.
    21. 2. 0. 0. 0. 0. 0. 0. 135. 25. 1. 5. 30. 8. 1. 1. 33. 37. 21. 23.
    94. 50. 45. 10. 3. 99. 35. 9. 16. 38. 24. 5. 34. 0. 0. 0. 0. 0. 0.
    0. 136. 3. 2. 10. 38. 8. 1. 4. 20. 51. 27. 30. 82. 34. 34. 6. 3.
    103. 19. 2. 5. 68. 15. 2. 45. 0. 0. 0. 0. 0. 0. 1. 136. 4. 1. 9. 12.
    20. 11. 26. 28. 3. 1. 126. 66. 67. 80. 13. 1. 63. 21. 81. 43. 12.
    11. 1. 43. 2. 0. 0. 0. 0. 0. 0. 136. 44. 4. 31. 25. 7. 1. 4. 23. 10.
    3. 136. 92. 49. 43. 1. 0. 4. 1. 48. 7. 7. 96. 0. 12. 6. 0. 0. 0. 0.
    0. 0. 77. 131. 17. 1. 6. 7. 1. 0. 6. 63. 105. 1. 16. 49. 72. 0. 0.
    2. 104. 0. 0. 6. 136. 0. 0. 0. 67. 51. 0. 0. 57. 62. 0. 0. 108. 112.
    0. 2. 38. 28. 0. 0. 109. 99. 2. 11. 12. 5. 0. 0. 53. 48. 0. 1. 0. 0.
    11. 1. 84. 77. 4. 28. 13. 4. 80. 5. 39. 34. 3. 21. 44. 74. 8. 1. 5.
    7. 59. 112. 46. 17. 0. 0. 1. 1. 14. 12. 0. 0. 8. 17. 11. 1. 1. 112.
    95. 3. 112. 18. 0. 0. 6. 51. 69. 50. 46. 5. 0. 0. 112. 112. 6. 16.
    1. 0. 0. 0. 55. 32. 0. 2. 0. 112. 72. 0. 0. 27. 20. 0. 16. 92. 43.
    0. 1. 25. 62. 37. 10. 20. 13. 1. 106. 98. 10. 21. 2. 0. 0. 0. 52.
    82. 27. 15. 15. 2. 6. 27. 0. 0. 0. 2. 134. 18. 3. 3. 1. 1. 0. 23.
    70. 17. 37. 26. 19. 68. 1. 6. 0. 12. 9. 2. 30. 134. 0. 0. 30. 1. 0.
    0. 0. 0. 0. 3. 134. 19. 5. 15. 14. 0. 0. 26. 42. 60. 47. 108. 93. 1.
    0. 3. 14. 134. 18. 8. 14. 81. 0. 0. 16. 6. 0. 0. 0. 2. 43. 1. 83.
    88. 45. 21. 5. 1. 35. 5. 7. 28. 42. 106. 56. 5. 38. 1. 29. 134. 3.
    7. 6. 5. 26. 7. 0. 1. 31. 1. 0. 9. 134. 1. 2. 9. 46. 1. 0. 3. 134.
    12. 0. 2. 43. 7. 1. 12. 134. 5. 8. 9. 30. 1. 0. 5. 134. 19. 20. 2.
    13. 1. 0. 1. 0. 2. 131. 1. 2. 2. 24. 1. 0. 34. 36. 0. 0. 18. 131. 2.
    0. 8. 0. 0. 0. 2. 35. 1. 0. 0. 38. 1. 0. 0. 7. 23. 0. 2. 131. 26. 2.
    1. 24. 12. 1. 25. 36. 9. 5. 7. 131. 131. 32. 6. 0. 0. 0. 1. 15. 70.
    80. 0. 15. 8. 0. 0. 37. 123. 0. 0. 94. 131. 53. 0. 4. 10. 0. 2. 10.
    120. 131. 3. 8. 64. 31. 1. 0. 47. 87. 0. 0. 74. 107. 0. 8. 28. 0. 0.
    50. 131. 0. 0. 0. 18. 16. 0. 21. 65. 0. 0. 0. 43. 69. 0. 0. 1. 0. 0.
    9. 55. 87. 0. 0. 1. 2. 14. 0. 0. 13. 24. 0. 0. 63. 114. 15. 33. 63.
    31. 1. 0. 38. 99. 10. 21. 14. 95. 114. 1. 10. 20. 2. 15. 23. 74. 55.
    0. 0. 0. 5. 2. 84. 114. 1. 0. 12. 26. 114. 41. 72. 65. 6. 0. 1. 18.
    55. 16. 6. 107. 114. 0. 0. 7. 1. 1. 0. 27. 60. 0. 0. 0. 9. 2. 18.
    43. 3. 56. 78. 1. 107. 65. 33. 22. 3. 22. 32. 5. 15. 19. 37. 114.
    73. 6. 4. 1. 0. 0. 0. 13. 17. 1. 1. 0. 0. 42. 53. 0. 0. 56. 83. 0.
    2. 23. 36. 3. 1. 101. 114. 1. 0. 5. 12. 16. 3. 86. 114. 0. 0. 0. 0.
    1. 0. 48. 57. 0. 1. 3. 134. 6. 0. 1. 25. 1. 2. 5. 134. 4. 0. 3. 38.
    12. 0. 4. 134. 7. 3. 8. 33. 3. 8. 10. 134. 8. 0. 1. 22. 12. 21. 3.
    36. 1. 0. 0. 0. 7. 95. 5. 26. 1. 10. 32. 33. 89. 6. 1. 29. 4. 68.
    107. 25. 29. 30. 3. 22. 6. 4. 5. 2. 134. 35. 4. 0. 0. 0. 0. 0. 1.
    134. 28. 0. 0. 22. 18. 3. 14. 35. 3. 0. 2. 102. 95. 46. 75. 17. 0.
    0. 86. 14. 4. 13. 134. 17. 2. 0. 0. 0. 24. 6. 3. 134. 22. 0. 1. 1.
    4. 3. 19. 61. 4. 1. 72. 21. 26. 42. 22. 0. 0. 0. 134. 30. 1. 7. 13.
    12. 0. 0. 0. 0. 0. 0. 7. 81. 0. 1. 6. 6. 1. 12. 137. 8. 0. 71. 55.
    20. 2. 84. 72. 0. 0. 138. 8. 0. 0. 89. 3. 45. 0. 0. 0. 0. 0. 0. 3.
    138. 4. 1. 5. 23. 27. 4. 47. 26. 1. 34. 47. 102. 138. 3. 12. 0. 0.
    85. 8. 8. 59. 1. 2. 47. 1. 0. 0. 0. 0. 0. 0. 138. 26. 9. 19. 12. 7.
    1. 3. 30. 16. 77. 70. 64. 116. 1. 2. 1. 3. 15. 10. 46. 99. 18. 43.
    35. 1. 0. 0. 0. 0. 0. 0. 138. 5. 1. 7. 40. 6. 1. 1. 22. 8. 34. 32.
    100. 25. 18. 43. 4. 4. 15. 48. 7. 3. 18. 109. 21. 0. 0. 0. 0. 0. 0.
    2. 135. 1. 1. 6. 28. 4. 0. 28. 37. 10. 32. 43. 112. 22. 19. 34. 4.
    8. 24. 31. 13. 6. 33. 97. 39. 1. 0. 0. 0. 0. 0. 3. 135. 11. 0. 2.
    14. 19. 7. 47. 38. 3. 8. 69. 74. 81. 65. 49. 0. 0. 40. 135. 7. 7.
    27. 46. 26. 8. 0. 0. 0. 0. 0. 0. 135. 135. 16. 5. 7. 2. 1. 5. 24.
    82. 76. 58. 76. 59. 38. 2. 0. 6. 52. 41. 12. 48. 135. 0. 1. 3. 0. 0.
    0. 0. 0. 0. 7. 80. 26. 0. 0. 0. 0. 0. 1. 73. 135. 0. 0. 3. 4. 0. 0.
    22. 135. 0. 0. 3. 19. 0.</data></descriptors>
</opencv_storage>
