<?xml version="1.0"?>
<opencv_storage>
<keypoints type_id="opencv-matrix">
  <rows>80</rows>
  <cols>7</cols>
  <dt>d</dt>
  <data>
    4.0220627784729004e+00 6.0227298736572266e+01 3.3221340179443359e+00
    1.5990570068359375e+02 2.2173952311277390e-02 11076607. -1.
    8.1093435287475586e+00 5.0801013946533203e+01 1.9246571063995361e+00
    1.9448564147949219e+02 3.6305766552686691e-02 4981247. -1.
    9.1486377716064453e+00 6.0603492736816406e+01 3.7366695404052734e+00
    1.5078895568847656e+02 3.5346932709217072e-02 2883840. -1.
    1.0311925888061523e+01 1.6115758895874023e+01 2.3589906692504883e+00
    3.4937298583984375e+02 4.9324885010719299e-02 3015423. -1.
    1.1489231109619141e+01 6.8775138854980469e+01 2.5740134716033936e+00
    2.2140592956542969e+02 1.9125329330563545e-02 9306879. -1.
    1.2136008262634277e+01 7.2484260559082031e+01 2.1791913509368896e+00
    6.4748657226562500e+01 4.2161583900451660e-02 13959679. -1.
    1.2136008262634277e+01 7.2484260559082031e+01 2.1791913509368896e+00
    2.1232191467285156e+02 4.2161583900451660e-02 13959679. -1.
    1.2653403282165527e+01 8.1546802520751953e+00 2.7914762496948242e+00
    5.2155303955078125e+01 2.8824077919125557e-02 15205119. -1.
    1.2854501724243164e+01 2.3127218246459961e+01 2.7952916622161865e+00
    3.0062432861328125e+02 4.1696775704622269e-02 15270655. -1.
    1.3158726692199707e+01 5.6714195251464844e+01 4.2421488761901855e+00
    1.6405166625976563e+02 3.1298242509365082e-02 12058880. -1.
    1.3777475357055664e+01 1.5755661964416504e+01 1.8247883319854736e+00
    5.2500488281250000e+01 4.2123924940824509e-02 1180159. -1.
    1.3777475357055664e+01 1.5755661964416504e+01 1.8247883319854736e+00
    1.6930355834960938e+02 4.2123924940824509e-02 1180159. -1.
    1.4465743064880371e+01 6.5081260681152344e+01 3.4853692054748535e+00
    2.1571392822265625e+02 2.8910890221595764e-02 14550015. -1.
    1.5402082443237305e+01 9.7052078247070313e+00 1.9652017354965210e+00
    4.8478179931640625e+01 2.9706610366702080e-02 6488575. -1.
    1.7857744216918945e+01 3.3632202148437500e+01 2.9839360713958740e+00
    1.9876387023925781e+02 1.3435991480946541e-02 3277823. -1.
    1.7857744216918945e+01 3.3632202148437500e+01 2.9839360713958740e+00
    2.1987882995605469e+02 1.3435991480946541e-02 3277823. -1.
    1.9190326690673828e+01 8.3033494949340820e+00 2.8489377498626709e+00
    1.2331359863281250e+02 2.8854455798864365e-02 16646911. -1.
    1.9360458374023438e+01 5.3416625976562500e+01 4.6346735954284668e+00
    1.3674133300781250e+01 3.2949455082416534e-02 1704448. -1.
    1.9643777847290039e+01 6.9002899169921875e+01 9.0244331359863281e+00
    3.5093634033203125e+02 3.5665899515151978e-02 16515329. -1.
    2.0150613784790039e+01 6.2395511627197266e+01 3.4613206386566162e+00
    3.4628527832031250e+02 4.0740303695201874e-02 14025727. -1.
    2.1211198806762695e+01 7.5812843322753906e+01 2.2501685619354248e+00
    1.8379058837890625e+01 3.1749110668897629e-02 16318975. -1.
    2.2952630996704102e+01 4.3042587280273438e+01 1.7687936782836914e+01
    8.3409301757812500e+01 2.2368837147951126e-02 15008002. -1.
    2.3548130035400391e+01 7.0392868041992188e+01 1.9734758138656616e+00
    8.2103881835937500e+00 3.0216297134757042e-02 6816255. -1.
    2.9164077758789063e+01 5.4485748291015625e+01 2.8134927749633789e+00
    1.0572877502441406e+02 3.5423539578914642e-02 15729407. -1.
    2.9176540374755859e+01 1.4713125228881836e+01 2.4760327339172363e+00
    2.4298808288574219e+02 1.8072005361318588e-02 6488831. -1.
    3.1555200576782227e+01 8.0908088684082031e+01 1.8304026126861572e+00
    1.2719204711914063e+02 1.6775509342551231e-02 1376767. -1.
    3.2966655731201172e+01 8.4635429382324219e+01 2.2168121337890625e+00
    1.6988562011718750e+02 2.8146686032414436e-02 15204863. -1.
    3.4015819549560547e+01 7.7287567138671875e+01 3.1854469776153564e+00
    2.0433496093750000e+02 3.4852791577577591e-02 7996415. -1.
    3.4045383453369141e+01 7.1962081909179688e+01 2.9152085781097412e+00
    2.9096560668945313e+02 1.5917606651782990e-02 1639423. -1.
    3.4872852325439453e+01 1.5271807670593262e+01 2.5689785480499268e+00
    1.7725320434570313e+02 1.5608382411301136e-02 9175807. -1.
    3.5928417205810547e+01 6.8905782699584961e+00 2.9259927272796631e+00
    2.4759896850585938e+02 1.5047158114612103e-02 1901567. -1.
    3.6678207397460938e+01 5.5540157318115234e+01 5.2806048393249512e+00
    1.0214984130859375e+02 4.9348566681146622e-02 11141632. -1.
    3.8634464263916016e+01 7.6139343261718750e+01 3.7325675487518311e+00
    2.8137426757812500e+02 5.3516656160354614e-02 2752768. -1.
    4.1092971801757813e+01 4.9778694152832031e+01 2.5636703968048096e+00
    3.5612225341796875e+02 7.8661225736141205e-02 9044735. -1.
    4.1502548217773438e+01 2.9223184585571289e+01 2.8201131820678711e+01
    1.1075045776367188e+02 2.5939699262380600e-02 15336194. -1.
    4.2069934844970703e+01 7.2271575927734375e+01 3.2116558551788330e+00
    2.4136494445800781e+02 4.9234386533498764e-02 8651775. -1.
    4.2069934844970703e+01 7.2271575927734375e+01 3.2116558551788330e+00
    2.8699487304687500e+02 4.9234386533498764e-02 8651775. -1.
    4.2143161773681641e+01 6.4403274536132813e+01 1.3183196067810059e+01
    8.2800781250000000e+01 7.7446646988391876e-02 10486529. -1.
    4.4572925567626953e+01 5.7016284942626953e+01 2.9146678447723389e+00
    1.1597235107421875e+02 5.5047076195478439e-02 1573887. -1.
    4.5137210845947266e+01 8.1105377197265625e+01 2.1643781661987305e+00
    1.3201623535156250e+02 5.7693008333444595e-02 13500927. -1.
    4.6548564910888672e+01 5.3566341400146484e+01 2.0059008598327637e+00
    1.1804450988769531e+02 4.9127545207738876e-02 7995903. -1.
    4.8861114501953125e+01 7.1905525207519531e+01 2.3423097133636475e+00
    2.3969268798828125e+02 4.9548327922821045e-02 2491135. -1.
    4.9453830718994141e+01 5.8411991119384766e+01 2.6426541805267334e+00
    1.9172746276855469e+02 4.6861153095960617e-02 11207423. -1.
    4.9945068359375000e+01 7.7136505126953125e+01 7.0974421501159668e+00
    9.8616455078125000e+01 6.5306857228279114e-02 15860480. -1.
    4.9945068359375000e+01 7.7136505126953125e+01 7.0974421501159668e+00
    2.4046572875976563e+02 6.5306857228279114e-02 15860480. -1.
    5.1494266510009766e+01 1.2326002120971680e+01 1.0112284660339355e+01
    2.6243389892578125e+02 1.8496090546250343e-02 7995905. -1.
    5.1494266510009766e+01 1.2326002120971680e+01 1.0112284660339355e+01
    3.3839038085937500e+02 1.8496090546250343e-02 7995905. -1.
    5.2696884155273438e+01 7.0507690429687500e+01 2.0571315288543701e+00
    1.7926928710937500e+02 5.6630857288837433e-02 9830911. -1.
    5.3030868530273438e+01 6.2726463317871094e+01 2.1054751873016357e+00
    1.9305085754394531e+02 6.6902749240398407e-02 11469311. -1.
    5.6539138793945313e+01 6.6760818481445313e+01 4.3673768043518066e+00
    1.9102597045898438e+02 4.7256536781787872e-02 14156032. -1.
    5.7308532714843750e+01 5.8697597503662109e+01 6.6618700027465820e+00
    1.6038348388671875e+02 3.0294965952634811e-02 11272960. -1.
    5.9490859985351563e+01 7.2348281860351563e+01 2.0081074237823486e+00
    2.1031765747070313e+02 3.7985254079103470e-02 8061439. -1.
    6.1414081573486328e+01 6.7814010620117188e+01 2.1138300895690918e+00
    1.4628723144531250e+01 4.7811411321163177e-02 11796991. -1.
    6.1414081573486328e+01 6.7814010620117188e+01 2.1138300895690918e+00
    2.1177354431152344e+02 4.7811411321163177e-02 11796991. -1.
    6.1985034942626953e+01 5.4094409942626953e+01 2.4460637569427490e+00
    1.3133544921875000e+00 1.5705505385994911e-02 5636863. -1.
    6.5809906005859375e+01 4.6987228393554688e+01 2.0485761642456055e+01
    1.3687875366210938e+02 2.8656121343374252e-02 8978946. -1.
    6.6322624206542969e+01 5.5192970275878906e+01 3.0446166992187500e+00
    1.3805392456054688e+02 5.0901103764772415e-02 4785151. -1.
    6.6520530700683594e+01 2.6535896301269531e+01 2.3954513072967529e+00
