<?xml version="1.0"?>
<opencv_storage>
<keypoints type_id="opencv-matrix">
  <rows>24</rows>
  <cols>7</cols>
  <dt>d</dt>
  <data>
    5.8364577293395996e+00 2.2096588134765625e+01 1.8523372411727905e+00
    4.6132202148437500e+00 5.3194936364889145e-02 2228735. -1.
    5.8364577293395996e+00 2.2096588134765625e+01 1.8523372411727905e+00
    1.2665240478515625e+02 5.3194936364889145e-02 2228735. -1.
    6.1832151412963867e+00 1.1256052970886230e+01 2.1549944877624512e+00
    3.5588842773437500e+02 4.1237037628889084e-02 13173247. -1.
    8.3377828598022461e+00 7.8283805847167969e+00 4.8808569908142090e+00
    8.1851165771484375e+01 6.1326988041400909e-02 5440000. -1.
    9.0359735488891602e+00 4.1616790771484375e+01 6.3621020317077637e+00
    3.5295248413085938e+02 5.2883155643939972e-02 7930624. -1.
    9.6836500167846680e+00 1.8698850631713867e+01 2.1191658973693848e+00
    3.2140667724609375e+02 1.0175504535436630e-01 11993599. -1.
    1.4567318916320801e+01 3.0607238769531250e+01 1.9453808069229126e+00
    1.4339947509765625e+02 2.5692174211144447e-02 5767679. -1.
    2.0829303741455078e+01 2.5921102523803711e+01 5.9215226173400879e+00
    1.0851791381835938e+02 6.6406801342964172e-02 2753280. -1.
    2.2447916030883789e+01 2.3039222717285156e+01 1.8838182449340820e+01
    2.0454074096679688e+02 4.9324747174978256e-02 2884098. -1.
    2.2764806747436523e+01 3.8500034332275391e+01 2.9662222862243652e+00
    2.7024304199218750e+02 8.6223445832729340e-02 2884607. -1.
    2.2812009811401367e+01 3.1852865219116211e+01 2.4866163730621338e+00
    2.1946464538574219e+02 6.3077412545681000e-02 6816511. -1.
    2.2812009811401367e+01 3.1852865219116211e+01 2.4866163730621338e+00
    3.1984808349609375e+02 6.3077412545681000e-02 6816511. -1.
    2.3481761932373047e+01 2.3905273437500000e+01 2.5908637046813965e+00
    1.0975897216796875e+02 4.7760765999555588e-02 9765631. -1.
    2.7062168121337891e+01 2.7880197525024414e+01 1.8601087331771851e+00
    2.2411563110351563e+02 5.8439593762159348e-02 2556415. -1.
    2.9276002883911133e+01 1.7186761856079102e+01 2.1552956104278564e+00
    2.7419113159179688e+02 7.2933577001094818e-02 13173247. -1.
    2.9378322601318359e+01 6.9011507034301758e+00 3.2810790538787842e+00
    9.0859283447265625e+01 7.5001247227191925e-02 10159103. -1.
    2.9523588180541992e+01 3.4336452484130859e+01 3.2413127422332764e+00
    1.8135671997070313e+02 7.9901419579982758e-02 9307135. -1.
    2.9668909072875977e+01 4.4143505096435547e+01 2.6562771797180176e+00
    2.6913787841796875e+02 8.6811631917953491e-02 11600639. -1.
    3.2004585266113281e+01 1.3037261962890625e+01 2.0198199748992920e+00
    5.0552642822265625e+01 6.6675856709480286e-02 8520191. -1.
    3.6161483764648438e+01 1.7332994461059570e+01 7.6485643386840820e+00
    1.2856901550292969e+02 7.4968710541725159e-02 4522241. -1.
    3.6161483764648438e+01 1.7332994461059570e+01 7.6485643386840820e+00
    2.2685542297363281e+02 7.4968710541725159e-02 4522241. -1.
    3.7032794952392578e+01 2.1872177124023438e+01 2.2089421749114990e+00
    2.3310360717773438e+02 7.0976532995700836e-02 14942719. -1.
    3.7081447601318359e+01 1.2810171127319336e+01 2.3649671077728271e+00
    1.3077684020996094e+02 7.0227801799774170e-02 3212031. -1.
    3.9839401245117188e+01 1.7340681076049805e+01 2.4713320732116699e+00
    1.8808233642578125e+02 7.2691157460212708e-02 6357759. -1.</data></keypoints>
<descriptors type_id="opencv-matrix">
  <rows>24</rows>
  <cols>128</cols>
  <dt>f</dt>
  <data>
    6. 1. 0. 0. 0. 0. 0. 7. 23. 4. 3. 0. 0. 4. 34. 43. 138. 63. 2. 0. 0.
    6. 21. 96. 32. 48. 10. 1. 35. 111. 36. 39. 44. 1. 0. 0. 0. 0. 0. 6.
    138. 3. 0. 0. 0. 32. 49. 65. 61. 136. 3. 0. 0. 112. 64. 14. 14. 138.
    28. 1. 16. 52. 8. 2. 47. 4. 0. 0. 0. 0. 0. 0. 138. 21. 0. 0. 0. 9.
    11. 18. 60. 8. 0. 0. 0. 138. 67. 14. 2. 97. 9. 1. 2. 138. 32. 2. 28.
    3. 0. 0. 0. 0. 0. 0. 138. 34. 0. 0. 0. 0. 0. 0. 87. 13. 0. 0. 0. 19.
    4. 3. 0. 1. 0. 0. 0. 87. 23. 1. 86. 12. 1. 30. 123. 2. 1. 43. 120.
    5. 2. 32. 117. 1. 1. 21. 101. 2. 2. 9. 0. 0. 0. 18. 2. 1. 23. 72. 0.
    0. 0. 0. 38. 15. 38. 117. 123. 2. 1. 36. 123. 18. 10. 56. 89. 0. 0.
    7. 83. 15. 59. 123. 0. 0. 0. 4. 0. 0. 54. 123. 0. 0. 0. 0. 10. 25.
    123. 117. 22. 0. 0. 0. 89. 55. 73. 64. 9. 0. 0. 2. 12. 10. 96. 123.
    0. 0. 0. 0. 0. 0. 20. 86. 0. 0. 0. 0. 1. 11. 11. 13. 20. 13. 0. 0.
    2. 19. 42. 19. 1. 0. 0. 0. 0. 0. 15. 29. 0. 0. 0. 0. 0. 0. 1. 2. 0.
    0. 0. 0. 13. 0. 0. 0. 0. 0. 0. 2. 129. 0. 0. 0. 0. 0. 10. 69. 88. 1.
    1. 0. 0. 4. 113. 64. 1. 2. 2. 0. 0. 13. 129. 2. 26. 0. 0. 0. 0. 0.
    0. 2. 129. 19. 9. 1. 0. 0. 0. 21. 116. 32. 123. 21. 0. 0. 0. 6. 1.
    25. 129. 4. 0. 0. 2. 0. 23. 3. 0. 0. 0. 0. 0. 1. 129. 70. 59. 8. 0.
    0. 0. 3. 58. 46. 129. 46. 0. 1. 45. 34. 3. 38. 129. 6. 0. 26. 129.
    12. 3. 3. 0. 0. 0. 0. 0. 2. 21. 31. 23. 1. 0. 1. 12. 16. 111. 72.
    20. 1. 1. 8. 28. 92. 11. 74. 48. 2. 14. 54. 60. 21. 12. 0. 0. 0. 0.
    0. 0. 3. 148. 1. 0. 1. 0. 0. 0. 67. 141. 3. 1. 59. 67. 0. 0. 23. 54.
    3. 2. 27. 60. 2. 2. 45. 34. 2. 0. 0. 0. 0. 0. 4. 148. 52. 13. 11. 2.
    0. 0. 48. 82. 27. 47. 148. 41. 0. 0. 9. 58. 59. 45. 23. 11. 0. 1.
    13. 16. 14. 0. 0. 0. 0. 0. 0. 98. 148. 101. 9. 0. 0. 0. 1. 8. 56.
    148. 127. 5. 0. 0. 0. 3. 148. 135. 16. 0. 0. 0. 0. 0. 1. 0. 0. 0. 0.
    0. 0. 0. 11. 14. 0. 0. 0. 0. 0. 0. 4. 34. 6. 0. 0. 0. 0. 0. 30. 27.
    1. 0. 0. 0. 0. 6. 0. 0. 0. 0. 0. 0. 2. 154. 0. 0. 0. 0. 0. 1. 117.
    117. 42. 6. 6. 11. 6. 21. 116. 24. 75. 40. 33. 23. 58. 57. 16. 21.
    3. 0. 0. 0. 0. 0. 2. 154. 63. 14. 4. 1. 0. 0. 50. 104. 50. 61. 90.
    38. 3. 2. 16. 11. 67. 83. 70. 31. 0. 0. 1. 10. 11. 0. 0. 0. 0. 0. 0.
    103. 154. 84. 2. 0. 0. 0. 1. 12. 79. 154. 45. 3. 0. 0. 0. 2. 51.
    154. 42. 12. 0. 0. 0. 0. 0. 0. 0. 0. 0. 0. 0. 1. 5. 4. 0. 0. 0. 0.
    0. 0. 4. 24. 0. 0. 0. 0. 0. 0. 5. 30. 3. 0. 0. 0. 0. 2. 1. 0. 0. 0.
    5. 13. 10. 36. 29. 5. 0. 0. 5. 11. 23. 51. 44. 27. 0. 0. 24. 32. 49.
    4. 100. 26. 0. 0. 49. 15. 1. 7. 0. 0. 0. 22. 38. 40. 80. 72. 2. 0.
    1. 15. 30. 81. 121. 66. 56. 3. 6. 49. 55. 73. 55. 41. 51. 1. 2. 51.
    102. 12. 1. 17. 0. 0. 0. 88. 55. 13. 58. 121. 27. 1. 11. 64. 24. 10.
    41. 77. 35. 2. 64. 121. 28. 10. 8. 96. 58. 2. 7. 81. 32. 1. 0. 4. 0.
    0. 0. 88. 25. 1. 5. 121. 25. 1. 2. 61. 24. 3. 4. 55. 20. 0. 8. 102.
    121. 42. 4. 20. 104. 6. 1. 8. 74. 35. 0. 14. 1. 0. 6. 148. 42. 3. 2.
    148. 21. 0. 2. 51. 9. 10. 28. 35. 7. 0. 0. 0. 9. 64. 12. 0. 1. 0. 0.
    0. 3. 49. 20. 8. 1. 0. 0. 148. 85. 1. 1. 148. 18. 0. 0. 89. 30. 2.
    15. 76. 7. 0. 0. 0. 3. 3. 8. 1. 4. 0. 0. 0. 2. 2. 2. 2. 0. 0. 0.
    148. 76. 0. 1. 148. 21. 0. 0. 121. 38. 2. 11. 82. 17. 0. 0. 1. 2. 1.
    2. 1. 1. 0. 0. 1. 2. 2. 2. 0. 13. 17. 6. 148. 37. 0. 0. 105. 35. 0.
    1. 145. 29. 0. 0. 76. 33. 0. 0. 0. 0. 0. 0. 3. 2. 1. 8. 3. 0. 0. 0.
    42. 5. 7. 8. 6. 76. 91. 73. 1. 1. 3. 5. 7. 120. 120. 18. 0. 0. 0. 0.
    0. 18. 120. 66. 0. 0. 0. 0. 26. 55. 105. 15. 52. 18. 34. 41. 25. 18.
    3. 23. 118. 22. 19. 22. 14. 39. 76. 38. 12. 2. 2. 21. 81. 73. 94.
    20. 0. 0. 2. 12. 70. 53. 26. 1. 44. 29. 1. 8. 68. 28. 1. 4. 120. 79.
    32. 21. 24. 7. 1. 7. 14. 25. 43. 67. 69. 8. 15. 8. 1. 1. 28. 33. 20.
    32. 49. 5. 40. 60. 18. 44. 32. 1. 0. 0. 4. 33. 120. 54. 14. 0. 0. 0.
    2. 28. 120. 37. 0. 0. 0. 1. 1. 1. 120. 97. 1. 0. 1. 1. 0. 0. 0. 0.
    0. 0. 0. 0. 1. 0. 0. 0. 0. 3. 1. 0. 0. 0. 0. 0. 2. 15. 1. 0. 0. 0.
    0. 0. 0. 0. 0. 0. 15. 1. 0. 0. 0. 0. 0. 3. 164. 58. 5. 6. 15. 33.
    14. 60. 100. 19. 9. 50. 164. 151. 21. 25. 0. 0. 0. 6. 21. 1. 0. 0.
    7. 0. 0. 0. 0. 0. 0. 2. 164. 164. 116. 17. 10. 3. 0. 38. 59. 148.
    129. 142. 164. 14. 1. 6. 0. 0. 0. 10. 42. 0. 0. 0. 0. 0. 0. 0. 0. 0.
    0. 0. 0. 23. 15. 0. 0. 0. 0. 0. 0. 18. 10. 1. 0. 0. 0. 0. 0. 0. 0.
    0. 0. 0. 0. 0. 123. 14. 7. 17. 9. 0. 0. 1. 14. 21. 37. 32. 10. 15.
    18. 23. 8. 93. 42. 13. 3. 22. 8. 3. 5. 8. 39. 71. 0. 0. 1. 56. 123.
    3. 0. 2. 21. 1. 0. 2. 123. 8. 2. 8. 22. 47. 26. 57. 16. 20. 29. 36.
