<?xml version="1.0"?>
<opencv_storage>
<keypoints type_id="opencv-matrix">
  <rows>28</rows>
  <cols>7</cols>
  <dt>d</dt>
  <data>
    1.2134248733520508e+01 2.5269660949707031e+01 3.7133586406707764e+00
    3.5896948242187500e+02 4.9513470381498337e-02 2425088. -1.
    1.3406302452087402e+01 2.8251054763793945e+01 2.0219547748565674e+00
    2.7132873535156250e+00 4.5706324279308319e-02 8585727. -1.
    1.3438139915466309e+01 2.2201498031616211e+01 2.0060143470764160e+00
    3.5603561401367188e+02 4.6019069850444794e-02 7995903. -1.
    2.0027257919311523e+01 2.5393733978271484e+01 5.7294435501098633e+00
    3.5878775024414063e+02 4.1502684354782104e-02 328448. -1.
    2.0953710556030273e+01 3.5851360321044922e+01 2.9212498664855957e+00
    1.5772717285156250e+02 7.4626967310905457e-02 1770495. -1.
    2.0953710556030273e+01 3.5851360321044922e+01 2.9212498664855957e+00
    2.7090600585937500e+02 7.4626967310905457e-02 1770495. -1.
    2.1037403106689453e+01 1.4601652145385742e+01 2.9757297039031982e+00
    8.9248687744140625e+01 7.3986694216728210e-02 3081215. -1.
    2.1037403106689453e+01 1.4601652145385742e+01 2.9757297039031982e+00
    2.0213961791992188e+02 7.3986694216728210e-02 3081215. -1.
    2.5363515853881836e+01 1.0418183326721191e+01 2.7326896190643311e+00
    8.9986602783203125e+01 5.8045506477355957e-02 13632255. -1.
    2.6165664672851563e+01 4.0101474761962891e+01 2.7232060432434082e+00
    2.6955950927734375e+02 5.8767821639776230e-02 13370111. -1.
    2.6241256713867188e+01 1.9369962692260742e+01 4.8241591453552246e+00
    5.8274108886718750e+01 9.4747930765151978e-02 4653568. -1.
    2.6297626495361328e+01 3.1115610122680664e+01 4.8342719078063965e+00
    3.0618426513671875e+02 9.5817528665065765e-02 4784640. -1.
    2.6859243392944336e+01 2.5325479507446289e+01 3.1367058753967285e+00
    7.7178131103515625e+01 9.6092484891414642e-02 6882303. -1.
    2.6859243392944336e+01 2.5325479507446289e+01 3.1367058753967285e+00
    2.8253167724609375e+02 9.6092484891414642e-02 6882303. -1.
    2.9415283203125000e+01 2.1444395065307617e+01 2.4761466979980469e+00
    8.2985443115234375e+01 7.3682203888893127e-02 6488831. -1.
    2.9552253723144531e+01 2.8990011215209961e+01 2.3795530796051025e+00
    2.7712750244140625e+02 7.7966257929801941e-02 3670783. -1.
    3.1875928878784180e+01 1.9518875122070313e+01 1.9803634881973267e+00
    1.1755296325683594e+02 7.7498391270637512e-02 7078399. -1.
    3.2045688629150391e+01 3.0894309997558594e+01 2.0752036571502686e+00
    1.0063446044921875e+01 7.5356192886829376e-02 10486271. -1.
    3.2045688629150391e+01 3.0894309997558594e+01 2.0752036571502686e+00
    2.4273065185546875e+02 7.5356192886829376e-02 10486271. -1.
    3.3002456665039063e+01 3.3702869415283203e+01 2.2046060562133789e+00
    7.6956970214843750e+01 7.5723439455032349e-02 14811647. -1.
    3.3002456665039063e+01 3.3702869415283203e+01 2.2046060562133789e+00
    2.4176510620117188e+02 7.5723439455032349e-02 14811647. -1.
    3.3009708404541016e+01 1.6830669403076172e+01 2.2663695812225342e+00
    1.1680783081054688e+02 7.8574620187282562e-02 131839. -1.
    3.3009708404541016e+01 1.6830669403076172e+01 2.2663695812225342e+00
    2.8196234130859375e+02 7.8574620187282562e-02 131839. -1.
    3.4786567687988281e+01 2.5318164825439453e+01 6.6398124694824219e+00
    5.2568908691406250e+01 9.0695165097713470e-02 11010816. -1.
    3.4786567687988281e+01 2.5318164825439453e+01 6.6398124694824219e+00
    1.2918914794921875e+02 9.0695165097713470e-02 11010816. -1.
    3.4786567687988281e+01 2.5318164825439453e+01 6.6398124694824219e+00
    2.3170227050781250e+02 9.0695165097713470e-02 11010816. -1.
    3.5255771636962891e+01 3.6226238250732422e+01 2.1891322135925293e+00
    7.4496154785156250e+01 9.3976274132728577e-02 14287359. -1.
    3.5266159057617188e+01 1.4327935218811035e+01 2.1852405071258545e+00
    2.8635836791992188e+02 9.6182778477668762e-02 14221823. -1.</data></keypoints>
<descriptors type_id="opencv-matrix">
  <rows>28</rows>
  <cols>128</cols>
  <dt>f</dt>
  <data>
    0. 0. 0. 1. 0. 0. 0. 0. 32. 14. 6. 6. 0. 0. 0. 5. 148. 32. 2. 0. 0.
    0. 5. 68. 72. 2. 3. 54. 89. 9. 26. 58. 0. 0. 0. 7. 10. 1. 0. 0. 31.
    34. 23. 64. 39. 7. 0. 2. 148. 98. 12. 8. 2. 1. 0. 8. 148. 5. 1. 12.
    136. 50. 9. 6. 0. 0. 0. 1. 12. 7. 0. 0. 33. 4. 1. 11. 46. 63. 20.
    31. 148. 10. 1. 2. 2. 8. 11. 80. 148. 5. 11. 55. 117. 10. 3. 6. 0.
    0. 0. 0. 0. 1. 0. 0. 26. 2. 0. 0. 0. 9. 8. 14. 148. 43. 1. 0. 0. 1.
    3. 23. 94. 35. 12. 15. 122. 54. 3. 2. 0. 0. 0. 67. 37. 10. 0. 0.
    114. 19. 7. 62. 12. 6. 0. 0. 148. 25. 1. 0. 45. 3. 0. 0. 148. 11. 0.
    0. 56. 4. 0. 0. 0. 0. 0. 7. 32. 94. 2. 0. 122. 4. 0. 4. 8. 103. 22.
    15. 148. 15. 0. 0. 52. 5. 3. 12. 148. 14. 0. 0. 75. 5. 0. 0. 0. 0.
    0. 0. 0. 27. 2. 0. 43. 1. 0. 0. 0. 75. 36. 26. 148. 28. 2. 4. 42. 4.
    10. 35. 148. 14. 1. 4. 71. 3. 0. 0. 0. 0. 0. 0. 0. 0. 0. 0. 14. 3.
    0. 0. 0. 2. 3. 3. 107. 44. 2. 3. 14. 1. 1. 10. 148. 15. 1. 4. 30. 2.
    0. 2. 0. 0. 0. 0. 0. 0. 0. 0. 34. 5. 3. 2. 0. 0. 0. 2. 144. 8. 1. 3.
    32. 1. 0. 14. 129. 0. 0. 6. 69. 1. 0. 13. 0. 0. 2. 27. 0. 0. 0. 0.
    43. 28. 35. 72. 0. 0. 0. 0. 144. 47. 10. 9. 43. 0. 0. 3. 144. 0. 0.
    9. 77. 0. 0. 17. 0. 0. 4. 93. 29. 6. 0. 0. 118. 14. 23. 97. 7. 3. 0.
    7. 144. 10. 3. 6. 48. 0. 0. 25. 144. 0. 0. 7. 69. 0. 0. 19. 0. 0. 0.
    10. 39. 66. 0. 0. 118. 1. 1. 6. 11. 52. 7. 23. 144. 0. 0. 4. 45. 0.
    0. 33. 144. 0. 0. 5. 52. 0. 0. 17. 17. 3. 1. 0. 0. 0. 0. 13. 54. 4.
    0. 1. 7. 6. 58. 103. 6. 6. 8. 24. 37. 36. 118. 28. 7. 9. 4. 3. 12.
    32. 67. 19. 40. 25. 8. 12. 10. 2. 1. 4. 128. 47. 2. 5. 26. 12. 4.
    34. 44. 19. 14. 39. 107. 74. 52. 83. 31. 29. 10. 9. 16. 70. 118.
    128. 40. 4. 1. 2. 11. 12. 7. 22. 128. 28. 3. 15. 26. 5. 2. 40. 49.
    93. 50. 80. 91. 37. 17. 26. 37. 128. 106. 69. 15. 15. 20. 43. 19.
    11. 0. 0. 0. 1. 1. 4. 68. 102. 49. 7. 10. 2. 0. 3. 10. 33. 101. 36.
    43. 27. 8. 8. 11. 28. 64. 41. 13. 2. 4. 10. 0. 4. 10. 5. 8. 110. 57.
    0. 11. 18. 11. 4. 4. 56. 81. 9. 9. 7. 0. 0. 0. 12. 22. 6. 0. 0. 0.
    0. 0. 2. 1. 0. 6. 105. 121. 16. 4. 43. 32. 0. 57. 88. 22. 0. 5. 99.
    121. 11. 6. 1. 0. 1. 39. 121. 75. 4. 0. 0. 0. 0. 8. 45. 6. 0. 65.
    57. 49. 27. 20. 41. 32. 47. 121. 72. 8. 21. 28. 9. 7. 97. 19. 1. 0.
    62. 121. 56. 5. 4. 0. 0. 0. 22. 60. 30. 1. 0. 33. 1. 9. 7. 14. 109.
    70. 86. 84. 0. 0. 48. 50. 1. 7. 121. 2. 0. 1. 87. 103. 0. 0. 1. 1.
    4. 5. 40. 34. 0. 0. 0. 5. 0. 0. 0. 0. 0. 0. 3. 21. 0. 0. 0. 0. 0.
    24. 45. 1. 0. 0. 0. 1. 4. 104. 26. 0. 0. 0. 2. 5. 25. 117. 7. 23. 2.
    1. 1. 0. 0. 0. 7. 120. 6. 3. 3. 0. 0. 25. 128. 10. 2. 48. 23. 0. 2.
    129. 59. 0. 5. 71. 3. 0. 1. 129. 7. 32. 19. 9. 18. 8. 1. 0. 1. 129.
    62. 15. 37. 23. 0. 2. 22. 17. 10. 129. 129. 74. 3. 11. 8. 51. 61.
    129. 19. 2. 1. 9. 11. 26. 4. 2. 6. 17. 16. 5. 11. 129. 12. 1. 6. 58.
    9. 2. 26. 12. 2. 8. 31. 129. 61. 29. 6. 128. 12. 10. 4. 5. 11. 47.
    69. 23. 13. 6. 17. 12. 3. 1. 2. 128. 29. 3. 7. 61. 6. 0. 7. 13. 8.
    32. 56. 128. 29. 8. 2. 128. 76. 48. 9. 4. 4. 9. 11. 30. 2. 1. 3. 14.
    20. 9. 17. 128. 23. 2. 1. 25. 38. 14. 58. 19. 8. 11. 3. 77. 128.
    128. 11. 54. 13. 10. 1. 2. 16. 128. 63. 21. 5. 0. 0. 0. 2. 2. 4.
    128. 122. 19. 0. 0. 3. 3. 8. 14. 56. 128. 3. 0. 22. 49. 2. 0. 2.
    128. 4. 0. 2. 70. 5. 4. 3. 0. 0. 0. 0. 0. 0. 30. 54. 17. 0. 0. 0. 0.
    0. 5. 30. 101. 13. 1. 0. 0. 0. 0. 0. 111. 41. 5. 3. 0. 0. 32. 81.
    68. 112. 15. 8. 11. 2. 82. 119. 7. 1. 48. 48. 0. 0. 2. 1. 0. 0. 67.
    110. 2. 0. 1. 0. 0. 0. 33. 60. 6. 4. 60. 46. 34. 45. 24. 28. 48. 55.
    119. 100. 8. 9. 28. 20. 9. 74. 19. 4. 7. 71. 119. 49. 0. 1. 0. 0. 3.
    46. 68. 16. 0. 0. 5. 0. 31. 43. 5. 15. 119. 107. 55. 10. 119. 109.
    5. 0. 24. 89. 7. 6. 85. 119. 35. 1. 0. 1. 0. 0. 8. 46. 6. 0. 0. 0.
    0. 0. 56. 98. 7. 4. 8. 5. 7. 6. 67. 63. 6. 7. 16. 15. 12. 7. 23. 8.
    0. 0. 1. 12. 0. 0. 1. 1. 0. 0. 0. 0. 0. 0. 0. 0. 0. 0. 0. 0. 40. 5.
    3. 3. 0. 0. 0. 1. 143. 10. 1. 11. 71. 2. 0. 8. 42. 14. 29. 34. 134.
