<?xml version="1.0"?>
<opencv_storage>
<keypoints type_id="opencv-matrix">
  <rows>31</rows>
  <cols>7</cols>
  <dt>d</dt>
  <data>
    1.2860843658447266e+01 3.2676837921142578e+01 3.3265740871429443e+00
    9.1135253906250000e+00 6.7189082503318787e-02 11142143. -1.
    1.3113152503967285e+01 2.4314344406127930e+01 2.2004601955413818e+00
    7.3016906738281250e+01 2.7962813153862953e-02 14680575. -1.
    1.3297065734863281e+01 2.3176389694213867e+01 4.0170197486877441e+00
    4.5427734375000000e+01 2.4270927533507347e-02 8061184. -1.
    1.4915540695190430e+01 3.2254558563232422e+01 6.6223959922790527e+00
    4.4081298828125000e+01 6.5544724464416504e-02 10814208. -1.
    1.4915540695190430e+01 3.2254558563232422e+01 6.6223959922790527e+00
    1.7059919738769531e+02 6.5544724464416504e-02 10814208. -1.
    1.4915540695190430e+01 3.2254558563232422e+01 6.6223959922790527e+00
    3.5363308715820313e+02 6.5544724464416504e-02 10814208. -1.
    1.8653856277465820e+01 3.6232784271240234e+01 2.1597499847412109e+00
    1.6627137756347656e+02 6.6090688109397888e-02 13369855. -1.
    2.1592845916748047e+01 2.7996431350708008e+01 1.9361896514892578e+00
    2.0541246032714844e+02 5.8513171970844269e-02 5439999. -1.
    2.1673067092895508e+01 3.7572048187255859e+01 1.9588871002197266e+00
    1.5781799316406250e+02 7.1895025670528412e-02 6291967. -1.
    2.5870483398437500e+01 1.1853234291076660e+01 5.3323898315429688e+00
    5.6165618896484375e+01 2.2709034383296967e-02 11862528. -1.
    2.7539299011230469e+01 4.1035705566406250e+01 4.7156929969787598e+00
    3.2545455932617188e+02 6.3502810895442963e-02 2949632. -1.
    2.8451341629028320e+01 3.3954231262207031e+01 2.1340587139129639e+00
    3.3116122436523438e+02 6.6898353397846222e-02 12452351. -1.
    3.0103719711303711e+01 3.6021335601806641e+01 2.6132421493530273e+01
    5.0656677246093750e+01 3.8873195648193359e-02 9831170. -1.
    3.0103719711303711e+01 3.6021335601806641e+01 2.6132421493530273e+01
    1.1938401794433594e+02 3.8873195648193359e-02 9831170. -1.
    3.0103719711303711e+01 3.6021335601806641e+01 2.6132421493530273e+01
    3.3776882934570313e+02 3.8873195648193359e-02 9831170. -1.
    3.2474025726318359e+01 1.3228919029235840e+01 3.0116927623748779e+00
    6.0805603027343750e+01 8.2333065569400787e-02 3998719. -1.
    3.2474025726318359e+01 1.3228919029235840e+01 3.0116927623748779e+00
    1.2452888488769531e+02 8.2333065569400787e-02 3998719. -1.
    3.2485980987548828e+01 1.6066650390625000e+01 6.4021501541137695e+00
    5.5814086914062500e+01 6.3269667327404022e-02 8389376. -1.
    3.2486492156982422e+01 5.2556838989257813e+01 3.2590625286102295e+00
    2.6903515625000000e+02 6.1914540827274323e-02 9700351. -1.
    3.2553802490234375e+01 3.4936676025390625e+01 5.8615612983703613e+00
    1.4381745910644531e+02 8.6990654468536377e-02 2032384. -1.
    3.3476253509521484e+01 2.5515447616577148e+01 1.8642145395278931e+00
    1.5582321166992188e+02 3.6290992051362991e-02 2687487. -1.
    3.7963031768798828e+01 4.1741943359375000e+01 3.6963284015655518e+00
    4.2805969238281250e+01 7.1712255477905273e-02 2097408. -1.
    3.7963031768798828e+01 4.1741943359375000e+01 3.6963284015655518e+00
    6.5993041992187500e+01 7.1712255477905273e-02 2097408. -1.
    3.7963031768798828e+01 4.1741943359375000e+01 3.6963284015655518e+00
    2.2107493591308594e+02 7.1712255477905273e-02 2097408. -1.
    3.8572532653808594e+01 3.4353336334228516e+01 3.0024645328521729e+00
    1.5778152465820313e+02 3.0327167361974716e-02 3736575. -1.
    3.9736389160156250e+01 2.9242397308349609e+01 6.6916961669921875e+00
    1.4214489746093750e+02 6.8764150142669678e-02 11600640. -1.
    4.4087139129638672e+01 3.0871484756469727e+01 2.4544730186462402e+00
    3.5497500610351563e+02 5.7098153978586197e-02 5899007. -1.
    4.9694393157958984e+01 3.2984081268310547e+01 6.0797114372253418e+00
    1.4802316284179688e+02 6.5910965204238892e-02 4653824. -1.
    4.9694393157958984e+01 3.2984081268310547e+01 6.0797114372253418e+00
    1.9073210144042969e+02 6.5910965204238892e-02 4653824. -1.
    5.2081626892089844e+01 3.2750179290771484e+01 3.0774600505828857e+00
    1.4929913330078125e+02 7.3209539055824280e-02 5506047. -1.
    5.2081626892089844e+01 3.2750179290771484e+01 3.0774600505828857e+00
    1.9035903930664063e+02 7.3209539055824280e-02 5506047. -1.</data></keypoints>
