<?xml version="1.0"?>
<opencv_storage>
<keypoints type_id="opencv-matrix">
  <rows>45</rows>
  <cols>7</cols>
  <dt>d</dt>
  <data>
    1.1241246223449707e+01 3.1336002349853516e+01 2.8148028850555420e+00
    2.6915283203125000e+00 8.6185686290264130e-02 15794943. -1.
    1.1241246223449707e+01 3.1336002349853516e+01 2.8148028850555420e+00
    1.9445056152343750e+02 8.6185686290264130e-02 15794943. -1.
    1.1864192962646484e+01 3.9606163024902344e+01 1.8412300348281860e+00
    1.6758544921875000e+02 9.1299563646316528e-02 1769983. -1.
    1.1864192962646484e+01 3.9606163024902344e+01 1.8412300348281860e+00
    3.3917098999023438e+02 9.1299563646316528e-02 1769983. -1.
    1.3640555381774902e+01 3.5593822479248047e+01 1.9192241430282593e+00
    1.7687359619140625e+02 5.9874005615711212e-02 4784639. -1.
    1.4097751617431641e+01 4.4081241607666016e+01 1.9296047687530518e+00
    1.4326423645019531e+02 9.2765197157859802e-02 5177855. -1.
    1.4097751617431641e+01 4.4081241607666016e+01 1.9296047687530518e+00
    3.2451794433593750e+02 9.2765197157859802e-02 5177855. -1.
    1.4824798583984375e+01 2.9714590072631836e+01 2.0559480190277100e+00
    2.0894166564941406e+02 5.8544397354125977e-02 9765375. -1.
    1.4926898002624512e+01 4.0490615844726563e+01 2.0576736927032471e+00
    1.5658306884765625e+02 7.0005737245082855e-02 9830911. -1.
    1.6996751785278320e+01 2.6136425018310547e+01 1.9111244678497314e+00
    2.2621797180175781e+02 5.2351988852024078e-02 4522495. -1.
    1.7304107666015625e+01 3.2013191223144531e+01 5.5708293914794922e+00
    9.2684936523437500e+00 6.5796375274658203e-02 15008256. -1.
    1.7952838897705078e+01 3.9900093078613281e+01 1.8600530624389648e+00
    3.3122171020507813e+02 2.9336350038647652e-02 2556415. -1.
    1.8358121871948242e+01 4.5361835479736328e+01 1.8156083822250366e+00
    1.2685623168945313e+02 6.8158470094203949e-02 786943. -1.
    2.0512557983398438e+01 1.1255748748779297e+01 5.3236174583435059e+00
    5.4068939208984375e+01 2.5599697604775429e-02 11731456. -1.
    2.2645715713500977e+01 1.9718008041381836e+01 2.9024705886840820e+00
    6.3958374023437500e+01 5.9764631092548370e-02 1311743. -1.
    2.2645715713500977e+01 1.9718008041381836e+01 2.9024705886840820e+00
    2.5692922973632813e+02 5.9764631092548370e-02 1311743. -1.
    2.3354810714721680e+01 4.7715412139892578e+01 2.2942292690277100e+00
    9.9634033203125000e+01 5.9329882264137268e-02 983807. -1.
    2.3959651947021484e+01 1.6361001968383789e+01 1.8427307605743408e+00
    7.1494781494140625e+01 5.6031674146652222e-02 1835519. -1.
    2.4523035049438477e+01 2.8148040771484375e+01 3.1882567405700684e+00
    1.7637145996093750e+01 6.1599686741828918e-02 8061951. -1.
    2.4523035049438477e+01 2.8148040771484375e+01 3.1882567405700684e+00
    1.5701208496093750e+02 6.1599686741828918e-02 8061951. -1.
    2.6407878875732422e+01 4.2476684570312500e+01 1.9313604831695557e+00
    2.8053503417968750e+02 5.8936294168233871e-02 5243391. -1.
    2.6407878875732422e+01 4.2476684570312500e+01 1.9313604831695557e+00
    3.3037567138671875e+02 5.8936294168233871e-02 5243391. -1.
    2.7097166061401367e+01 1.6403600692749023e+01 7.2505278587341309e+00
    1.2344534301757813e+02 6.6094271838665009e-02 655617. -1.
    2.7163200378417969e+01 1.3257220268249512e+01 3.4934546947479248e+00
    5.2141784667968750e+01 8.1327028572559357e-02 14681087. -1.
    2.7163200378417969e+01 1.3257220268249512e+01 3.4934546947479248e+00
    1.2766799926757813e+02 8.1327028572559357e-02 14681087. -1.
    2.7214368820190430e+01 3.7761180877685547e+01 6.6200928688049316e+00
    1.4453628540039063e+02 8.7140299379825592e-02 10814208. -1.
    2.8110479354858398e+01 2.6874799728393555e+01 2.2535023689270020e+00
    1.5961662292480469e+02 3.8017481565475464e-02 16384511. -1.
    3.0468578338623047e+01 1.6299818038940430e+01 1.8684190511703491e+00
    1.0902983093261719e+02 5.4056003689765930e-02 2884095. -1.
    3.2163898468017578e+01 3.4565856933593750e+01 2.6928792953491211e+01
    1.1860986328125000e+02 3.3252615481615067e-02 11993858. -1.
    3.3556346893310547e+01 4.5180347442626953e+01 4.2059283256530762e+00
    4.1213378906250000e+01 7.0397630333900452e-02 11403520. -1.
    3.3556346893310547e+01 4.5180347442626953e+01 4.2059283256530762e+00
    2.1997740173339844e+02 7.0397630333900452e-02 11403520. -1.
    3.4962776184082031e+01 1.0559068679809570e+01 6.5569281578063965e+00
    1.2479534912109375e+02 2.6407007128000259e-02 10093312. -1.
    3.5580123901367188e+01 3.1740999221801758e+01 7.4910135269165039e+00
    1.4142884826660156e+02 6.8162880837917328e-02 3014913. -1.
    4.0451099395751953e+01 3.2988731384277344e+01 2.5177464485168457e+00
    3.5360311889648438e+02 5.8149341493844986e-02 7734015. -1.
    4.5921829223632813e+01 3.8276733398437500e+01 1.8518074750900269e+00
    1.9923332214355469e+02 4.2255576699972153e-02 2228735. -1.
    4.6013301849365234e+01 3.2085536956787109e+01 1.8203295469284058e+00
    1.6095449829101563e+02 5.6439541280269623e-02 983551. -1.
    4.6228832244873047e+01 3.5016235351562500e+01 6.4805498123168945e+00
    1.2986590576171875e+02 5.3337015211582184e-02 9241344. -1.
    4.8544879913330078e+01 3.9594001770019531e+01 1.1756882667541504e+01
    1.3064613342285156e+02 5.4501019418239594e-02 2228993. -1.
    4.8544879913330078e+01 3.9594001770019531e+01 1.1756882667541504e+01
    2.2817706298828125e+02 5.4501019418239594e-02 2228993. -1.
    4.8858863830566406e+01 4.8170150756835938e+01 3.9735507965087891e+00
    2.2517088317871094e+02 5.0213765352964401e-02 7274752. -1.
    4.8969600677490234e+01 3.4912418365478516e+01 3.2422375679016113e+00
    1.3677874755859375e+02 6.3363447785377502e-02 9307135. -1.
    5.0814788818359375e+01 4.2817798614501953e+01 2.4631421566009521e+00
    1.1163891601562500e+02 2.2316476330161095e-02 6161151. -1.
    5.0814788818359375e+01 4.2817798614501953e+01 2.4631421566009521e+00
    3.1487561035156250e+02 2.2316476330161095e-02 6161151. -1.
    5.4190208435058594e+01 3.2629039764404297e+01 3.9115369319915771e+00
    1.2535957336425781e+02 4.2406994849443436e-02 6160640. -1.
    5.5581878662109375e+01 3.8459934234619141e+01 3.9755272865295410e+00
    1.0796862792968750e+02 7.5285583734512329e-02 7340288. -1.</data></keypoints>
