<?xml version="1.0"?>
<opencv_storage>
<keypoints type_id="opencv-matrix">
  <rows>74</rows>
  <cols>7</cols>
  <dt>d</dt>
  <data>
    8.0213947296142578e+00 1.5494447708129883e+01 3.2164375782012939e+00
    3.8187713623046875e+01 3.2548334449529648e-02 8717311. -1.
    8.0213947296142578e+00 1.5494447708129883e+01 3.2164375782012939e+00
    1.7871893310546875e+02 3.2548334449529648e-02 8717311. -1.
    1.0760783195495605e+01 1.8348077774047852e+01 2.2133049964904785e+00
    3.9837707519531250e+01 7.0010378956794739e-02 15139327. -1.
    1.0760783195495605e+01 1.8348077774047852e+01 2.2133049964904785e+00
    2.6575335693359375e+02 7.0010378956794739e-02 15139327. -1.
    1.0898703575134277e+01 1.2729334831237793e+01 2.1337964534759521e+00
    9.9546539306640625e+01 4.2367722839117050e-02 12452351. -1.
    1.0898703575134277e+01 1.2729334831237793e+01 2.1337964534759521e+00
    3.2813745117187500e+02 4.2367722839117050e-02 12452351. -1.
    1.1699065208435059e+01 2.2173843383789063e+01 3.1343107223510742e+00
    3.2859655761718750e+02 4.0293134748935699e-02 6882303. -1.
    1.1936254501342773e+01 8.6242666244506836e+00 3.1709640026092529e+00
    3.2825469970703125e+01 2.6438545435667038e-02 7668735. -1.
    1.1936254501342773e+01 8.6242666244506836e+00 3.1709640026092529e+00
    8.6582275390625000e+01 2.6438545435667038e-02 7668735. -1.
    1.1936254501342773e+01 8.6242666244506836e+00 3.1709640026092529e+00
    2.5337431335449219e+02 2.6438545435667038e-02 7668735. -1.
    1.5734579086303711e+01 2.0982585906982422e+01 2.6535010337829590e+00
    2.0827706909179688e+02 7.4806705117225647e-02 11535103. -1.
    1.5734579086303711e+01 2.0982585906982422e+01 2.6535010337829590e+00
    3.3404754638671875e+02 7.4806705117225647e-02 11535103. -1.
    1.5759963989257813e+01 9.9448461532592773e+00 2.4807040691375732e+00
    2.8705718994140625e+01 2.7492040768265724e-02 6619903. -1.
    1.5759963989257813e+01 9.9448461532592773e+00 2.4807040691375732e+00
    1.5721298217773438e+02 2.7492040768265724e-02 6619903. -1.
    1.6109922409057617e+01 5.7443428039550781e+01 2.1694829463958740e+00
    1.8046850585937500e+02 1.5851486474275589e-02 13697535. -1.
    1.8386331558227539e+01 7.6752357482910156e+01 3.7459647655487061e+00
    1.5639387512207031e+02 1.7207305878400803e-02 3014912. -1.
    1.9656568527221680e+01 8.6373691558837891e+00 3.0701739788055420e+00
    9.4921600341796875e+01 2.7586657553911209e-02 5374975. -1.
    1.9656568527221680e+01 8.6373691558837891e+00 3.0701739788055420e+00
    1.4786999511718750e+02 2.7586657553911209e-02 5374975. -1.
    1.9656568527221680e+01 8.6373691558837891e+00 3.0701739788055420e+00
    2.9043615722656250e+02 2.7586657553911209e-02 5374975. -1.
    1.9701578140258789e+01 2.2100877761840820e+01 3.0049891471862793e+00
    2.1240541076660156e+02 4.2725432664155960e-02 3802111. -1.
    2.0574308395385742e+01 1.2571435928344727e+01 2.2307221889495850e+00
    8.5363403320312500e+01 4.0185783058404922e-02 15663615. -1.
    2.0574308395385742e+01 1.2571435928344727e+01 2.2307221889495850e+00
    2.1222686767578125e+02 4.0185783058404922e-02 15663615. -1.
    2.2209440231323242e+01 7.3636238098144531e+01 3.4007110595703125e+00
    1.6335546875000000e+02 2.2731354460120201e-02 12780543. -1.
    2.2922544479370117e+01 8.4199913024902344e+01 2.0526463985443115e+00
    1.2887960815429688e+02 5.7619940489530563e-02 9634303. -1.
    2.3865808486938477e+01 1.5866599082946777e+01 3.3590400218963623e+00
    2.2018127441406250e+01 3.4694015979766846e-02 11863039. -1.
    2.3865808486938477e+01 1.5866599082946777e+01 3.3590400218963623e+00
    1.4505905151367188e+02 3.4694015979766846e-02 11863039. -1.
    2.5861906051635742e+01 8.3255851745605469e+01 2.0738737583160400e+00
    1.2834320068359375e+02 5.1767513155937195e-02 10420735. -1.
    2.7407197952270508e+01 4.1471607208251953e+01 2.5061309337615967e+00
    1.5143693542480469e+02 6.4228929579257965e-02 7406335. -1.
    2.7407197952270508e+01 4.1471607208251953e+01 2.5061309337615967e+00
    3.0047222900390625e+02 6.4228929579257965e-02 7406335. -1.
    2.8773336410522461e+01 5.5028369903564453e+01 5.8691725730895996e+00
    7.8765258789062500e+00 6.1033435165882111e-02 2097920. -1.
    2.8773336410522461e+01 5.5028369903564453e+01 5.8691725730895996e+00
    1.0940747070312500e+02 6.1033435165882111e-02 2097920. -1.
    2.9424865722656250e+01 2.6087297439575195e+01 1.9600982666015625e+00
    6.0900512695312500e+01 1.7390979453921318e-02 6357503. -1.
    2.9424865722656250e+01 2.6087297439575195e+01 1.9600982666015625e+00
    2.6176846313476563e+02 1.7390979453921318e-02 6357503. -1.
    3.4450149536132813e+01 3.0068260192871094e+01 2.3338105678558350e+00
    2.4565655517578125e+02 1.9200664013624191e-02 2228991. -1.
    3.5813549041748047e+01 5.2822299957275391e+01 4.3546233177185059e+00
    1.2753738403320313e+02 4.9954459071159363e-02 13959424. -1.
    3.8665077209472656e+01 1.3263470649719238e+01 4.3645777702331543e+00
    2.1414700317382813e+02 2.2671382874250412e-02 14090496. -1.
    3.9416648864746094e+01 1.1250940322875977e+01 1.8600138425827026e+00
    3.1787866210937500e+02 2.4400278925895691e-02 2556415. -1.
    3.9492977142333984e+01 6.2921733856201172e+01 1.4833116531372070e+01
    2.5015924072265625e+02 8.8076032698154449e-02 2294018. -1.
    4.0962451934814453e+01 5.3582099914550781e+01 2.7291054725646973e+00
    1.4249978637695313e+02 6.2543094158172607e-02 13566719. -1.
    4.0962451934814453e+01 5.3582099914550781e+01 2.7291054725646973e+00
    3.5575628662109375e+02 6.2543094158172607e-02 13566719. -1.
    4.1097515106201172e+01 4.6162082672119141e+01 2.0595138072967529e+00
    1.7340270996093750e+01 8.0707326531410217e-02 9896447. -1.
    4.3248901367187500e+01 7.4032310485839844e+01 2.9982271194458008e+00
    2.5079435729980469e+02 6.1128117144107819e-02 3671039. -1.
    4.5405494689941406e+01 5.2055152893066406e+01 3.0359017848968506e+00
    1.1942695617675781e+02 6.6062435507774353e-02 4523007. -1.
    4.5698646545410156e+01 4.5550624847412109e+01 3.3290963172912598e+00
    1.5266496276855469e+02 2.6235233992338181e-02 11207679. -1.
    4.6223800659179688e+01 2.8656875610351563e+01 2.1173169612884521e+00
    3.4849441528320313e+02 1.8480589613318443e-02 11928063. -1.
    4.7023933410644531e+01 1.5235114097595215e+01 3.2234420776367188e+00
    1.1903068542480469e+02 2.3960266262292862e-02 8913919. -1.
    4.8992908477783203e+01 5.3566318511962891e+01 2.5344188213348389e+00
    1.0965280151367188e+02 4.5874532312154770e-02 8192767. -1.
    5.1337379455566406e+01 2.9229537963867188e+01 2.6532008647918701e+00
    1.6212088012695313e+02 2.2799490019679070e-02 11535103. -1.
    5.1935356140136719e+01 6.6947540283203125e+01 2.0689303874969482e+00
    2.0066543579101563e+02 6.1632510274648666e-02 10224127. -1.
    5.2456180572509766e+01 7.3841621398925781e+01 7.4940576553344727e+00
    2.3693975830078125e+02 3.8743596524000168e-02 3080449. -1.
    5.3104778289794922e+01 8.1662528991699219e+01 2.2406280040740967e+00
    1.9911927795410156e+02 2.6151876896619797e-02 15991295. -1.
    5.4000316619873047e+01 6.9206657409667969e+01 2.1065993309020996e+00
    2.4084381103515625e+02 4.4362898916006088e-02 11534847. -1.
    5.4193683624267578e+01 5.6257926940917969e+01 4.0556712150573730e+00
    1.3195097351074219e+02 3.8478944450616837e-02 8782080. -1.
    5.5767421722412109e+01 7.1634803771972656e+01 2.5043051242828369e+00
    2.4431774902343750e+02 4.0153939276933670e-02 7340799. -1.
    5.5779899597167969e+01 8.2061889648437500e+01 4.6582760810852051e+00
    4.5515655517578125e+01 4.9031041562557220e-02 2097664. -1.
    5.5930301666259766e+01 7.6201957702636719e+01 2.3481614589691162e+00
    3.4206372070312500e+02 2.0874397829174995e-02 2687743. -1.
    5.8670612335205078e+01 5.9512973785400391e+01 3.5056488513946533e+00
    1.7830535888671875e+01 7.1997910737991333e-02 14943231. -1.
    5.8670612335205078e+01 5.9512973785400391e+01 3.5056488513946533e+00
