<?xml version="1.0"?>
<opencv_storage>
<keypoints type_id="opencv-matrix">
  <rows>19</rows>
  <cols>7</cols>
  <dt>d</dt>
  <data>
    1.1230985641479492e+01 2.5667148590087891e+01 2.4964489936828613e+00
    3.4066418457031250e+02 4.9786005169153214e-02 7078655. -1.
    1.3839669227600098e+01 2.2635967254638672e+01 2.1496460437774658e+00
    6.4149902343750000e+01 5.8298002928495407e-02 12976639. -1.
    1.3839669227600098e+01 2.2635967254638672e+01 2.1496460437774658e+00
    3.4133477783203125e+02 5.8298002928495407e-02 12976639. -1.
    2.0975231170654297e+01 2.6304265975952148e+01 3.9414498805999756e+00
    1.3715368652343750e+02 6.1759088188409805e-02 6750464. -1.
    2.4545780181884766e+01 2.3884988784790039e+01 2.4694745540618896e+00
    1.3082760620117188e+02 5.8058209717273712e-02 6292223. -1.
    2.4820344924926758e+01 1.9474367141723633e+01 2.2762851715087891e+00
    2.2415901184082031e+02 7.0002309978008270e-02 459519. -1.
    2.5493927001953125e+01 1.1620308876037598e+01 2.8004446029663086e+00
    8.1244171142578125e+01 4.7526650130748749e-02 15401727. -1.
    2.7295928955078125e+01 2.3833873748779297e+01 4.1848683357238770e+00
    8.8700073242187500e+01 6.7876242101192474e-02 11075840. -1.
    2.7295928955078125e+01 2.3833873748779297e+01 4.1848683357238770e+00
    1.1528009033203125e+02 6.7876242101192474e-02 11075840. -1.
    2.8013689041137695e+01 2.0958847045898438e+01 1.9905188083648682e+00
    2.1757704162597656e+02 7.3265284299850464e-02 7471615. -1.
    2.8013689041137695e+01 2.0958847045898438e+01 1.9905188083648682e+00
    3.5202191162109375e+02 7.3265284299850464e-02 7471615. -1.
    3.0475112915039063e+01 2.4985900878906250e+01 2.0351200103759766e+00
    6.2714508056640625e+01 6.4381919801235199e-02 9044479. -1.
    3.1462285995483398e+01 2.9178482055664063e+01 3.9734361171722412e+00
    7.9181945800781250e+01 6.4630687236785889e-02 7274752. -1.
    3.1534210205078125e+01 2.1147239685058594e+01 2.2653467655181885e+00
    3.4722198486328125e+02 6.5757416188716888e-02 66303. -1.
    3.2380893707275391e+01 3.4248569488525391e+01 1.8125956058502197e+00
    1.1148374938964844e+02 6.3848815858364105e-02 655871. -1.
    3.2380893707275391e+01 3.4248569488525391e+01 1.8125956058502197e+00
    2.5786071777343750e+02 6.3848815858364105e-02 655871. -1.
    3.2628772735595703e+01 2.6595186233520508e+01 1.9863761663436890e+00
    6.0972900390625000e+01 4.3572202324867249e-02 7275007. -1.
    3.9594158172607422e+01 2.9179613113403320e+01 1.9911712408065796e+00
    1.3909568786621094e+02 5.9743750840425491e-02 7471615. -1.
    4.0244918823242188e+01 2.5519302368164063e+01 2.1928541660308838e+00
    1.4174902343750000e+02 5.4969534277915955e-02 14418431. -1.</data></keypoints>
<descriptors type_id="opencv-matrix">
  <rows>19</rows>
  <cols>128</cols>
  <dt>f</dt>
  <data>
    0. 0. 0. 1. 0. 0. 0. 0. 3. 3. 5. 4. 0. 0. 0. 2. 15. 3. 2. 0. 0. 1.
    46. 52. 0. 0. 1. 1. 0. 5. 132. 45. 0. 0. 0. 5. 9. 1. 0. 0. 37. 25.
    26. 50. 41. 7. 0. 3. 141. 49. 14. 13. 4. 2. 41. 99. 27. 3. 33. 46.
    5. 5. 141. 68. 0. 0. 0. 1. 9. 5. 3. 3. 47. 4. 2. 8. 55. 66. 37. 30.
    141. 17. 3. 7. 10. 13. 15. 75. 107. 10. 11. 21. 12. 7. 29. 133. 30.
    7. 0. 0. 0. 1. 10. 44. 31. 23. 10. 0. 1. 17. 141. 103. 78. 13. 8. 1.
    4. 33. 133. 125. 106. 98. 12. 1. 5. 37. 12. 19. 28. 38. 1. 0. 5. 2.
    0. 0. 132. 108. 0. 0. 23. 28. 1. 3. 103. 91. 1. 3. 56. 35. 5. 4. 92.
    79. 13. 2. 0. 2. 46. 21. 23. 4. 0. 0. 3. 3. 1. 8. 132. 44. 4. 1. 26.
    13. 2. 38. 78. 59. 13. 6. 105. 74. 26. 8. 44. 131. 109. 5. 1. 10.
    22. 3. 13. 7. 1. 0. 0. 0. 0. 1. 91. 120. 104. 15. 7. 3. 0. 5. 10.
    75. 132. 17. 9. 31. 20. 2. 6. 68. 132. 2. 1. 17. 29. 3. 0. 1. 0. 0.
    1. 0. 0. 0. 0. 4. 26. 16. 29. 24. 5. 0. 3. 22. 95. 13. 13. 22. 49.
    24. 41. 52. 60. 0. 0. 0. 13. 41. 0. 0. 0. 0. 0. 0. 0. 1. 0. 0. 0. 0.
    0. 1. 14. 7. 0. 0. 3. 5. 2. 5. 34. 13. 1. 0. 3. 2. 0. 0. 38. 91. 19.
    15. 21. 19. 2. 0. 0. 5. 97. 17. 6. 4. 0. 2. 92. 126. 5. 1. 28. 24.
    2. 10. 140. 75. 0. 0. 25. 53. 1. 2. 93. 127. 73. 23. 18. 30. 46. 23.
    2. 6. 140. 42. 8. 26. 19. 3. 9. 37. 25. 6. 74. 94. 37. 8. 54. 74. 3.
    2. 41. 34. 6. 6. 92. 140. 46. 0. 0. 0. 18. 49. 27. 25. 140. 4. 0. 8.
    24. 7. 7. 43. 138. 12. 1. 10. 33. 6. 16. 86. 48. 9. 2. 0. 20. 18.
    53. 93. 47. 53. 36. 11. 3. 6. 10. 44. 10. 58. 23. 4. 48. 111. 15. 7.
    2. 1. 0. 1. 69. 125. 9. 1. 30. 4. 0. 0. 6. 101. 33. 16. 21. 47. 36.
    50. 32. 9. 27. 16. 125. 113. 22. 7. 15. 42. 17. 32. 17. 5. 9. 26.
    65. 125. 9. 2. 0. 0. 18. 14. 17. 125. 34. 2. 14. 68. 29. 3. 5. 5.
    37. 24. 70. 47. 108. 14. 3. 2. 20. 32. 8. 12. 75. 125. 61. 7. 0. 1.
    1. 7. 103. 99. 28. 15. 0. 0. 5. 93. 65. 1. 0. 0. 2. 2. 0. 24. 125.
    5. 0. 0. 0. 0. 0. 13. 90. 82. 30. 1. 0. 0. 5. 5. 11. 37. 25. 2. 3.
    7. 13. 13. 31. 39. 60. 6. 3. 21. 24. 121. 78. 19. 18. 1. 0. 1. 37.
    113. 5. 1. 75. 68. 0. 0. 31. 23. 0. 0. 50. 82. 1. 0. 6. 9. 14. 116.
    60. 13. 33. 6. 82. 82. 7. 30. 16. 15. 54. 18. 121. 109. 0. 0. 13.
    36. 5. 23. 20. 17. 0. 1. 64. 121. 1. 2. 30. 30. 8. 7. 10. 25. 84.
    29. 32. 13. 21. 5. 4. 84. 121. 53. 121. 32. 54. 5. 1. 7. 16. 87. 15.
    8. 44. 72. 72. 36. 1. 3. 10. 74. 22. 0. 1. 7. 13. 2. 3. 22. 79. 8.
    2. 10. 18. 5. 7. 24. 117. 6. 1. 6. 18. 6. 3. 6. 75. 43. 7. 4. 15. 6.
    2. 7. 120. 113. 0. 0. 5. 17. 20. 83. 120. 26. 16. 1. 0. 7. 16. 19.
    22. 25. 120. 8. 1. 4. 15. 4. 0. 15. 99. 7. 0. 2. 28. 10. 54. 95. 11.
    27. 17. 4. 120. 54. 33. 7. 4. 4. 3. 81. 41. 13. 6. 37. 101. 18. 5.
    33. 19. 1. 0. 22. 120. 7. 0. 1. 14. 5. 5. 7. 13. 120. 97. 12. 120.
    45. 29. 19. 8. 31. 24. 33. 28. 16. 33. 105. 28. 1. 2. 17. 13. 3. 5.
    120. 67. 0. 0. 2. 1. 9. 43. 30. 16. 24. 15. 4. 3. 4. 22. 23. 14. 12.
    31. 31. 2. 1. 11. 120. 25. 3. 12. 27. 10. 4. 6. 120. 28. 2. 4. 5. 0.
    0. 0. 0. 0. 0. 0. 0. 4. 3. 7. 8. 0. 0. 0. 1. 75. 6. 5. 4. 2. 0. 1.
    143. 29. 7. 6. 25. 9. 1. 15. 157. 0. 0. 0. 8. 9. 1. 0. 0. 41. 17.
    31. 93. 43. 11. 1. 3. 157. 38. 22. 32. 20. 3. 1. 68. 61. 15. 23. 55.
    48. 36. 21. 61. 0. 0. 0. 1. 11. 7. 0. 0. 55. 3. 2. 16. 59. 103. 13.
    18. 157. 31. 2. 5. 15. 32. 12. 43. 139. 50. 3. 6. 42. 70. 20. 46. 0.
    0. 0. 0. 0. 1. 0. 0. 10. 1. 0. 0. 2. 26. 6. 4. 155. 137. 0. 0. 2.
    13. 6. 9. 47. 152. 3. 1. 10. 27. 2. 1. 14. 0. 0. 0. 0. 0. 8. 83. 6.
    4. 5. 1. 0. 1. 80. 97. 14. 6. 2. 1. 3. 20. 116. 76. 0. 0. 0. 1. 23.
    118. 30. 6. 104. 17. 4. 2. 1. 3. 3. 50. 33. 29. 62. 32. 11. 27. 16.
    36. 118. 69. 23. 24. 30. 13. 25. 49. 6. 3. 1. 78. 118. 38. 8. 2.
    118. 50. 0. 1. 1. 5. 5. 10. 47. 40. 4. 5. 7. 63. 52. 72. 73. 14. 9.
    35. 68. 9. 29. 118. 2. 1. 1. 75. 118. 5. 1. 1. 33. 91. 0. 0. 0. 0.
    1. 1. 37. 118. 29. 3. 0. 0. 2. 10. 9. 47. 104. 52. 23. 1. 2. 12. 0.
    11. 9. 20. 118. 17. 2. 1. 19. 0. 0. 0. 0. 1. 12. 88. 24. 11. 3. 2.
    0. 1. 26. 113. 14. 16. 2. 1. 23. 72. 75. 51. 0. 0. 2. 18. 108. 66.
    17. 0. 97. 10. 5. 5. 1. 1. 1. 60. 40. 65. 41. 68. 8. 9. 10. 38. 100.
    113. 21. 9. 69. 30. 8. 22. 2. 1. 1. 8. 113. 94. 1. 1. 74. 105. 5. 4.
    2. 2. 3. 5. 42. 43. 10. 17. 8. 31. 67. 38. 113. 39. 23. 18. 35. 21.
    25. 93. 3. 3. 13. 26. 112. 90. 2. 3. 35. 80. 4. 1. 2. 5. 6. 5. 16.
    113. 62. 0. 0. 0. 3. 3. 10. 73. 94. 47. 4. 0. 1. 5. 1. 17. 83. 84.
    13. 5. 0. 0. 0. 0. 49. 119. 22. 1. 5. 2. 5. 5. 119. 119. 1. 3. 5.
    10. 30. 91. 118. 8. 0. 0. 5. 57. 24. 52. 20. 13. 57. 4. 4. 28. 0. 1.
    5. 86. 94. 35. 66. 19. 22. 16. 9. 17. 35. 80. 48. 23. 119. 38. 6. 5.
    4. 6. 11. 108. 39. 6. 7. 65. 70. 7. 10. 60. 8. 47. 31. 3. 12. 40.
    85. 25. 8. 5. 26. 28. 36. 119. 65. 18. 109. 28. 44. 32. 6. 29. 31.
    49. 24. 10. 41. 105. 10. 0. 7. 39. 1. 43. 61. 3. 1. 9. 22. 1. 0. 7.
    66. 45. 11. 11. 44. 7. 0. 2. 32. 32. 4. 4. 66. 45. 1. 0. 17. 104. 2.
    0. 27. 41. 1. 0. 23. 32. 1. 4. 70. 40. 0. 14. 47. 14. 9. 46. 84. 4.
    1. 63. 52. 2. 4. 32. 33. 2. 1. 42. 16. 0. 3. 84. 17. 1. 8. 14. 87.
    44. 11. 4. 39. 62. 6. 12. 67. 119. 39. 33. 36. 6. 110. 48. 35. 31.
    8. 25. 44. 25. 18. 38. 4. 0. 14. 85. 41. 11. 0. 7. 77. 45. 98. 80.
