<?xml version="1.0"?>
<opencv_storage>
<keypoints type_id="opencv-matrix">
  <rows>9</rows>
  <cols>7</cols>
  <dt>d</dt>
  <data>
    1.9696153640747070e+01 2.0205774307250977e+01 4.0787158012390137e+00
    3.5007095336914063e+02 1.1387547105550766e-01 9175296. -1.
    2.5060729980468750e+01 1.3296917915344238e+01 2.2478210926055908e+00
    8.4324584960937500e+01 8.5423953831195831e-02 16253439. -1.
    4.0822017669677734e+01 2.9030277252197266e+01 2.1642700195312500e+01
    2.1090058898925781e+02 1.4062894880771637e-01 12911106. -1.
    4.0822017669677734e+01 2.9030277252197266e+01 2.1642700195312500e+01
    3.3128622436523438e+02 1.4062894880771637e-01 12911106. -1.
    4.0863372802734375e+01 5.4847213745117188e+01 5.3341460227966309e+00
    1.8776007080078125e+02 8.5409536957740784e-02 11862528. -1.
    4.0863372802734375e+01 5.4847213745117188e+01 5.3341460227966309e+00
    3.5226184082031250e+02 8.5409536957740784e-02 11862528. -1.
    4.0893630981445313e+01 6.5366813659667969e+01 6.8770332336425781e+00
    2.6985214233398438e+02 8.4183625876903534e-02 13566720. -1.
    5.6693008422851563e+01 1.3300971984863281e+01 2.2346742153167725e+00
    9.4988647460937500e+01 8.7175004184246063e-02 15794687. -1.
    6.2003456115722656e+01 2.0185701370239258e+01 4.0963320732116699e+00
    1.9028898620605469e+02 1.1259247362613678e-01 9502976. -1.</data></keypoints>
<descriptors type_id="opencv-matrix">
  <rows>9</rows>
  <cols>128</cols>
  <dt>f</dt>
  <data>
    4. 0. 0. 0. 0. 0. 1. 8. 5. 0. 0. 0. 0. 8. 51. 28. 11. 0. 0. 0. 0. 9.
    59. 53. 5. 0. 0. 0. 0. 17. 118. 18. 54. 1. 0. 0. 0. 0. 0. 12. 128.
    5. 1. 2. 5. 47. 84. 89. 63. 3. 0. 7. 30. 115. 77. 61. 63. 2. 0. 0.
    0. 13. 111. 93. 67. 5. 0. 0. 0. 0. 0. 0. 128. 48. 7. 25. 26. 8. 4.
    8. 128. 11. 7. 82. 92. 27. 4. 37. 128. 1. 0. 1. 1. 3. 33. 107. 34.
    6. 0. 0. 0. 0. 0. 0. 128. 62. 2. 10. 27. 1. 0. 0. 128. 10. 1. 18.
    67. 5. 0. 21. 128. 5. 1. 0. 0. 0. 0. 20. 19. 0. 0. 0. 0. 0. 0. 3.
    133. 0. 0. 2. 9. 0. 0. 36. 116. 8. 1. 14. 73. 0. 0. 13. 133. 31. 12.
    0. 2. 0. 0. 12. 37. 1. 0. 0. 0. 0. 0. 4. 133. 18. 4. 15. 17. 0. 0.
    29. 61. 42. 44. 97. 91. 0. 0. 4. 33. 115. 133. 8. 1. 1. 2. 4. 22. 7.
    0. 0. 0. 0. 0. 0. 112. 109. 58. 32. 5. 0. 0. 1. 26. 19. 64. 133. 36.
    0. 0. 45. 26. 15. 50. 11. 2. 31. 52. 133. 1. 2. 0. 0. 0. 0. 0. 0.
    11. 18. 20. 3. 0. 0. 0. 15. 66. 4. 16. 9. 0. 0. 0. 133. 50. 4. 17.
    3. 0. 19. 26. 133. 9. 3. 0. 0. 0. 0. 1. 1. 15. 2. 0. 0. 2. 60. 38.
    11. 0. 0. 0. 0. 1. 58. 28. 0. 0. 0. 0. 0. 0. 2. 1. 0. 88. 14. 0. 0.
    0. 0. 0. 7. 139. 40. 10. 10. 9. 101. 139. 124. 9. 6. 9. 49. 131.
    139. 134. 15. 0. 0. 0. 4. 34. 26. 1. 0. 44. 11. 1. 0. 0. 0. 0. 2.
    139. 139. 139. 49. 9. 9. 8. 20. 8. 26. 119. 139. 129. 43. 7. 4. 0.
    0. 0. 10. 32. 4. 0. 0. 0. 1. 0. 0. 0. 0. 0. 0. 0. 17. 32. 2. 0. 0.
    0. 0. 0. 2. 14. 4. 0. 0. 0. 0. 0. 0. 0. 0. 0. 0. 0. 0. 0. 0. 0. 0.
    0. 0. 0. 2. 1. 0. 0. 0. 0. 1. 25. 25. 0. 0. 0. 0. 0. 3. 13. 3. 0. 0.
    0. 0. 0. 0. 0. 0. 46. 1. 0. 0. 0. 0. 1. 17. 142. 19. 5. 7. 6. 39.
    142. 142. 11. 5. 6. 38. 115. 142. 134. 33. 0. 0. 0. 3. 29. 17. 0. 0.
    82. 5. 0. 0. 0. 0. 0. 11. 142. 135. 124. 87. 7. 9. 11. 43. 14. 23.
    137. 142. 122. 57. 12. 8. 0. 0. 2. 20. 28. 7. 0. 0. 10. 1. 0. 0. 0.
    0. 0. 3. 21. 16. 36. 56. 2. 0. 0. 3. 0. 1. 31. 65. 2. 0. 0. 0. 0. 0.
    1. 1. 0. 0. 0. 0. 28. 51. 4. 0. 0. 0. 18. 34. 30. 62. 3. 6. 12. 5.
    102. 50. 1. 2. 1. 71. 82. 27. 68. 6. 0. 0. 0. 37. 26. 9. 3. 0. 31.
    52. 6. 0. 0. 0. 0. 1. 133. 91. 3. 5. 26. 14. 2. 15. 19. 4. 1. 36.
    133. 80. 2. 5. 0. 0. 0. 11. 30. 11. 0. 0. 39. 2. 0. 0. 0. 0. 0. 24.
    133. 16. 0. 0. 11. 11. 5. 104. 32. 2. 0. 0. 133. 133. 25. 20. 0. 0.
    0. 0. 23. 129. 13. 0. 42. 0. 0. 0. 0. 0. 2. 118. 82. 0. 0. 0. 0. 2.
    8. 133. 4. 0. 0. 0. 2. 124. 47. 29. 0. 0. 0. 0. 14. 133. 21. 0. 44.
    126. 2. 0. 0. 0. 0. 0. 75. 132. 10. 3. 0. 0. 0. 0. 3. 25. 45. 132.
    3. 0. 0. 0. 0. 0. 19. 132. 15. 0. 0. 0. 43. 27. 0. 0. 0. 0. 0. 2.
    132. 104. 7. 13. 13. 0. 0. 17. 28. 17. 24. 132. 132. 0. 0. 2. 0. 0.
    11. 122. 20. 0. 0. 0. 34. 1. 0. 0. 0. 0. 7. 55. 132. 15. 4. 15. 30.
    6. 3. 90. 16. 4. 3. 77. 132. 36. 1. 4. 0. 0. 0. 10. 26. 10. 0. 0.
    27. 35. 20. 0. 0. 0. 5. 53. 28. 49. 105. 6. 14. 7. 2. 59. 1. 5. 64.
    28. 84. 71. 0. 2. 0. 0. 3. 8. 24. 33. 0. 0. 5. 0. 0. 0. 0. 0. 0. 6.
    13. 0. 0. 0. 0. 23. 38. 37. 0. 0. 0. 0. 0. 39. 39. 5. 2. 0. 0. 0. 0.
    0. 25. 94. 42. 0. 0. 0. 0. 0. 0. 6. 145. 9. 5. 3. 0. 46. 65. 90. 14.
    11. 36. 8. 1. 99. 145. 48. 18. 29. 19. 0. 0. 0. 145. 145. 41. 6. 0.
    0. 0. 0. 0. 0. 145. 92. 69. 46. 0. 3. 5. 8. 13. 48. 145. 97. 1. 7.
    33. 10. 18. 145. 145. 0. 0. 0. 18. 26. 5. 6. 0. 0. 0. 0. 0. 0. 11.
    34. 37. 21. 0. 0. 0. 0. 0. 4. 36. 35. 0. 0. 0. 0. 3. 90. 23. 0. 0.
    0. 0. 0. 1. 0. 0. 0. 0. 0. 0. 2. 10. 12. 0. 0. 0. 4. 23. 21. 65.
    134. 0. 0. 0. 12. 17. 3. 55. 134. 26. 18. 0. 3. 12. 3. 24. 0. 0. 0.
    0. 0. 0. 8. 122. 1. 0. 0. 6. 34. 56. 110. 26. 38. 0. 0. 41. 134. 63.
    20. 27. 125. 47. 28. 2. 12. 55. 17. 40. 4. 0. 0. 0. 0. 0. 1. 134.
    27. 0. 0. 18. 13. 3. 16. 64. 4. 0. 0. 94. 88. 44. 42. 36. 3. 2. 1.
    1. 8. 134. 113. 21. 3. 0. 0. 0. 0. 0. 0. 134. 32. 0. 0. 10. 1. 0. 0.
    116. 11. 0. 0. 73. 11. 1. 7. 134. 11. 0. 0. 1. 0. 10. 27. 29. 0. 0.
    0. 0. 0. 0. 5. 128. 0. 0. 1. 23. 10. 1. 60. 128. 22. 1. 4. 71. 21.
    1. 12. 128. 24. 0. 0. 0. 0. 1. 5. 58. 0. 0. 0. 0. 0. 0. 4. 128. 9.
    4. 6. 20. 25. 1. 51. 128. 33. 6. 28. 94. 90. 1. 20. 128. 110. 32. 3.
    1. 1. 0. 2. 46. 10. 0. 0. 0. 0. 0. 1. 128. 94. 78. 39. 4. 1. 0. 6.
    59. 59. 87. 119. 30. 7. 0. 3. 66. 95. 106. 13. 1. 0. 0. 2. 3. 7. 1.
    0. 0. 0. 0. 0. 4. 28. 47. 7. 0. 0. 0. 0. 9. 49. 57. 10. 0. 0. 0. 0.
    6. 20. 112. 16. 0. 0. 0. 0.</data></descriptors>
</opencv_storage>
