<?xml version="1.0"?>
<opencv_storage>
<keypoints type_id="opencv-matrix">
  <rows>44</rows>
  <cols>7</cols>
  <dt>d</dt>
  <data>
    7.4146661758422852e+00 1.1272886657714844e+02 5.0168843269348145e+00
    1.3819607543945313e+02 1.8688425421714783e-02 7471616. -1.
    2.1809644699096680e+01 8.5768577575683594e+01 4.2983961105346680e+00
    3.1902642822265625e+02 1.8014475703239441e-02 12976384. -1.
    2.8356803894042969e+01 9.2328521728515625e+01 4.3431472778320313e+00
    3.0672134399414063e+02 2.1521417424082756e-02 13762816. -1.
    3.8632808685302734e+01 4.9241306304931641e+01 6.5062227249145508e+00
    2.4465759277343750e+01 3.2547261565923691e-02 9569024. -1.
    3.8632808685302734e+01 4.9241306304931641e+01 6.5062227249145508e+00
    3.2060998535156250e+02 3.2547261565923691e-02 9569024. -1.
    4.6964469909667969e+01 8.0459808349609375e+01 1.0302840232849121e+01
    3.5860919189453125e+02 2.7994755655527115e-02 9372161. -1.
    4.7945785522460938e+01 9.5042701721191406e+01 1.9197386503219604e+00
    1.2085990905761719e+02 2.1716019138693810e-02 4850175. -1.
    4.9257724761962891e+01 9.2592300415039063e+01 2.0859062671661377e+00
    1.1780026245117188e+02 2.5568414479494095e-02 10813951. -1.
    4.9257724761962891e+01 9.2592300415039063e+01 2.0859062671661377e+00
    2.8775231933593750e+02 2.5568414479494095e-02 10813951. -1.
    5.0641014099121094e+01 8.8113616943359375e+01 4.1701583862304688e+00
    1.4486999511718750e+00 2.8646914288401604e-02 10813696. -1.
    5.1489719390869141e+01 4.4358863830566406e+01 3.2257866859436035e+00
    2.1189343261718750e+02 1.9028702750802040e-02 8913919. -1.
    5.1489719390869141e+01 4.4358863830566406e+01 3.2257866859436035e+00
    2.7398443603515625e+02 1.9028702750802040e-02 8913919. -1.
    5.1648273468017578e+01 9.5701812744140625e+01 2.7143027782440186e+00
    3.2269876098632813e+02 2.9569115489721298e-02 13173503. -1.
    5.5468452453613281e+01 6.0800804138183594e+01 8.0669221878051758e+00
    1.9197265625000000e+01 1.8299268558621407e-02 8388865. -1.
    6.0806358337402344e+01 8.9762069702148438e+01 1.1706155776977539e+01
    2.7242663574218750e+02 5.3517460823059082e-02 1901313. -1.
    6.1862205505371094e+01 4.9201915740966797e+01 5.9750652313232422e+00
    8.9101867675781250e+01 1.3852892443537712e-02 3408640. -1.
    6.1998588562011719e+01 7.1991271972656250e+01 1.0354045867919922e+01
    3.0243530273437500e+00 3.3253543078899384e-02 9699841. -1.
    6.4788955688476563e+01 2.4073499679565430e+01 2.2406237125396729e+00
    8.9036804199218750e+01 2.6311390101909637e-02 15991295. -1.
    6.5576255798339844e+01 9.2931533813476563e+01 3.3649823665618896e+00
    2.0108441162109375e+02 3.6373950541019440e-02 11994111. -1.
    6.5576255798339844e+01 9.2931533813476563e+01 3.3649823665618896e+00
    2.6400451660156250e+02 3.6373950541019440e-02 11994111. -1.
    6.6036300659179688e+01 7.5988807678222656e+01 3.9181010723114014e+00
    2.1080613708496094e+02 2.0000763237476349e-02 6291712. -1.
    6.6332252502441406e+01 7.6563545227050781e+01 3.2951538562774658e+00
    2.0771661376953125e+02 2.0352369174361229e-02 10486783. -1.
    6.6544807434082031e+01 8.3511054992675781e+01 2.6875102519989014e+00
    1.7535173034667969e+02 2.4719035252928734e-02 12452607. -1.
    6.9201034545898438e+01 5.3240871429443359e+01 4.0645397186279297e+01
    1.1425772094726563e+02 6.7721940577030182e-02 8389123. -1.
    6.9201034545898438e+01 5.3240871429443359e+01 4.0645397186279297e+01
    2.2186032104492188e+02 6.7721940577030182e-02 8389123. -1.
    7.0535652160644531e+01 6.8549919128417969e+01 3.3468101024627686e+00
    2.1937338256835938e+02 1.3347583822906017e-02 11600895. -1.
    7.0893737792968750e+01 9.3738639831542969e+01 3.8852486610412598e+00
    2.1085360717773438e+02 3.2799329608678818e-02 5701888. -1.
    7.1182464599609375e+01 7.9150016784667969e+01 5.3761210441589355e+00
    2.1100125122070313e+02 2.8375118970870972e-02 12452352. -1.
    7.5178924560546875e+01 8.5682540893554688e+01 4.5964021682739258e+00
    2.3076734924316406e+02 2.3795634508132935e-02 1114624. -1.
    9.0386131286621094e+01 5.7051414489746094e+01 9.1739950180053711e+00
    1.9674436950683594e+02 3.0691990628838539e-02 983553. -1.
    9.8208267211914063e+01 1.1474146270751953e+02 1.9596160650253296e+00
    1.5984284973144531e+02 6.0087393969297409e-02 6291967. -1.
    9.8208267211914063e+01 1.1474146270751953e+02 1.9596160650253296e+00
    3.5382577514648438e+02 6.0087393969297409e-02 6291967. -1.
    9.9152801513671875e+01 1.1841200256347656e+02 1.8969084024429321e+00
    3.3830993652343750e+02 5.7761520147323608e-02 3932671. -1.
    1.0267426300048828e+02 1.1521539306640625e+02 3.5170269012451172e+00
    1.6861419677734375e+02 2.7336480095982552e-02 15205375. -1.
    1.0267426300048828e+02 1.1521539306640625e+02 3.5170269012451172e+00
    3.4937576293945313e+02 2.7336480095982552e-02 15205375. -1.
    1.0290340423583984e+02 1.1527352142333984e+02 3.6801002025604248e+00
    3.4922259521484375e+02 2.7075260877609253e-02 1769728. -1.
    1.0646244812011719e+02 3.7635463714599609e+01 8.2597799301147461e+00
    1.5131544494628906e+02 2.5781378149986267e-02 10092801. -1.
    1.0686270141601563e+02 1.0735404968261719e+02 5.1599273681640625e+00
    7.5623687744140625e+01 1.5661239624023438e-02 9503232. -1.
    1.0686270141601563e+02 1.0735404968261719e+02 5.1599273681640625e+00
    3.5715567016601563e+02 1.5661239624023438e-02 9503232. -1.
    1.1483108520507813e+02 5.6996990203857422e+01 1.1888365745544434e+01
    1.8834684753417969e+02 2.6579229161143303e-02 3015425. -1.
    1.1610553741455078e+02 8.6823978424072266e+00 6.4465508460998535e+00
    2.6650390625000000e+00 1.6686454415321350e-02 8848128. -1.
    1.1610553741455078e+02 8.6823978424072266e+00 6.4465508460998535e+00
    4.9194305419921875e+01 1.6686454415321350e-02 8848128. -1.
    1.1710456848144531e+02 1.1860391235351563e+02 2.2675788402557373e+00
    3.3387420654296875e+01 1.8160507082939148e-02 131839. -1.
    1.2119504547119141e+02 1.1486867523193359e+02 3.9521768093109131e+00
    4.0337463378906250e+01 1.9100295379757881e-02 6947072. -1.</data></keypoints>
