<?xml version="1.0"?>
<opencv_storage>
<keypoints type_id="opencv-matrix">
  <rows>20</rows>
  <cols>7</cols>
  <dt>d</dt>
  <data>
    2.1130157470703125e+01 5.1821781158447266e+01 4.8577532768249512e+00
    3.5823251342773438e+02 6.1309054493904114e-02 5112320. -1.
    2.3163055419921875e+01 1.8437311172485352e+01 7.4039711952209473e+00
    7.3847045898437500e+00 1.1903474479913712e-01 2162945. -1.
    2.3163055419921875e+01 1.8437311172485352e+01 7.4039711952209473e+00
    8.4729492187500000e+01 1.1903474479913712e-01 2162945. -1.
    2.6503448486328125e+01 6.7175338745117188e+01 2.3716752529144287e+00
    2.8765689086914063e+02 7.0269800722599030e-02 3408639. -1.
    2.7404897689819336e+01 3.0103374481201172e+01 2.9238479137420654e+00
    1.5398529052734375e+02 7.7817127108573914e-02 1836031. -1.
    2.7404897689819336e+01 3.0103374481201172e+01 2.9238479137420654e+00
    2.0266427612304688e+02 7.7817127108573914e-02 1836031. -1.
    2.9151985168457031e+01 6.0182334899902344e+01 3.9373993873596191e+00
    2.7269503784179688e+02 3.6737989634275436e-02 6619392. -1.
    2.9437046051025391e+01 5.1865711212158203e+01 3.9901492595672607e+00
    2.6397918701171875e+02 4.1427910327911377e-02 7602432. -1.
    3.1615613937377930e+01 5.6130054473876953e+01 1.9861814975738525e+00
    2.6572485351562500e+02 6.3108339905738831e-02 7275007. -1.
    3.6599189758300781e+01 3.0100042343139648e+01 3.1089103221893311e+00
    2.5645812988281250e+01 7.5786605477333069e-02 6292479. -1.
    3.6599189758300781e+01 3.0100042343139648e+01 3.1089103221893311e+00
    3.3709375000000000e+02 7.5786605477333069e-02 6292479. -1.
    4.8924327850341797e+01 2.4975883483886719e+01 1.6625961303710938e+01
    9.1589630126953125e+01 1.1295178532600403e-01 10551554. -1.
    4.8924327850341797e+01 2.4975883483886719e+01 1.6625961303710938e+01
    1.7176235961914063e+02 1.1295178532600403e-01 10551554. -1.
    5.0177413940429688e+01 5.6128189086914063e+01 2.0116202831268311e+00
    2.7416552734375000e+02 6.4110517501831055e-02 8192511. -1.
    5.3125961303710938e+01 5.1877548217773438e+01 4.5915107727050781e+00
    1.8630041503906250e+02 3.4255549311637878e-02 1049088. -1.
    5.3327182769775391e+01 5.9892215728759766e+01 3.9166095256805420e+00
    2.4947320556640625e+02 4.1578169912099838e-02 6291712. -1.
    5.6524200439453125e+01 6.3573780059814453e+01 2.1481549739837646e+00
    2.3005447387695313e+02 7.4692897498607635e-02 12976639. -1.
    5.9779716491699219e+01 6.5837081909179688e+01 3.7010972499847412e+00
    1.9424485778808594e+02 7.4613869190216064e-02 2162944. -1.
    5.9779716491699219e+01 6.5837081909179688e+01 3.7010972499847412e+00
    2.4932342529296875e+02 7.4613869190216064e-02 2162944. -1.
    6.0935733795166016e+01 2.1816129684448242e+01 2.4746263027191162e+00
    1.7219969177246094e+02 9.4429992139339447e-02 6488831. -1.</data></keypoints>
<descriptors type_id="opencv-matrix">
  <rows>20</rows>
  <cols>128</cols>
  <dt>f</dt>
  <data>
    46. 0. 0. 0. 0. 0. 0. 1. 175. 11. 2. 1. 1. 0. 0. 5. 104. 18. 29. 15.
    46. 58. 21. 0. 7. 4. 27. 6. 16. 53. 143. 26. 64. 0. 0. 0. 0. 0. 0.
    2. 175. 12. 3. 2. 1. 1. 0. 6. 94. 23. 47. 23. 10. 14. 10. 7. 2. 10.
    57. 15. 4. 14. 26. 6. 63. 3. 0. 0. 0. 0. 0. 1. 175. 57. 3. 3. 1. 1.
    0. 2. 69. 43. 33. 20. 7. 8. 7. 7. 2. 11. 44. 11. 1. 9. 15. 5. 19.
    10. 0. 0. 0. 0. 0. 0. 100. 175. 15. 0. 0. 0. 0. 0. 13. 169. 81. 0.
    1. 2. 3. 3. 0. 22. 87. 1. 0. 3. 5. 2. 0. 0. 0. 0. 0. 0. 0. 2. 0. 0.
    0. 0. 0. 0. 25. 19. 0. 0. 0. 0. 0. 0. 79. 20. 0. 0. 0. 0. 0. 0. 99.
    19. 27. 0. 0. 0. 0. 0. 0. 20. 83. 0. 0. 1. 3. 2. 90. 143. 11. 13.
    10. 17. 12. 6. 143. 97. 30. 19. 4. 1. 0. 2. 143. 88. 71. 7. 0. 0. 0.
    0. 0. 4. 143. 37. 0. 4. 27. 4. 7. 49. 76. 35. 19. 43. 142. 24. 15.
    15. 143. 70. 8. 3. 5. 2. 10. 14. 38. 8. 0. 0. 0. 0. 0. 0. 143. 68.
    0. 1. 12. 3. 0. 0. 67. 19. 0. 1. 96. 55. 19. 12. 121. 34. 6. 1. 4.
    7. 12. 25. 35. 0. 0. 0. 0. 0. 0. 5. 145. 15. 8. 4. 1. 0. 0. 29. 76.
    37. 145. 25. 5. 1. 1. 8. 2. 23. 144. 15. 4. 4. 2. 0. 58. 2. 0. 0. 0.
    0. 0. 4. 145. 36. 6. 6. 6. 13. 6. 33. 31. 22. 81. 31. 25. 69. 100.
    8. 23. 30. 84. 2. 0. 11. 99. 25. 26. 15. 0. 0. 0. 0. 0. 0. 108. 145.
    67. 0. 0. 2. 2. 3. 10. 98. 145. 0. 0. 15. 42. 2. 1. 17. 145. 3. 0.
    8. 45. 8. 0. 2. 0. 0. 0. 0. 0. 0. 0. 25. 28. 0. 0. 0. 0. 0. 0. 20.
    101. 0. 0. 0. 0. 0. 0. 10. 106. 0. 0. 0. 0. 0. 1. 0. 0. 0. 0. 0. 0.
    4. 45. 0. 0. 0. 0. 0. 6. 76. 136. 17. 0. 0. 0. 0. 5. 75. 72. 16. 1.
    16. 20. 4. 1. 15. 30. 0. 0. 0. 0. 0. 0. 13. 136. 1. 0. 0. 1. 6. 28.
    136. 136. 48. 1. 0. 17. 26. 42. 78. 101. 68. 0. 1. 13. 16. 1. 0. 52.
    6. 0. 0. 0. 0. 0. 1. 136. 57. 0. 0. 5. 7. 3. 25. 90. 44. 2. 0. 95.
    65. 5. 9. 134. 95. 1. 0. 11. 7. 0. 1. 17. 8. 0. 0. 0. 0. 0. 0. 136.
    112. 0. 0. 1. 1. 0. 0. 98. 58. 0. 0. 59. 52. 0. 1. 105. 44. 0. 0.
    21. 23. 0. 3. 0. 0. 2. 30. 133. 6. 0. 0. 3. 23. 19. 8. 50. 4. 8. 33.
    58. 70. 18. 0. 0. 0. 9. 126. 59. 21. 1. 2. 4. 0. 2. 54. 8. 3. 31.
    133. 68. 2. 0. 4. 81. 6. 2. 11. 21. 3. 22. 133. 26. 0. 0. 0. 0. 0.
    45. 133. 5. 0. 0. 23. 30. 2. 10. 55. 25. 7. 15. 40. 9. 5. 3. 6. 133.
    31. 1. 1. 0. 0. 1. 53. 122. 6. 0. 4. 6. 1. 5. 44. 0. 0. 0. 91. 86.
    1. 2. 2. 6. 0. 0. 0. 3. 38. 96. 46. 106. 1. 0. 0. 0. 0. 28. 133. 54.
    0. 0. 29. 24. 0. 0. 38. 0. 0. 0. 133. 104. 0. 0. 0. 7. 10. 104. 81.
    1. 0. 0. 0. 131. 79. 46. 9. 0. 0. 0. 4. 73. 13. 0. 0. 13. 25. 2. 8.
    0. 0. 0. 0. 98. 119. 1. 0. 28. 3. 13. 16. 7. 68. 10. 5. 131. 40. 3.
    0. 0. 2. 1. 24. 105. 43. 3. 0. 2. 7. 2. 13. 1. 3. 0. 0. 80. 98. 1.
    1. 8. 4. 1. 11. 97. 131. 9. 1. 73. 131. 31. 5. 18. 7. 1. 2. 44. 131.
    33. 0. 0. 0. 0. 0. 22. 45. 0. 0. 33. 37. 0. 0. 0. 0. 0. 24. 131. 30.
    0. 0. 8. 28. 10. 8. 27. 10. 6. 7. 131. 101. 4. 0. 0. 0. 1. 35. 91.
    26. 0. 0. 6. 6. 0. 10. 21. 0. 0. 0. 0. 0. 3. 97. 81. 0. 1. 3. 1. 0.
    57. 135. 10. 17. 16. 12. 2. 0. 135. 80. 5. 15. 11. 14. 4. 1. 135.
    27. 112. 0. 0. 0. 0. 0. 7. 135. 135. 4. 1. 6. 10. 8. 5. 110. 51. 25.
    17. 24. 28. 31. 12. 31. 38. 22. 12. 20. 28. 26. 9. 24. 135. 7. 0. 0.
    0. 0. 1. 23. 135. 5. 0. 2. 12. 3. 2. 14. 68. 23. 2. 19. 52. 11. 3.
    8. 56. 20. 5. 17. 57. 9. 2. 7. 135. 13. 0. 0. 0. 0. 0. 1. 132. 6. 0.
    0. 14. 1. 0. 3. 70. 6. 0. 1. 73. 4. 0. 0. 67. 6. 0. 1. 58. 7. 0. 1.
    40. 1. 4. 6. 2. 0. 77. 141. 11. 25. 16. 9. 2. 14. 141. 24. 7. 15.
    14. 14. 1. 34. 141. 5. 10. 10. 4. 1. 0. 29. 141. 9. 92. 1. 4. 12.
    22. 15. 5. 54. 57. 37. 16. 19. 27. 21. 15. 55. 50. 31. 28. 38. 45.
    29. 21. 34. 83. 29. 20. 38. 20. 2. 28. 33. 81. 3. 1. 18. 35. 3. 1.
    20. 108. 19. 2. 26. 41. 6. 3. 20. 90. 19. 15. 47. 66. 14. 6. 20. 87.
    10. 3. 46. 141. 4. 1. 19. 56. 0. 0. 9. 51. 0. 0. 9. 110. 1. 0. 9.
    59. 0. 0. 15. 104. 2. 2. 12. 85. 5. 1. 22. 78. 1. 0. 3. 86. 50. 12.
    19. 62. 0. 0. 2. 21. 19. 0. 6. 2. 3. 5. 23. 79. 140. 68. 14. 87. 21.
    6. 5. 5. 28. 91. 140. 45. 4. 0. 6. 37. 26. 1. 42. 69. 0. 0. 11. 20.
    3. 0. 8. 11. 27. 36. 112. 80. 23. 15. 3. 139. 92. 27. 15. 3. 3. 20.
    37. 35. 4. 0. 17. 22. 11. 1. 12. 48. 0. 0. 8. 58. 0. 0. 7. 57. 8. 3.
    56. 140. 0. 0. 4. 140. 21. 3. 7. 16. 0. 0. 23. 46. 1. 0. 20. 88. 0.
    0. 4. 28. 0. 0. 6. 61. 0. 0. 3. 65. 0. 0. 22. 140. 0. 0. 7. 140. 0.
    0. 1. 10. 0. 0. 28. 28. 0. 0. 6. 103. 1. 0. 3. 5. 50. 126. 57. 5. 0.
    0. 0. 99. 142. 41. 0. 0. 0. 0. 1. 51. 45. 1. 0. 0. 0. 0. 0. 0. 0. 3.
    3. 0. 0. 0. 0. 25. 9. 6. 11. 16. 53. 18. 6. 142. 72. 2. 0. 0. 2. 2.
    31. 130. 52. 8. 1. 0. 0. 0. 6. 0. 2. 10. 8. 0. 0. 0. 0. 8. 3. 1. 2.
    88. 142. 40. 3. 92. 142. 25. 3. 31. 15. 2. 7. 34. 142. 47. 0. 0. 0.
    0. 1. 8. 56. 16. 4. 0. 0. 0. 0. 0. 0. 0. 7. 142. 34. 3. 0. 4. 33. 8.
    4. 63. 12. 33. 37. 75. 122. 7. 0. 0. 0. 26. 99. 58. 45. 3. 1. 0. 0.
    1. 24. 0. 0. 1. 42. 138. 25. 0. 0. 12. 13. 12. 16. 35. 9. 8. 29.
    138. 54. 3. 0. 0. 0. 3. 96. 88. 11. 0. 0. 0. 0. 1. 21. 8. 2. 12.
    138. 114. 14. 1. 3. 81. 3. 1. 11. 25. 7. 33. 138. 61. 0. 0. 0. 0. 0.
    32. 138. 27. 1. 0. 0. 0. 0. 0. 42. 27. 5. 10. 86. 10. 27. 21. 4.
