<?xml version="1.0"?>
<opencv_storage>
<keypoints type_id="opencv-matrix">
  <rows>99</rows>
  <cols>7</cols>
  <dt>d</dt>
  <data>
    3.2872438430786133e+00 5.5225682258605957e+00 2.4327006340026855e+00
    1.2392591857910156e+02 2.2541616111993790e-02 5243647. -1.
    3.9128999710083008e+00 7.2300315856933594e+01 2.1043412685394287e+00
    5.8542053222656250e+01 3.0679766088724136e-02 11469311. -1.
    3.9128999710083008e+00 7.2300315856933594e+01 2.1043412685394287e+00
    2.4053688049316406e+02 3.0679766088724136e-02 11469311. -1.
    4.5233969688415527e+00 1.8315668106079102e+01 1.9360395669937134e+00
    1.6985256958007813e+02 1.4595244079828262e-02 5439999. -1.
    7.5745525360107422e+00 1.7429155349731445e+01 2.4996459484100342e+00
    7.4658203125000000e-01 3.8920819759368896e-02 7209727. -1.
    7.9397311210632324e+00 1.2466274261474609e+01 2.5711839199066162e+00
    3.5240509033203125e+01 3.8763556629419327e-02 9241343. -1.
    7.9397311210632324e+00 1.2466274261474609e+01 2.5711839199066162e+00
    2.1707121276855469e+02 3.8763556629419327e-02 9241343. -1.
    8.0157155990600586e+00 6.5164535522460938e+01 3.8628830909729004e+00
    1.9022241210937500e+02 1.8588297069072723e-02 5243136. -1.
    8.0223827362060547e+00 5.3323158264160156e+01 1.9464892148971558e+00
    3.6160217285156250e+01 3.9999809116125107e-02 5833215. -1.
    1.0242061614990234e+01 1.5794672012329102e+01 2.2324073314666748e+00
    3.5668765258789063e+02 4.8200871795415878e-02 15729151. -1.
    1.1925700187683105e+01 3.8491470336914063e+01 2.4875733852386475e+00
    1.5770629882812500e+01 1.8332596868276596e-02 6882047. -1.
    1.2371783256530762e+01 2.3100278854370117e+01 3.0951638221740723e+00
    3.0161093139648438e+02 5.0003159791231155e-02 5964799. -1.
    1.2371783256530762e+01 2.3100278854370117e+01 3.0951638221740723e+00
    3.1652093505859375e+02 5.0003159791231155e-02 5964799. -1.
    1.3653834342956543e+01 1.5792813301086426e+01 2.0926644802093506e+00
    1.6891755676269531e+02 3.6459177732467651e-02 11076095. -1.
    1.4379786491394043e+01 5.4249362945556641e+01 4.3833451271057129e+00
    1.8216650390625000e+02 1.6009764745831490e-02 14418176. -1.
    1.6870767593383789e+01 2.8067163467407227e+01 4.2739920616149902e+00
    1.9388592529296875e+02 2.3300232365727425e-02 12583168. -1.
    1.7506786346435547e+01 6.3099582672119141e+01 2.3223364353179932e+00
    2.0180603027343750e+01 2.4991560727357864e-02 1901311. -1.
    1.8100040435791016e+01 7.3871345520019531e+01 2.7460498809814453e+00
    5.0859069824218750e+00 3.5659983754158020e-02 14025471. -1.
    1.8100040435791016e+01 7.3871345520019531e+01 2.7460498809814453e+00
    2.7889035034179688e+02 3.5659983754158020e-02 14025471. -1.
    1.8343217849731445e+01 1.5585692405700684e+01 2.5453257560729980e+00
    2.4405090332031250e+01 2.7215249836444855e-02 8520447. -1.
    1.8343217849731445e+01 1.5585692405700684e+01 2.5453257560729980e+00
    1.1022085571289063e+02 2.7215249836444855e-02 8520447. -1.
    2.2681053161621094e+01 8.3041810989379883e+00 5.1189584732055664e+00
    1.1030316162109375e+02 5.4189994931221008e-02 8913408. -1.
    2.2681053161621094e+01 8.3041810989379883e+00 5.1189584732055664e+00
    3.5749655151367188e+02 5.4189994931221008e-02 8913408. -1.
    2.3437379837036133e+01 7.3344490051269531e+01 7.6227822303771973e+00
    2.7592675781250000e+02 4.7920070588588715e-02 4260097. -1.
    2.4327453613281250e+01 1.8029203414916992e+01 2.3939597606658936e+00
    2.0710229492187500e+02 3.4097235649824142e-02 4063999. -1.
    2.4534124374389648e+01 4.5136990547180176e+00 1.8860601186752319e+00
    3.4934234619140625e+02 3.7498392164707184e-02 3539455. -1.
    2.6038457870483398e+01 5.4174270629882813e+01 4.0052180290222168e+00
    3.4798663330078125e+02 2.6519903913140297e-02 7864576. -1.
    2.7400684356689453e+01 3.5499708652496338e+00 2.6403057575225830e+00
    1.0972445678710938e+02 8.7610542774200439e-02 11141887. -1.
    2.7400684356689453e+01 3.5499708652496338e+00 2.6403057575225830e+00
    3.4813162231445313e+02 8.7610542774200439e-02 11141887. -1.
    2.9953065872192383e+01 7.4850250244140625e+01 2.7112700939178467e+00
    1.3921311950683594e+02 3.1590633094310760e-02 13107967. -1.
    2.9953065872192383e+01 7.4850250244140625e+01 2.7112700939178467e+00
    2.6747424316406250e+02 3.1590633094310760e-02 13107967. -1.
    3.0577825546264648e+01 3.0182279586791992e+01 4.9382805824279785e+00
    3.5764218139648438e+02 4.0679518133401871e-02 6291968. -1.
    3.0964792251586914e+01 1.5842000961303711e+01 4.9260740280151367e+00
    2.5623364257812500e+02 3.0790120363235474e-02 6160896. -1.
    3.1141540527343750e+01 7.0550468444824219e+01 2.8703529834747314e+00
    1.4090577697753906e+02 3.1238086521625519e-02 525311. -1.
    3.1515285491943359e+01 9.1129026412963867e+00 2.6276366710662842e+00
    2.9692321777343750e+02 8.4416270256042480e-02 10814207. -1.
    3.3222206115722656e+01 1.3106549263000488e+01 2.9196460247039795e+00
    5.9450256347656250e+01 2.7998199686408043e-02 1704959. -1.
    3.4101882934570313e+01 2.1348777770996094e+01 2.1568403244018555e+00
    4.7142974853515625e+01 6.1864148825407028e-02 13238783. -1.
    3.4962409973144531e+01 5.6125454902648926e+00 3.4580421447753906e+00
    1.4962852478027344e+02 5.6394867599010468e-02 13960191. -1.
    3.5127521514892578e+01 8.1286521911621094e+01 4.0102906227111816e+00
    2.6432818603515625e+02 2.9756851494312286e-02 7995648. -1.
    3.7136806488037109e+01 1.1321669578552246e+01 1.8744598627090454e+00
    5.3238922119140625e+01 2.9523158445954323e-02 3080703. -1.
    3.8042793273925781e+01 3.7089885711669922e+01 2.4897232055664063e+00
    1.0652145385742188e+02 3.8475316017866135e-02 6947583. -1.
    4.0600044250488281e+01 7.7625434875488281e+01 2.0855462551116943e+00
    2.6102075195312500e+02 1.5059284865856171e-02 10813951. -1.
    4.1595371246337891e+01 4.1284454345703125e+01 3.9958875179290771e+00
    8.3446868896484375e+01 1.7646843567490578e-02 7733504. -1.
    4.1883525848388672e+01 6.4440734863281250e+01 3.0360512733459473e+00
    3.0128839111328125e+02 2.2697370499372482e-02 4523007. -1.
    4.1925559997558594e+01 1.0825437545776367e+01 4.3185429573059082e+00
    8.8721984863281250e+01 3.8683220744132996e-02 13304064. -1.
    4.1925559997558594e+01 1.0825437545776367e+01 4.3185429573059082e+00
    2.4048748779296875e+02 3.8683220744132996e-02 13304064. -1.
    4.2270618438720703e+01 5.3975902557373047e+01 2.4283595085144043e+00
    2.0410389709472656e+02 6.1211451888084412e-02 5112575. -1.
    4.2926025390625000e+01 6.1266398429870605e+00 1.8352054357528687e+00
    8.1507690429687500e+01 6.7727118730545044e-02 1573375. -1.
    4.3292648315429688e+01 4.9010162353515625e+01 2.9704096317291260e+00
    7.4967651367187500e+00 1.9732428714632988e-02 2950143. -1.
    4.3364864349365234e+01 8.5725997924804688e+01 3.4551856517791748e+00
    2.9643280029296875e+01 4.5959062874317169e-02 13894655. -1.
    4.5486282348632813e+01 1.5005931854248047e+01 2.6458094120025635e+00
    6.6310028076171875e+01 6.9082908332347870e-02 11338495. -1.
    4.5808967590332031e+01 3.4470703125000000e+01 7.3198204040527344e+00
    6.7134094238281250e+01 2.1771494299173355e-02 1376513. -1.
    4.6762935638427734e+01 3.1680503845214844e+01 4.3327112197875977e+00
    3.2030868530273438e+02 2.0723275840282440e-02 13566208. -1.
    4.7589179992675781e+01 5.1359889984130859e+01 2.8113300800323486e+00
    2.6097369384765625e+02 6.0018617659807205e-02 15729407. -1.
    4.8569221496582031e+01 1.4259048461914063e+01 2.1679608821868896e+00
    6.7844451904296875e+01 7.1949809789657593e-02 13631999. -1.
    4.9844734191894531e+01 2.0297029495239258e+01 6.0343666076660156e+00
    1.6900437927246094e+02 6.3771307468414307e-02 4129536. -1.
    5.3273620605468750e+01 8.5424514770507813e+01 1.9254699945449829e+00
    8.6619964599609375e+01 3.8132559508085251e-02 5046783. -1.
    5.3832771301269531e+01 8.1742553710937500e+01 3.8262505531311035e+00
