<?xml version="1.0"?>
<opencv_storage>
<keypoints type_id="opencv-matrix">
  <rows>14</rows>
  <cols>7</cols>
  <dt>d</dt>
  <data>
    1.4505949020385742e+01 2.2846942901611328e+01 2.5083961486816406e+00
    4.5904113769531250e+01 6.8744078278541565e-02 7471871. -1.
    1.4505949020385742e+01 2.2846942901611328e+01 2.5083961486816406e+00
    3.4981332397460938e+02 6.8744078278541565e-02 7471871. -1.
    1.9327049255371094e+01 1.9128437042236328e+01 1.9647578001022339e+00
    5.5213226318359375e+01 6.4335860311985016e-02 6488575. -1.
    2.2975618362426758e+01 1.6455780029296875e+01 2.0528957843780518e+00
    5.4080780029296875e+01 6.3458576798439026e-02 9699839. -1.
    2.4153106689453125e+01 3.5960548400878906e+01 3.3197281360626221e+00
    2.7182418823242188e+02 5.7724766433238983e-02 11011071. -1.
    2.6368362426757813e+01 1.4158691406250000e+01 1.8909018039703369e+00
    1.1636007690429688e+02 7.5079113245010376e-02 3736063. -1.
    2.6369863510131836e+01 1.7471239089965820e+01 2.1874468326568604e+00
    1.1836581420898438e+02 5.7177063077688217e-02 14287359. -1.
    2.6369863510131836e+01 1.7471239089965820e+01 2.1874468326568604e+00
    2.8279708862304688e+02 5.7177063077688217e-02 14287359. -1.
    2.6369863510131836e+01 1.7471239089965820e+01 2.1874468326568604e+00
    3.2241311645507813e+02 5.7177063077688217e-02 14287359. -1.
    2.8530815124511719e+01 3.5950149536132813e+01 3.3628780841827393e+00
    2.6819842529296875e+02 5.7880770415067673e-02 11928575. -1.
    2.9740468978881836e+01 1.6530523300170898e+01 2.0894467830657959e+00
    1.2333581542968750e+02 6.2653854489326477e-02 10945023. -1.
    3.3359233856201172e+01 1.9114187240600586e+01 1.9939917325973511e+00
    1.2764974975585938e+02 6.1800371855497360e-02 7537151. -1.
    3.8144603729248047e+01 2.2978277206420898e+01 2.3721902370452881e+00
    1.3648210144042969e+02 7.4468344449996948e-02 3408639. -1.
    3.8144603729248047e+01 2.2978277206420898e+01 2.3721902370452881e+00
    1.9002331542968750e+02 7.4468344449996948e-02 3408639. -1.</data></keypoints>
<descriptors type_id="opencv-matrix">
  <rows>14</rows>
  <cols>128</cols>
  <dt>f</dt>
  <data>
    17. 0. 0. 0. 0. 0. 0. 5. 139. 1. 0. 2. 3. 1. 0. 65. 79. 7. 4. 31.
    44. 13. 1. 21. 18. 9. 2. 7. 32. 15. 23. 21. 43. 2. 0. 0. 0. 0. 0. 6.
    139. 34. 1. 1. 6. 6. 2. 66. 64. 15. 3. 6. 67. 55. 13. 38. 66. 2. 0.
    1. 5. 8. 21. 132. 22. 12. 0. 0. 0. 0. 0. 0. 127. 139. 36. 0. 2. 1.
    0. 2. 24. 139. 121. 1. 14. 16. 14. 23. 47. 121. 55. 0. 1. 5. 9. 73.
    0. 2. 0. 0. 0. 0. 0. 0. 1. 45. 19. 0. 0. 0. 0. 0. 0. 127. 100. 0. 0.
    0. 0. 0. 1. 139. 128. 0. 0. 0. 0. 0. 0. 0. 0. 0. 0. 0. 0. 2. 0. 0.
    0. 0. 0. 0. 17. 33. 0. 0. 0. 0. 0. 0. 87. 105. 0. 0. 1. 2. 0. 0.
    111. 145. 22. 0. 0. 0. 0. 0. 0. 17. 94. 1. 0. 2. 0. 0. 49. 145. 10.
    0. 7. 39. 13. 5. 145. 145. 5. 4. 43. 38. 7. 1. 53. 70. 60. 7. 0. 0.
    0. 0. 0. 4. 145. 47. 1. 6. 5. 4. 4. 57. 48. 7. 4. 70. 33. 29. 69.
    30. 6. 2. 9. 21. 12. 22. 73. 33. 27. 7. 0. 0. 0. 0. 0. 0. 145. 68.
    0. 0. 0. 2. 3. 8. 125. 14. 0. 2. 8. 17. 106. 37. 0. 5. 7. 9. 12. 44.
    99. 9. 65. 2. 0. 0. 0. 0. 0. 2. 186. 19. 0. 5. 13. 5. 1. 12. 49. 10.
    5. 36. 84. 50. 13. 11. 22. 8. 3. 24. 29. 8. 17. 39. 73. 4. 0. 0. 0.
    0. 0. 2. 186. 30. 0. 5. 16. 7. 2. 10. 80. 15. 6. 40. 100. 60. 7. 13.
    44. 22. 4. 11. 77. 22. 4. 12. 74. 1. 0. 0. 0. 0. 0. 3. 186. 19. 0.
    9. 14. 5. 1. 12. 66. 18. 9. 71. 100. 44. 10. 8. 52. 45. 7. 9. 17.
    16. 15. 17. 57. 2. 0. 0. 0. 0. 0. 2. 186. 23. 0. 0. 6. 9. 2. 19. 54.
    6. 1. 6. 76. 87. 15. 11. 74. 6. 1. 6. 14. 12. 14. 55. 25. 0. 0. 0.
    0. 0. 0. 10. 167. 3. 0. 4. 3. 0. 26. 161. 24. 6. 47. 55. 17. 2. 92.
    116. 5. 15. 76. 46. 4. 2. 40. 31. 59. 1. 0. 0. 0. 0. 0. 4. 167. 8.
    0. 6. 15. 6. 1. 30. 63. 7. 20. 55. 106. 68. 17. 17. 31. 17. 26. 26.
    11. 11. 23. 53. 61. 3. 0. 0. 0. 0. 0. 1. 167. 26. 0. 8. 16. 5. 1.
    10. 76. 16. 7. 51. 92. 42. 9. 12. 33. 12. 3. 29. 70. 10. 9. 22. 47.
    1. 0. 0. 0. 0. 0. 3. 167. 9. 0. 6. 12. 4. 1. 15. 57. 14. 6. 44. 72.
    33. 5. 9. 27. 27. 5. 5. 40. 20. 10. 10. 14. 0. 0. 0. 0. 0. 0. 10.
    72. 0. 0. 0. 0. 0. 36. 157. 16. 1. 4. 1. 0. 1. 156. 157. 0. 1. 6. 4.
    35. 27. 109. 56. 57. 1. 0. 0. 0. 0. 0. 3. 157. 3. 0. 2. 2. 0. 1. 75.
    83. 8. 26. 46. 15. 0. 7. 63. 18. 11. 24. 40. 69. 9. 3. 5. 57. 2. 0.
    0. 0. 0. 0. 0. 157. 22. 0. 2. 7. 2. 0. 3. 114. 12. 2. 26. 62. 35. 4.
    6. 48. 8. 1. 21. 88. 34. 3. 6. 34. 4. 0. 0. 0. 0. 0. 0. 157. 90. 2.
    0. 1. 1. 0. 0. 63. 81. 14. 0. 7. 32. 21. 5. 11. 7. 9. 9. 41. 30. 24.
    10. 21. 0. 0. 0. 0. 0. 0. 4. 144. 1. 0. 1. 0. 0. 0. 62. 112. 3. 4.
    54. 70. 13. 1. 26. 20. 24. 11. 22. 32. 11. 2. 11. 42. 3. 0. 0. 0. 0.
    0. 3. 144. 37. 1. 1. 4. 2. 0. 49. 86. 20. 8. 52. 102. 58. 18. 16.
    37. 27. 11. 20. 20. 26. 43. 25. 18. 12. 0. 0. 0. 0. 0. 0. 126. 144.
    33. 0. 1. 1. 0. 2. 21. 144. 121. 0. 13. 35. 24. 2. 3. 70. 41. 3. 11.
    62. 65. 10. 0. 2. 0. 0. 0. 0. 0. 0. 1. 42. 16. 0. 0. 0. 0. 0. 0.
    144. 79. 0. 0. 0. 0. 0. 0. 144. 120. 0. 1. 5. 2. 0. 126. 0. 0. 0. 0.
    0. 0. 38. 121. 2. 1. 31. 74. 16. 2. 29. 37. 7. 3. 29. 54. 11. 3. 21.
    4. 47. 21. 33. 45. 6. 0. 1. 126. 1. 0. 2. 2. 1. 0. 38. 117. 9. 9.
    77. 93. 23. 4. 20. 42. 49. 17. 23. 41. 30. 6. 15. 9. 8. 3. 2. 34.
    89. 30. 2. 126. 94. 10. 0. 2. 2. 0. 10. 59. 104. 49. 13. 52. 66. 42.
    10. 26. 30. 22. 8. 16. 64. 77. 25. 7. 33. 31. 8. 7. 41. 39. 6. 11.
    70. 19. 0. 0. 0. 0. 0. 2. 126. 118. 0. 0. 2. 5. 1. 1. 126. 126. 1.
    4. 30. 20. 2. 2. 62. 45. 3. 9. 45. 39. 5. 23. 39. 23. 4. 6. 26. 19.
    7. 23. 59. 27. 3. 4. 125. 24. 2. 2. 7. 4. 1. 3. 125. 25. 0. 0. 0. 0.
    0. 5. 84. 5. 0. 16. 87. 21. 4. 11. 28. 13. 2. 28. 59. 49. 26. 37.
    30. 13. 9. 56. 72. 38. 14. 35. 125. 13. 17. 4. 1. 0. 25. 125. 125.
    6. 0. 81. 39. 2. 4. 10. 8. 2. 31. 47. 13. 6. 23. 45. 34. 19. 44. 64.
    13. 3. 79. 99. 6. 14. 102. 2. 0. 0. 122. 125. 3. 0. 1. 16. 1. 3. 23.
    16. 21. 17. 54. 53. 7. 5. 31. 24. 3. 6. 59. 34. 2. 1. 125. 125. 0.
    1. 29. 0. 0. 0. 68. 74. 0. 0. 0. 0. 3. 7. 2. 1. 10. 130. 6. 0. 3. 6.
    2. 1. 22. 130. 4. 0. 2. 2. 0. 10. 94. 130. 1. 0. 0. 0. 0. 20. 67.
    10. 0. 4. 31. 62. 28. 4. 11. 68. 10. 8. 41. 90. 54. 15. 17. 80. 7.
    49. 70. 35. 9. 67. 95. 58. 7. 3. 1. 0. 0. 130. 130. 2. 0. 3. 21. 77.
    13. 5. 12. 29. 12. 13. 38. 24. 14. 27. 57. 28. 13. 105. 57. 7. 5.
    40. 33. 14. 27. 13. 12. 1. 0. 130. 126. 0. 1. 4. 20. 36. 7. 19. 38.
    12. 1. 62. 62. 10. 1. 13. 11. 8. 6. 57. 40. 6. 7. 31. 20. 3. 8. 33.
    22. 1. 0. 130. 71. 0. 2. 32. 0. 0. 0. 0. 0. 0. 4. 156. 0. 0. 1. 1.
    0. 2. 84. 66. 5. 20. 29. 7. 0. 15. 75. 10. 8. 22. 27. 47. 9. 9. 7.
    54. 0. 0. 0. 0. 0. 0. 2. 156. 3. 0. 2. 7. 2. 0. 24. 115. 6. 4. 35.
    61. 25. 2. 12. 47. 6. 3. 36. 91. 21. 1. 7. 53. 4. 0. 0. 0. 0. 0. 1.
    156. 88. 2. 0. 2. 2. 0. 4. 80. 72. 9. 0. 16. 48. 27. 8. 18. 5. 4.
    10. 68. 44. 24. 11. 12. 9. 0. 0. 0. 0. 0. 0. 59. 156. 36. 0. 0. 0.
    0. 0. 12. 156. 156. 1. 0. 1. 4. 1. 0. 57. 117. 31. 31. 3. 6. 1. 45.
    1. 0. 0. 0. 0. 0. 4. 165. 2. 0. 4. 14. 3. 0. 31. 61. 4. 3. 33. 94.
    29. 4. 14. 33. 9. 11. 28. 30. 4. 3. 22. 72. 1. 0. 0. 0. 0. 0. 3.
    165. 4. 0. 6. 21. 6. 1. 24. 67. 11. 7. 45. 109. 42. 5. 14. 26. 19.
    6. 13. 66. 32. 3. 10. 76. 3. 0. 0. 0. 0. 0. 1. 165. 20. 0. 11. 22.
    6. 0. 10. 50. 19. 12. 72. 110. 48. 23. 10. 42. 43. 17. 8. 10. 30.
    22. 17. 29. 14. 0. 0. 0. 0. 0. 0. 153. 165. 38. 0. 4. 5. 0. 1. 14.
    115. 99. 0. 17. 48. 47. 7. 5. 30. 38. 4. 7. 51. 52. 13. 52. 1. 0. 0.
    0. 0. 0. 5. 181. 11. 0. 8. 6. 0. 1. 38. 53. 10. 9. 82. 80. 4. 3. 11.
    71. 60. 11. 13. 13. 3. 1. 6. 63. 6. 0. 0. 0. 0. 0. 1. 181. 32. 0. 4.
    15. 5. 1. 4. 77. 8. 6. 38. 119. 58. 6. 9. 65. 16. 14. 20. 16. 8. 4.
    32. 60. 2. 0. 0. 0. 0. 0. 1. 181. 14. 0. 3. 12. 3. 0. 8. 96. 9. 3.
    40. 127. 40. 4. 8. 43. 12. 3. 21. 61. 14. 3. 15. 39. 4. 0. 0. 0. 0.
    0. 0. 181. 28. 0. 2. 6. 2. 0. 1. 77. 12. 7. 43. 97. 33. 3. 4. 22.
    38. 14. 13. 23. 23. 3. 7. 0. 0. 0. 0. 0. 0. 0. 2. 1. 0. 0. 0. 0. 0.
