<?xml version="1.0"?>
<opencv_storage>
<keypoints type_id="opencv-matrix">
  <rows>13</rows>
  <cols>7</cols>
  <dt>d</dt>
  <data>
    1.7106792449951172e+01 2.0408863067626953e+01 3.1412122249603271e+00
    3.5520571899414063e+02 2.2367531433701515e-02 7013375. -1.
    2.0688369750976563e+01 1.8052095413208008e+01 1.3215140342712402e+01
    3.3308471679687500e+01 8.5181303322315216e-02 10683137. -1.
    2.0688369750976563e+01 1.8052095413208008e+01 1.3215140342712402e+01
    1.3127561950683594e+02 8.5181303322315216e-02 10683137. -1.
    2.0688369750976563e+01 1.8052095413208008e+01 1.3215140342712402e+01
    2.2886990356445313e+02 8.5181303322315216e-02 10683137. -1.
    2.0688369750976563e+01 1.8052095413208008e+01 1.3215140342712402e+01
    3.3082138061523438e+02 8.5181303322315216e-02 10683137. -1.
    2.0886592864990234e+01 9.3474540710449219e+00 2.0392014980316162e+00
    8.9622772216796875e+01 1.7536440864205360e-02 9175551. -1.
    2.0948059082031250e+01 1.4269378662109375e+01 3.7614247798919678e+00
    3.8473510742187500e+00 7.0491783320903778e-02 3342592. -1.
    2.0948059082031250e+01 1.4269378662109375e+01 3.7614247798919678e+00
    1.7680325317382813e+02 7.0491783320903778e-02 3342592. -1.
    2.0994821548461914e+01 2.3866971969604492e+01 2.2733094692230225e+00
    1.2075195312500000e+00 7.3480971157550812e-02 328447. -1.
    2.0994821548461914e+01 2.3866971969604492e+01 2.2733094692230225e+00
    1.7868466186523438e+02 7.3480971157550812e-02 328447. -1.
    2.0994821548461914e+01 2.3866971969604492e+01 2.2733094692230225e+00
    2.7103216552734375e+02 7.3480971157550812e-02 328447. -1.
    2.1209091186523438e+01 2.7188955307006836e+01 2.2016847133636475e+00
    2.6916043090820313e+02 1.8594158813357353e-02 14746111. -1.
    2.4163009643554688e+01 2.0852430343627930e+01 2.6647517681121826e+00
    1.8486822509765625e+02 2.4641929194331169e-02 11797247. -1.</data></keypoints>
<descriptors type_id="opencv-matrix">
  <rows>13</rows>
  <cols>128</cols>
  <dt>f</dt>
  <data>
    74. 0. 0. 0. 0. 0. 0. 107. 54. 0. 0. 0. 0. 0. 1. 53. 124. 0. 0. 1.
    16. 13. 23. 88. 8. 0. 0. 7. 124. 52. 19. 11. 124. 12. 0. 0. 0. 0. 0.
    23. 95. 2. 0. 0. 0. 0. 0. 7. 124. 25. 4. 21. 35. 1. 0. 13. 11. 4. 2.
    60. 124. 1. 0. 1. 119. 105. 0. 0. 0. 0. 0. 0. 84. 43. 0. 0. 0. 0. 0.
    5. 124. 49. 21. 24. 36. 1. 0. 13. 3. 3. 8. 55. 124. 1. 0. 1. 18.
    124. 3. 0. 0. 0. 0. 0. 15. 124. 30. 0. 0. 0. 0. 0. 18. 84. 97. 24.
    3. 0. 0. 0. 0. 2. 57. 89. 17. 0. 0. 0. 0. 0. 0. 0. 0. 0. 0. 0. 1. 0.
    0. 0. 0. 6. 23. 5. 0. 0. 0. 0. 0. 11. 35. 1. 0. 0. 0. 0. 0. 0. 0. 0.
    39. 3. 0. 0. 0. 0. 0. 6. 140. 50. 9. 6. 8. 43. 140. 140. 15. 12. 11.
    48. 140. 140. 140. 40. 0. 0. 0. 8. 23. 4. 0. 0. 30. 10. 0. 0. 0. 0.
    0. 2. 140. 140. 140. 29. 8. 7. 8. 32. 13. 65. 140. 140. 140. 36. 9.
    8. 0. 0. 0. 24. 37. 1. 0. 0. 0. 0. 0. 0. 0. 0. 0. 0. 0. 22. 36. 1.
    0. 0. 0. 0. 0. 8. 33. 8. 1. 0. 0. 0. 0. 0. 0. 0. 0. 0. 0. 0. 0. 0.
    0. 0. 0. 0. 0. 0. 0. 0. 0. 0. 0. 7. 32. 4. 0. 0. 0. 0. 0. 17. 42. 1.
    0. 0. 0. 0. 0. 0. 0. 0. 36. 2. 0. 0. 0. 0. 0. 6. 140. 40. 14. 13.
    12. 46. 140. 140. 9. 7. 12. 62. 140. 140. 140. 37. 0. 0. 0. 7. 40.
    8. 0. 0. 31. 5. 0. 0. 0. 0. 0. 3. 140. 140. 140. 57. 10. 6. 8. 39.
    8. 28. 140. 140. 140. 28. 7. 8. 0. 0. 0. 16. 38. 1. 0. 0. 0. 0. 0.
    0. 0. 0. 0. 0. 0. 3. 35. 5. 0. 0. 0. 0. 0. 1. 33. 12. 0. 0. 0. 0. 0.
    0. 0. 0. 0. 0. 0. 0. 0. 0. 0. 0. 0. 0. 0. 0. 0. 0. 0. 0. 0. 4. 45.
    9. 0. 0. 0. 0. 0. 12. 36. 2. 0. 0. 0. 0. 0. 0. 0. 0. 41. 2. 0. 0. 0.
    0. 0. 13. 140. 38. 9. 7. 11. 59. 140. 140. 7. 7. 8. 27. 140. 140.
    140. 30. 0. 0. 0. 0. 32. 17. 0. 0. 41. 5. 0. 0. 0. 0. 0. 5. 140.
    140. 140. 43. 13. 13. 13. 44. 8. 35. 140. 140. 140. 63. 11. 7. 0. 0.
    0. 3. 28. 8. 0. 0. 0. 0. 0. 0. 0. 0. 0. 0. 0. 4. 31. 5. 0. 0. 0. 0.
    0. 2. 35. 8. 0. 0. 0. 0. 0. 0. 0. 0. 0. 0. 0. 0. 0. 0. 0. 0. 0. 0.
    0. 0. 0. 0. 0. 0. 0. 0. 24. 25. 0. 0. 0. 0. 0. 4. 17. 9. 0. 0. 0. 0.
    0. 0. 0. 0. 27. 4. 0. 0. 0. 0. 1. 11. 140. 33. 7. 7. 8. 27. 140.
    140. 12. 7. 8. 33. 140. 140. 140. 68. 0. 0. 0. 1. 31. 17. 0. 0. 43.
    15. 0. 0. 0. 0. 0. 2. 140. 140. 140. 43. 9. 7. 10. 53. 14. 44. 140.
    140. 140. 49. 11. 12. 0. 0. 0. 4. 20. 7. 0. 0. 0. 0. 0. 0. 0. 0. 0.
    0. 2. 12. 31. 5. 0. 0. 0. 0. 0. 2. 45. 13. 0. 0. 0. 0. 0. 0. 0. 0.
    0. 0. 0. 0. 64. 0. 0. 0. 0. 0. 0. 53. 100. 0. 0. 1. 0. 0. 1. 112. 4.
    0. 0. 3. 1. 1. 37. 34. 0. 0. 0. 1. 0. 1. 86. 5. 125. 3. 0. 0. 0. 0.
    0. 95. 100. 3. 0. 1. 3. 2. 3. 87. 112. 14. 1. 0. 0. 0. 68. 125. 10.
    6. 13. 0. 0. 2. 125. 43. 125. 81. 0. 0. 0. 0. 0. 9. 95. 72. 3. 3. 4.
    1. 0. 7. 122. 125. 59. 0. 0. 0. 2. 18. 11. 49. 125. 0. 0. 0. 19. 8.
    75. 59. 0. 0. 0. 0. 0. 0. 99. 93. 1. 0. 1. 1. 0. 0. 3. 39. 39. 0. 1.
    2. 0. 0. 0. 9. 100. 0. 0. 0. 0. 0. 2. 0. 0. 0. 0. 0. 29. 90. 0. 0.
    0. 0. 0. 8. 122. 92. 0. 0. 0. 0. 0. 91. 122. 5. 0. 0. 0. 0. 2. 88.
    30. 0. 55. 0. 0. 0. 0. 0. 10. 122. 74. 1. 0. 0. 5. 19. 85. 122. 5.
    0. 0. 0. 70. 122. 84. 15. 0. 0. 0. 0. 48. 122. 10. 0. 106. 7. 0. 0.
    0. 0. 0. 34. 122. 37. 2. 5. 19. 5. 4. 18. 21. 8. 3. 16. 122. 28. 4.
    4. 0. 0. 0. 4. 106. 35. 0. 0. 63. 61. 1. 0. 0. 0. 0. 0. 105. 64. 10.
    7. 7. 0. 0. 0. 13. 15. 14. 47. 117. 0. 0. 0. 0. 0. 0. 61. 71. 0. 0.
    0. 69. 0. 0. 0. 0. 0. 1. 66. 107. 0. 0. 0. 6. 5. 11. 64. 15. 0. 0.
    0. 113. 45. 16. 16. 0. 0. 0. 0. 68. 57. 0. 0. 112. 38. 0. 0. 0. 0.
    0. 7. 122. 19. 4. 5. 16. 3. 3. 38. 24. 5. 4. 28. 122. 15. 4. 10. 0.
    0. 0. 31. 101. 3. 0. 0. 59. 122. 8. 0. 0. 0. 0. 0. 77. 122. 80. 17.
    4. 0. 0. 1. 6. 19. 85. 122. 67. 0. 0. 0. 0. 0. 11. 122. 45. 0. 0. 0.
    2. 86. 24. 0. 0. 0. 0. 0. 0. 101. 122. 6. 0. 0. 0. 0. 0. 8. 122. 84.
    0. 0. 0. 0. 0. 0. 35. 92. 2. 0. 0. 0. 90. 14. 0. 0. 0. 0. 0. 0. 126.
    73. 7. 17. 20. 0. 0. 1. 9. 11. 6. 66. 126. 3. 0. 0. 1. 0. 0. 7. 66.
    1. 0. 0. 94. 10. 0. 0. 0. 0. 0. 4. 126. 57. 12. 11. 16. 9. 3. 31.
    10. 8. 11. 52. 126. 48. 3. 6. 1. 0. 0. 6. 71. 8. 0. 1. 35. 55. 9. 0.
    0. 0. 0. 1. 63. 126. 103. 19. 3. 1. 0. 3. 2. 13. 91. 126. 65. 4. 0.
    1. 0. 0. 11. 68. 27. 1. 0. 0. 0. 126. 72. 0. 0. 0. 0. 0. 0. 65. 124.
    4. 0. 0. 0. 0. 0. 1. 113. 87. 1. 0. 0. 0. 0. 0. 65. 126. 0. 0. 0. 0.
    0. 0. 0. 0. 0. 0. 73. 126. 0. 0. 0. 0. 0. 1. 114. 85. 0. 0. 0. 0. 0.
    65. 125. 4. 0. 0. 0. 0. 0. 126. 65. 0. 28. 1. 0. 0. 0. 0. 11. 61.
    65. 4. 0. 1. 2. 13. 94. 126. 3. 1. 0. 3. 62. 126. 102. 18. 0. 0. 0.
    1. 34. 60. 9. 0. 76. 6. 0. 1. 1. 0. 0. 8. 126. 39. 3. 7. 12. 9. 11.
    59. 14. 8. 3. 39. 126. 51. 12. 10. 0. 0. 0. 7. 88. 7. 0. 0. 75. 0.
    0. 0. 1. 0. 0. 13. 126. 2. 0. 0. 15. 13. 7. 82. 12. 0. 0. 2. 126.
    59. 6. 14. 0. 0. 0. 1. 81. 7. 0. 0. 72. 0. 0. 0. 0. 0. 0. 126. 9. 0.
    0. 0. 0. 1. 35. 55. 0. 0. 0. 0. 0. 4. 93. 10. 0. 0. 0. 0. 0. 0. 90.
    13. 124. 4. 0. 0. 0. 0. 0. 65. 103. 19. 3. 1. 0. 3. 63. 126. 12. 11.
    16. 9. 3. 32. 126. 56. 7. 17. 19. 0. 0. 1. 126. 72. 113. 87. 1. 0.
    0. 0. 0. 1. 92. 126. 65. 4. 0. 1. 2. 13. 11. 53. 126. 47. 3. 6. 10.
    8. 6. 67. 126. 3. 0. 0. 9. 11. 65. 126. 0. 0. 0. 0. 0. 0. 11. 68.
    27. 1. 0. 0. 0. 0. 0. 7. 71. 8. 0. 1. 1. 0. 0. 7. 67. 1. 0. 0. 1. 0.
    54. 0. 0. 0. 0. 0. 0. 79. 77. 0. 0. 1. 2. 1. 2. 123. 5. 0. 0. 3. 1.
    2. 37. 36. 0. 0. 0. 0. 0. 7. 62. 5. 123. 1. 0. 0. 1. 0. 0. 52. 123.
    3. 0. 3. 15. 2. 2. 63. 118. 18. 3. 3. 3. 11. 77. 123. 10. 9. 8. 11.
    8. 53. 123. 44. 123. 67. 0. 0. 0. 0. 0. 1. 117. 82. 2. 3. 15. 1. 0.
    2. 113. 123. 78. 12. 3. 2. 3. 16. 10. 49. 123. 60. 8. 9. 9. 8. 48.
    70. 0. 0. 0. 0. 0. 0. 87. 123. 1. 0. 1. 1. 0. 0. 5. 39. 31. 1. 1. 5.
    1. 0. 0. 6. 54. 7. 0. 1. 0. 0. 16. 0. 0. 0. 0. 0. 7. 135. 21. 0. 0.
    0. 0. 0. 25. 131. 22. 1. 0. 0. 6. 27. 96. 86. 0. 0. 0. 0. 27. 74.
    41. 1. 67. 0. 0. 2. 2. 0. 1. 89. 105. 19. 0. 1. 1. 0. 1. 23. 135.
    49. 4. 10. 46. 29. 29. 59. 1. 1. 1. 10. 135. 56. 9. 2. 72. 5. 0. 1.
    6. 1. 0. 11. 125. 6. 0. 0. 2. 0. 0. 5. 135. 12. 0. 1. 44. 32. 8. 52.
    7. 0. 0. 1. 135. 78. 3. 5. 50. 55. 0. 0. 3. 1. 0. 0. 92. 12. 0. 0.
