<?xml version="1.0"?>
<opencv_storage>
<keypoints type_id="opencv-matrix">
  <rows>89</rows>
  <cols>7</cols>
  <dt>d</dt>
  <data>
    6.9272437095642090e+00 8.5348052978515625e+01 2.3198039531707764e+00
    6.3762176513671875e+01 6.3502006232738495e-02 1770239. -1.
    6.9272437095642090e+00 8.5348052978515625e+01 2.3198039531707764e+00
    2.4890144348144531e+02 6.3502006232738495e-02 1770239. -1.
    7.8657937049865723e+00 1.2562917709350586e+01 2.4947772026062012e+00
    4.7062988281250000e+00 4.7281302511692047e-02 7078655. -1.
    7.8657937049865723e+00 1.2562917709350586e+01 2.4947772026062012e+00
    6.0516418457031250e+01 4.7281302511692047e-02 7078655. -1.
    8.1285581588745117e+00 1.9370660781860352e+01 2.5382249355316162e+00
    3.0455032348632813e+02 4.2581263929605484e-02 8323839. -1.
    8.1285581588745117e+00 1.9370660781860352e+01 2.5382249355316162e+00
    3.3181005859375000e+02 4.2581263929605484e-02 8323839. -1.
    8.9271574020385742e+00 1.6008327484130859e+01 1.9739477634429932e+00
    3.0128906250000000e+02 6.3132479786872864e-02 6816255. -1.
    1.0122391700744629e+01 8.4513442993164063e+01 2.6165463924407959e+00
    1.0573471069335938e+02 6.5376386046409607e-02 10486527. -1.
    1.0122391700744629e+01 8.4513442993164063e+01 2.6165463924407959e+00
    2.4850671386718750e+02 6.5376386046409607e-02 10486527. -1.
    1.0122391700744629e+01 8.4513442993164063e+01 2.6165463924407959e+00
    3.0886273193359375e+02 6.5376386046409607e-02 10486527. -1.
    1.1874297142028809e+01 1.5942727088928223e+01 1.9308757781982422e+00
    6.1748382568359375e+01 7.1464098989963531e-02 5243391. -1.
    1.1874297142028809e+01 1.5942727088928223e+01 1.9308757781982422e+00
    3.1319628906250000e+02 7.1464098989963531e-02 5243391. -1.
    1.1876404762268066e+01 1.2121638298034668e+01 2.5548417568206787e+00
    9.0459228515625000e+01 5.3377129137516022e-02 8782591. -1.
    1.1963598251342773e+01 1.9835460662841797e+01 2.0562028884887695e+00
    2.8816821289062500e+02 6.3306301832199097e-02 9765375. -1.
    1.1963598251342773e+01 1.9835460662841797e+01 2.0562028884887695e+00
    3.4592541503906250e+02 6.3306301832199097e-02 9765375. -1.
    1.2099061965942383e+01 2.3411659240722656e+01 2.2851574420928955e+00
    3.0313165283203125e+02 4.1944153606891632e-02 721663. -1.
    1.2251785278320313e+01 8.2331113815307617e+00 2.4703919887542725e+00
    8.7637298583984375e+01 4.0604516863822937e-02 6357759. -1.
    1.4109040260314941e+01 1.4337307929992676e+01 1.8466333150863647e+00
    1.3047135925292969e+02 4.4282574206590652e-02 2032127. -1.
    1.4109040260314941e+01 1.4337307929992676e+01 1.8466333150863647e+00
    3.2186392211914063e+02 4.4282574206590652e-02 2032127. -1.
    1.4302802085876465e+01 5.6277873992919922e+01 2.8526861667633057e+00
    1.5895175170898438e+02 1.9358428195118904e-02 66559. -1.
    1.5834671974182129e+01 1.9926996231079102e+01 2.0347287654876709e+00
    3.1891177368164063e+02 7.4711911380290985e-02 9044479. -1.
    1.5941095352172852e+01 2.2833395004272461e+01 1.9157012701034546e+00
    2.2398922729492188e+02 7.9547196626663208e-02 4653567. -1.
    1.5949619293212891e+01 1.2049968719482422e+01 1.9653142690658569e+00
    2.6557128906250000e+01 6.8786710500717163e-02 6488575. -1.
    1.5949619293212891e+01 1.2049968719482422e+01 1.9653142690658569e+00
    1.3268112182617188e+02 6.8786710500717163e-02 6488575. -1.
    1.6075963973999023e+01 1.6736885070800781e+01 8.1993350982666016e+00
    2.1776379394531250e+02 4.1252031922340393e-02 9568513. -1.
    1.8261552810668945e+01 8.1681610107421875e+01 5.1009354591369629e+00
    1.8674627685546875e+02 6.5257295966148376e-02 8651264. -1.
    1.9152082443237305e+01 8.5307407379150391e+00 2.2114243507385254e+00
    8.7753143310546875e+01 4.0928792208433151e-02 15073791. -1.
    1.9152082443237305e+01 8.5307407379150391e+00 2.2114243507385254e+00
    1.2986677551269531e+02 4.0928792208433151e-02 15073791. -1.
    1.9565063476562500e+01 2.3137992858886719e+01 1.8807814121246338e+00
    2.2520503234863281e+02 4.7137126326560974e-02 3342847. -1.
    1.9844186782836914e+01 1.5887734413146973e+01 1.8932065963745117e+00
    1.2970639038085938e+02 7.6855719089508057e-02 3801599. -1.
    1.9982566833496094e+01 1.9978588104248047e+01 2.0723912715911865e+00
    1.9409768676757813e+02 6.9680556654930115e-02 10355199. -1.
    2.2594470977783203e+01 8.0656295776367188e+01 2.3921401500701904e+00
    1.8347232055664063e+02 5.0588320940732956e-02 3998463. -1.
    2.2646354675292969e+01 5.4055973052978516e+01 1.2533153533935547e+01
    2.0289154052734375e+01 3.6967091262340546e-02 6816513. -1.
    2.2944532394409180e+01 1.5996724128723145e+01 2.0453004837036133e+00
    2.3864266967773438e+02 6.8473242223262787e-02 9372159. -1.
    2.3013555526733398e+01 7.3376319885253906e+01 2.5971362590789795e+00
    1.5359759521484375e+02 3.9590831845998764e-02 9962239. -1.
    2.3135324478149414e+01 1.9270885467529297e+01 2.1381433010101318e+00
    1.9493867492675781e+02 4.9628894776105881e-02 12583423. -1.
    2.3456506729125977e+01 6.4687545776367188e+01 2.2786552906036377e+00
    1.2258988952636719e+02 3.0000291764736176e-02 525055. -1.
    2.3708383560180664e+01 1.2624168395996094e+01 2.4970672130584717e+00
    1.7552655029296875e+02 4.2768016457557678e-02 7144191. -1.
    2.6441562652587891e+01 5.0579193115234375e+01 1.8418453931808472e+00
    5.0660217285156250e+01 1.8510902300477028e-02 1835519. -1.
    2.8266016006469727e+01 7.0856941223144531e+01 1.8454961776733398e+00
    3.3538635253906250e+02 4.3906051665544510e-02 1966591. -1.
    2.8710010528564453e+01 8.8809900283813477e+00 2.2075083255767822e+00
    2.2718222045898438e+02 6.7011103034019470e-02 14942719. -1.
    2.9462324142456055e+01 6.7953544616699219e+01 2.1295363903045654e+00
    1.0886369323730469e+02 2.4617206305265427e-02 12321279. -1.
    2.9870967864990234e+01 4.6228290557861328e+01 1.9685678482055664e+00
    3.4029034423828125e+02 4.3185975402593613e-02 6619647. -1.
    3.2769535064697266e+01 4.6782657623291016e+01 1.8867046833038330e+00
    1.7035432434082031e+02 7.4268490076065063e-02 3539455. -1.
    3.2769535064697266e+01 4.6782657623291016e+01 1.8867046833038330e+00
    3.3838272094726563e+02 7.4268490076065063e-02 3539455. -1.
    3.3782794952392578e+01 7.7293075561523438e+01 3.9572780132293701e+00
    3.1649475097656250e+02 1.5683345496654510e-02 7012608. -1.
    3.3983371734619141e+01 5.0334999084472656e+01 1.9561156034469604e+00
    1.5888613891601563e+02 7.0073708891868591e-02 6160895. -1.
    3.3983371734619141e+01 5.0334999084472656e+01 1.9561156034469604e+00
    3.1281121826171875e+02 7.0073708891868591e-02 6160895. -1.
    3.4116249084472656e+01 5.8276542663574219e+01 4.9308967590332031e+00
    3.3786749267578125e+02 4.2909339070320129e-02 6226432. -1.
    3.6303535461425781e+01 3.0084934234619141e+01 3.0887384414672852e+00
    2.6689495849609375e+02 5.2772838622331619e-02 5768191. -1.
    3.7180618286132813e+01 5.4516571044921875e+01 2.1311647891998291e+00
    3.9145629882812500e+01 4.6239420771598816e-02 12386815. -1.
    3.7180618286132813e+01 5.4516571044921875e+01 2.1311647891998291e+00
    1.6837475585937500e+02 4.6239420771598816e-02 12386815. -1.
    3.7799819946289063e+01 7.0481819152832031e+01 2.6199183464050293e+00
    3.1212738037109375e+02 3.2971803098917007e-02 10617599. -1.
    3.9260284423828125e+01 2.8606233596801758e+01 2.4044845581054688e+01
    8.4653564453125000e+01 2.3217486217617989e-02 3801858. -1.
    3.9369304656982422e+01 5.9997425079345703e+01 2.2759046554565430e+00
    1.8691650390625000e+01 1.9253011792898178e-02 393983. -1.
    4.0409236907958984e+01 7.3873146057128906e+01 4.7677383422851563e+00
    3.0923229980468750e+02 3.3542990684509277e-02 3801600. -1.
    4.6167694091796875e+01 8.2905288696289063e+01 2.3487823009490967e+00
    9.7857360839843750e+00 2.7444351464509964e-02 2687743. -1.
    4.7050693511962891e+01 4.9431896209716797e+01 3.8138916492462158e+00
