<?xml version="1.0"?>
<opencv_storage>
<keypoints type_id="opencv-matrix">
  <rows>51</rows>
  <cols>7</cols>
  <dt>d</dt>
  <data>
    1.9438747406005859e+01 5.9762790679931641e+01 2.5578892230987549e+00
    2.4192504882812500e+00 5.1058925688266754e-02 8848127. -1.
    1.9599220275878906e+01 4.7540771484375000e+01 2.4983747005462646e+00
    3.5633303833007813e+02 6.6270783543586731e-02 7144191. -1.
    2.0213394165039063e+01 1.5492668151855469e+01 3.1453018188476563e+00
    8.5293579101562500e+00 8.4119461476802826e-02 7078911. -1.
    2.0213394165039063e+01 1.5492668151855469e+01 3.1453018188476563e+00
    8.2401367187500000e+01 8.4119461476802826e-02 7078911. -1.
    2.0248725891113281e+01 6.5780326843261719e+01 3.1981379985809326e+00
    2.7753875732421875e+02 6.2269784510135651e-02 8324095. -1.
    2.0248725891113281e+01 6.5780326843261719e+01 3.1981379985809326e+00
    3.5094204711914063e+02 6.2269784510135651e-02 8324095. -1.
    2.2696857452392578e+01 1.8054109573364258e+01 2.2156684398651123e+00
    4.1627105712890625e+01 6.2408100813627243e-02 15204863. -1.
    2.2696857452392578e+01 1.8054109573364258e+01 2.2156684398651123e+00
    1.8951068115234375e+02 6.2408100813627243e-02 15204863. -1.
    2.2696857452392578e+01 1.8054109573364258e+01 2.2156684398651123e+00
    2.2046948242187500e+02 6.2408100813627243e-02 15204863. -1.
    2.2696857452392578e+01 1.8054109573364258e+01 2.2156684398651123e+00
    2.6281420898437500e+02 6.2408100813627243e-02 15204863. -1.
    2.2709878921508789e+01 6.3308647155761719e+01 2.0689885616302490e+00
    1.0047055053710938e+02 4.0339391678571701e-02 10224127. -1.
    2.2709878921508789e+01 6.3308647155761719e+01 2.0689885616302490e+00
    1.2824638366699219e+02 4.0339391678571701e-02 10224127. -1.
    2.2709878921508789e+01 6.3308647155761719e+01 2.0689885616302490e+00
    1.7242068481445313e+02 4.0339391678571701e-02 10224127. -1.
    2.3116914749145508e+01 5.6859615325927734e+01 2.7248492240905762e+00
    3.0649215698242188e+02 4.6896807849407196e-02 13435647. -1.
    2.4953577041625977e+01 6.1077514648437500e+01 2.1081721782684326e+00
    1.2086169433593750e+02 4.4070687144994736e-02 11600383. -1.
    2.5217075347900391e+01 4.2334667205810547e+01 2.5258481502532959e+00
    2.5573452758789063e+02 4.3513964861631393e-02 7930623. -1.
    2.5217075347900391e+01 4.2334667205810547e+01 2.5258481502532959e+00
    3.5021984863281250e+02 4.3513964861631393e-02 7930623. -1.
    2.5576866149902344e+01 2.0848056793212891e+01 2.7280633449554443e+00
    6.4806823730468750e+00 4.9286615103483200e-02 13501183. -1.
    2.5576866149902344e+01 2.0848056793212891e+01 2.7280633449554443e+00
    8.3551544189453125e+01 4.9286615103483200e-02 13501183. -1.
    2.7103324890136719e+01 5.9166316986083984e+01 1.9718738794326782e+00
    3.0058850097656250e+02 3.3778078854084015e-02 6750719. -1.
    2.8319980621337891e+01 2.3931447982788086e+01 1.3384492874145508e+01
    1.0742919921875000e+01 9.1189496219158173e-02 11600641. -1.
    2.8319980621337891e+01 2.3931447982788086e+01 1.3384492874145508e+01
    8.6681457519531250e+01 9.1189496219158173e-02 11600641. -1.
    3.5119178771972656e+01 3.7821506500244141e+01 5.1730055809020996e+00
    1.4083004760742188e+02 5.4656978696584702e-02 9699840. -1.
    3.8518871307373047e+01 4.7154014587402344e+01 2.5292119979858398e+00
    1.2640119934082031e+02 5.4483693093061447e-02 8061695. -1.
    3.8518871307373047e+01 4.7154014587402344e+01 2.5292119979858398e+00
    2.8348294067382813e+02 5.4483693093061447e-02 8061695. -1.
    3.9065933227539063e+01 6.0656948089599609e+01 2.6361148357391357e+00
    3.4056335449218750e+01 3.3553805202245712e-02 11076351. -1.
    3.9065933227539063e+01 6.0656948089599609e+01 2.6361148357391357e+00
    2.7428381347656250e+02 3.3553805202245712e-02 11076351. -1.
    3.9656677246093750e+01 4.3097393035888672e+01 3.2577793598175049e+00
    2.8547100830078125e+02 4.2020648717880249e-02 9634815. -1.
    3.9868824005126953e+01 5.3372119903564453e+01 2.5811591148376465e+00
    3.8901916503906250e+01 4.7315791249275208e-02 9503487. -1.
    3.9868824005126953e+01 5.3372119903564453e+01 2.5811591148376465e+00
    2.1154541015625000e+02 4.7315791249275208e-02 9503487. -1.
    4.2236270904541016e+01 4.9308090209960938e+01 6.9942879676818848e+00
    2.5653228759765625e+02 2.6712272316217422e-02 14811904. -1.
    4.7807632446289063e+01 3.7327335357666016e+01 5.4750776290893555e+00
    4.1199371337890625e+01 7.0811748504638672e-02 13763072. -1.
    4.8225666046142578e+01 2.3964710235595703e+01 6.8997321128845215e+00
    9.2274230957031250e+01 8.0246433615684509e-02 13763328. -1.
    4.8225666046142578e+01 2.3964710235595703e+01 6.8997321128845215e+00
    3.1228073120117188e+02 8.0246433615684509e-02 13763328. -1.
    4.9508689880371094e+01 2.2097711563110352e+01 1.0336337089538574e+01
    9.4959686279296875e+01 7.9440146684646606e-02 9634305. -1.
    5.0919330596923828e+01 2.1188945770263672e+01 3.1176345348358154e+00
    9.7395538330078125e+01 4.8365894705057144e-02 6489087. -1.
    5.0919330596923828e+01 2.1188945770263672e+01 3.1176345348358154e+00
    1.7112921142578125e+02 4.8365894705057144e-02 6489087. -1.
    5.1340362548828125e+01 6.0467689514160156e+01 2.6698198318481445e+00
    1.9365313720703125e+02 2.9859373345971107e-02 11993855. -1.
    5.1340362548828125e+01 6.0467689514160156e+01 2.6698198318481445e+00
    2.6251422119140625e+02 2.9859373345971107e-02 11993855. -1.
    5.1445819854736328e+01 5.1592761993408203e+01 2.7025296688079834e+00
    7.0047027587890625e+01 4.0703352540731430e-02 12845823. -1.
    5.1445819854736328e+01 5.1592761993408203e+01 2.7025296688079834e+00
    1.7583520507812500e+02 4.0703352540731430e-02 12845823. -1.
    5.4101215362548828e+01 6.3302371978759766e+01 2.2041194438934326e+00
    8.2264831542968750e+01 3.9382528513669968e-02 14811647. -1.
    5.4101215362548828e+01 6.3302371978759766e+01 2.2041194438934326e+00
    2.3149661254882813e+02 3.9382528513669968e-02 14811647. -1.
    5.4113964080810547e+01 1.8048439025878906e+01 2.2793982028961182e+00
    1.3366499328613281e+02 6.0734275728464127e-02 525055. -1.
    5.6666175842285156e+01 1.5490261077880859e+01 3.1593172550201416e+00
    9.5048828125000000e+01 8.4192924201488495e-02 7406591. -1.
    5.6666175842285156e+01 1.5490261077880859e+01 3.1593172550201416e+00
    1.7040310668945313e+02 8.4192924201488495e-02 7406591. -1.
    5.6718482971191406e+01 6.5784370422363281e+01 3.3504426479339600e+00
    2.6489517211914063e+02 5.9820350259542465e-02 11666431. -1.
    5.7352401733398438e+01 3.3898948669433594e+01 2.3309969902038574e+00
    1.8194570922851563e+02 5.6097805500030518e-02 2163455. -1.
    5.7453746795654297e+01 4.8359638214111328e+01 2.5100257396697998e+00
    1.7603424072265625e+02 6.1080899089574814e-02 7471871. -1.
    6.3982307434082031e+01 2.3778329849243164e+01 2.9602658748626709e+00
    1.1631738281250000e+02 9.1715231537818909e-02 2753535. -1.
    6.3982307434082031e+01 2.3778329849243164e+01 2.9602658748626709e+00
    3.1225695800781250e+02 9.1715231537818909e-02 2753535. -1.</data></keypoints>
