<?xml version="1.0"?>
<opencv_storage>
<keypoints type_id="opencv-matrix">
  <rows>14</rows>
  <cols>7</cols>
  <dt>d</dt>
  <data>
    2.0228076934814453e+01 4.3170249938964844e+01 5.2913026809692383e+00
    5.5209014892578125e+01 8.2528404891490936e-02 11338240. -1.
    2.0228076934814453e+01 4.3170249938964844e+01 5.2913026809692383e+00
    3.3358786010742188e+02 8.2528404891490936e-02 11338240. -1.
    2.4157619476318359e+01 4.5026527404785156e+01 9.2300214767456055e+00
    3.3272579956054688e+02 8.4012895822525024e-02 1442305. -1.
    3.1568248748779297e+01 6.2974964141845703e+01 5.3584027290344238e+00
    3.2276824951171875e+02 7.8166700899600983e-02 12190208. -1.
    3.4567802429199219e+01 6.1410861968994141e+01 2.5512340068817139e+00
    2.0525381469726563e+02 5.0736352801322937e-02 8651519. -1.
    4.1756755828857422e+01 5.0081317901611328e+01 6.9689025878906250e+00
    1.2634945678710938e+02 5.2729465067386627e-02 14484224. -1.
    4.4032100677490234e+01 3.0896942138671875e+01 2.0923948287963867e+00
    1.0581948852539063e+02 1.0656548291444778e-01 11076095. -1.
    4.4032100677490234e+01 3.0896942138671875e+01 2.0923948287963867e+00
    3.2063665771484375e+02 1.0656548291444778e-01 11076095. -1.
    4.5383243560791016e+01 4.7514583587646484e+01 3.1683182716369629e+00
    1.3781587219238281e+02 5.0978999584913254e-02 7668735. -1.
    4.5473991394042969e+01 3.6641414642333984e+01 2.0373494625091553e+00
    2.0431091308593750e+01 9.5720231533050537e-02 9110015. -1.
    4.5473991394042969e+01 3.6641414642333984e+01 2.0373494625091553e+00
    2.4205078125000000e+02 9.5720231533050537e-02 9110015. -1.
    5.3412483215332031e+01 5.6024551391601563e+01 1.4515153884887695e+01
    2.7831011962890625e+02 8.7256900966167450e-02 721154. -1.
    5.9164165496826172e+01 4.0431919097900391e+01 1.9807217121124268e+00
    1.1445391845703125e+02 9.6780531108379364e-02 7078399. -1.
    5.9199432373046875e+01 5.1605155944824219e+01 9.2717275619506836e+00
    2.1181700134277344e+02 8.8794797658920288e-02 1769985. -1.</data></keypoints>
<descriptors type_id="opencv-matrix">
  <rows>14</rows>
  <cols>128</cols>
  <dt>f</dt>
  <data>
    2. 83. 154. 18. 0. 0. 0. 0. 70. 101. 154. 25. 6. 8. 3. 1. 40. 33. 4.
    1. 63. 45. 33. 1. 30. 25. 4. 0. 60. 34. 8. 12. 23. 25. 86. 2. 0. 0.
    0. 2. 154. 81. 45. 2. 0. 0. 0. 25. 112. 40. 70. 6. 28. 18. 0. 4. 2.
    12. 45. 7. 33. 90. 12. 0. 17. 10. 0. 0. 0. 0. 0. 1. 100. 147. 91. 0.
    0. 0. 0. 5. 15. 80. 154. 2. 1. 0. 0. 0. 0. 20. 154. 6. 2. 7. 2. 0.
    0. 1. 0. 0. 0. 0. 0. 0. 0. 11. 17. 0. 0. 0. 0. 0. 0. 8. 55. 0. 0. 0.
    0. 0. 0. 6. 58. 0. 0. 0. 0. 0. 0. 0. 0. 0. 0. 0. 0. 1. 2. 0. 0. 0.
    0. 0. 18. 10. 149. 23. 0. 0. 0. 0. 25. 25. 149. 62. 1. 0. 0. 0. 1.
    28. 18. 0. 0. 0. 0. 0. 0. 10. 101. 1. 0. 0. 0. 0. 100. 141. 52. 7.
    0. 0. 0. 0. 149. 130. 116. 33. 8. 15. 14. 1. 50. 108. 42. 2. 0. 0.
    0. 0. 0. 1. 149. 33. 0. 0. 0. 0. 11. 41. 94. 18. 20. 29. 0. 0. 73.
    43. 1. 0. 66. 66. 28. 2. 20. 22. 25. 2. 0. 0. 0. 0. 0. 0. 149. 43.
    1. 1. 0. 0. 0. 0. 84. 25. 13. 73. 26. 0. 0. 4. 16. 1. 27. 47. 7. 5.
    22. 41. 1. 0. 0. 0. 0. 0. 0. 3. 36. 0. 0. 0. 0. 0. 6. 68. 136. 4. 2.
    1. 0. 1. 27. 136. 28. 4. 7. 36. 57. 90. 69. 47. 26. 0. 0. 0. 0. 0.
    0. 12. 136. 4. 0. 0. 0. 0. 23. 136. 125. 10. 13. 36. 10. 0. 27. 136.
    18. 7. 27. 136. 59. 5. 0. 4. 47. 3. 0. 0. 0. 0. 0. 1. 136. 75. 4. 0.
    0. 0. 1. 24. 60. 65. 23. 28. 20. 14. 4. 19. 2. 2. 1. 33. 63. 72. 13.
    1. 17. 6. 0. 0. 0. 0. 0. 0. 86. 123. 28. 0. 0. 0. 0. 0. 28. 136. 46.
    0. 0. 5. 1. 1. 7. 41. 44. 26. 11. 48. 17. 0. 20. 0. 0. 0. 0. 0. 0.
    4. 136. 2. 1. 1. 0. 0. 0. 44. 120. 9. 25. 77. 12. 0. 0. 15. 4. 0.
    71. 49. 4. 6. 25. 29. 43. 1. 0. 0. 0. 0. 0. 6. 136. 24. 13. 11. 2.
    0. 0. 38. 108. 30. 36. 91. 41. 0. 0. 15. 81. 22. 3. 8. 9. 9. 18. 45.
    27. 12. 0. 0. 0. 0. 0. 1. 112. 106. 105. 22. 0. 0. 0. 3. 107. 112.
    136. 70. 2. 0. 0. 0. 136. 97. 5. 1. 2. 0. 0. 0. 0. 3. 0. 0. 0. 0. 0.
    0. 1. 13. 24. 2. 0. 0. 0. 0. 89. 69. 16. 3. 0. 0. 0. 0. 103. 130.
    46. 2. 0. 0. 0. 0. 24. 0. 0. 0. 0. 0. 0. 4. 127. 0. 0. 0. 0. 4. 19.
    74. 28. 0. 0. 0. 0. 127. 84. 30. 0. 0. 0. 0. 0. 127. 51. 0. 40. 0.
    0. 0. 0. 12. 24. 5. 127. 19. 0. 0. 0. 1. 3. 31. 77. 20. 1. 0. 0. 32.
    22. 18. 0. 1. 0. 0. 0. 127. 60. 1. 11. 0. 0. 0. 0. 104. 127. 6. 114.
    87. 6. 0. 0. 47. 95. 16. 24. 127. 43. 0. 0. 8. 9. 1. 5. 66. 9. 0. 0.
    11. 9. 2. 0. 0. 0. 0. 0. 38. 66. 2. 1. 5. 1. 0. 0. 95. 114. 2. 1.
    59. 16. 0. 3. 125. 43. 0. 20. 127. 8. 0. 4. 20. 1. 0. 104. 20. 9. 0.
    0. 0. 22. 98. 12. 25. 19. 0. 1. 30. 110. 29. 1. 1. 0. 0. 86. 106.
    83. 0. 0. 0. 0. 0. 100. 45. 6. 0. 75. 39. 33. 7. 13. 18. 10. 46.
    110. 94. 48. 4. 6. 7. 3. 14. 19. 8. 4. 14. 110. 31. 8. 3. 0. 0. 0.
    3. 110. 84. 68. 2. 29. 33. 13. 22. 19. 29. 29. 44. 103. 27. 14. 9.
    5. 10. 36. 67. 9. 11. 22. 39. 36. 10. 55. 25. 0. 0. 0. 72. 110. 25.
    32. 14. 11. 6. 3. 6. 5. 17. 110. 69. 14. 6. 40. 30. 14. 10. 71. 74.
    0. 15. 59. 50. 40. 8. 54. 9. 0. 0. 2. 110. 110. 2. 3. 2. 30. 56. 7.
    0. 0. 0. 0. 0. 129. 117. 1. 1. 0. 1. 5. 2. 31. 17. 21. 26. 28. 23.
    13. 4. 0. 2. 19. 19. 53. 105. 9. 1. 49. 5. 0. 0. 0. 0. 3. 6. 129.
    38. 7. 15. 4. 0. 0. 25. 39. 17. 68. 129. 49. 1. 0. 2. 2. 27. 129.
    57. 19. 13. 1. 0. 21. 2. 0. 0. 0. 10. 129. 14. 85. 64. 42. 27. 4.
    37. 78. 13. 5. 12. 41. 129. 47. 29. 8. 0. 24. 10. 36. 22. 7. 3. 0.
    9. 0. 0. 0. 0. 0. 22. 129. 5. 0. 1. 2. 2. 1. 129. 129. 1. 0. 0. 2.
    7. 6. 129. 56. 0. 26. 0. 0. 0. 1. 56. 22. 46. 0. 22. 129. 6. 0. 0.
    0. 0. 1. 2. 129. 80. 0. 1. 2. 1. 0. 0. 104. 129. 6. 9. 3. 0. 0. 0.
    18. 112. 3. 1. 0. 0. 16. 22. 129. 6. 5. 2. 0. 1. 98. 16. 89. 21. 2.
    18. 33. 67. 9. 1. 15. 30. 53. 129. 41. 19. 0. 0. 1. 7. 17. 39. 0. 0.
    22. 2. 1. 0. 15. 19. 22. 39. 129. 23. 0. 0. 2. 8. 25. 90. 52. 6. 0.
    0. 52. 129. 18. 21. 0. 0. 0. 0. 13. 129. 48. 0. 31. 16. 5. 0. 18.
    33. 25. 66. 42. 33. 43. 0. 0. 0. 38. 110. 22. 31. 17. 14. 4. 47. 11.
    23. 0. 2. 32. 22. 4. 91. 60. 0. 1. 35. 129. 22. 1. 2. 0. 0. 25. 42.
    123. 31. 2. 1. 0. 1. 27. 18. 8. 1. 0. 7. 3. 6. 0. 0. 0. 0. 12. 20.
    2. 0. 15. 30. 129. 24. 38. 19. 3. 9. 129. 80. 101. 9. 0. 0. 1. 29.
    116. 12. 1. 0. 0. 8. 5. 26. 0. 0. 0. 1. 18. 23. 2. 0. 22. 2. 3. 2.
    85. 63. 37. 79. 129. 77. 2. 0. 0. 8. 30. 82. 83. 129. 37. 2. 1. 4.
    1. 3. 0. 5. 42. 56. 19. 7. 0. 0. 19. 11. 8. 45. 40. 86. 34. 21. 65.
    63. 9. 6. 3. 42. 37. 22. 7. 105. 94. 3. 0. 47. 72. 3. 0. 8. 120. 57.
    1. 3. 57. 18. 41. 86. 30. 11. 11. 1. 28. 31. 17. 84. 35. 0. 0. 2.
    109. 32. 8. 16. 13. 12. 19. 7. 61. 53. 0. 1. 6. 36. 86. 62. 18. 5.
    27. 84. 40. 8. 2. 0. 1. 3. 113. 113. 39. 8. 1. 0. 0. 16. 39. 35. 79.
    113. 20. 1. 0. 2. 0. 86. 113. 25. 9. 33. 17. 0. 31. 4. 0. 0. 0. 27.
    113. 12. 111. 74. 41. 18. 1. 5. 65. 17. 8. 18. 58. 113. 33. 26. 47.
    1. 0. 70. 85. 23. 12. 28. 12. 0. 0. 0. 12. 31. 3. 47. 113. 1. 2. 3.
    53. 31. 3. 25. 113. 4. 0. 1. 54. 29. 15. 37. 95. 1. 0. 1. 5. 28. 60.
    42. 14. 0. 16. 1. 8. 55. 9. 1. 3. 94. 24. 3. 40. 118. 4. 5. 5. 45.
    1. 0. 53. 118. 11. 22. 6. 1. 18. 7. 30. 37. 1. 2. 1. 1. 37. 33. 68.
    76. 0. 0. 0. 29. 72. 8. 20. 80. 4. 28. 44. 64. 6. 0. 1. 11. 34. 118.
    70. 20. 8. 1. 0. 1. 4. 31. 113. 41. 21. 19. 39. 13. 0. 0. 59. 58.
    118. 22. 5. 2. 1. 11. 36. 103. 39. 3. 0. 5. 16. 118. 95. 34. 0. 0.
    5. 69. 19. 30. 118. 47. 0. 0. 17. 18. 0. 0. 112. 96. 24. 31. 51. 14.
    0. 0. 52. 79. 18. 30. 9. 52. 36. 5. 11. 18. 0. 0. 6. 118. 58. 2. 4.
    0. 6. 0. 0. 0. 0. 0. 0. 14. 59. 0. 0. 0. 0. 0. 35. 134. 14. 2. 13.
    3. 0. 1. 134. 132. 1. 1. 14. 28. 50. 87. 134. 24. 24. 2. 0. 0. 0. 0.
    0. 6. 134. 47. 7. 7. 1. 0. 1. 79. 50. 17. 78. 134. 17. 0. 15. 37. 1.
    2. 101. 134. 49. 9. 7. 3. 5. 6. 1. 0. 0. 0. 0. 0. 61. 134. 77. 10.
    1. 0. 0. 1. 7. 48. 134. 134. 10. 0. 0. 0. 0. 0. 49. 130. 3. 0. 0. 0.
    0. 0. 0. 0. 0. 0. 0. 0. 0. 16. 13. 0. 0. 0. 0. 0. 0. 5. 19. 12. 0.
    0. 0. 0. 0. 0. 1. 5. 0. 0. 0. 0. 1. 0. 0. 0. 0. 0. 0. 4. 5. 0. 0. 0.
