<?xml version="1.0"?>
<opencv_storage>
<keypoints type_id="opencv-matrix">
  <rows>74</rows>
  <cols>7</cols>
  <dt>d</dt>
  <data>
    4.7761869430541992e+00 7.1887603759765625e+01 2.5943338871002197e+00
    3.4215090942382813e+02 1.3943028636276722e-02 9896703. -1.
    9.5925436019897461e+00 1.5909070968627930e+01 2.9947054386138916e+00
    5.6911254882812500e+01 3.8357537239789963e-02 3539967. -1.
    9.5925436019897461e+00 1.5909070968627930e+01 2.9947054386138916e+00
    3.1441012573242188e+02 3.8357537239789963e-02 3539967. -1.
    1.2172920227050781e+01 7.4633232116699219e+01 1.8523836135864258e+00
    1.6998657226562500e+01 4.5880924910306931e-02 2228735. -1.
    1.3318580627441406e+01 7.4000101089477539e+00 2.0336513519287109e+00
    4.6495391845703125e+01 2.1089987829327583e-02 8978943. -1.
    1.3594079017639160e+01 6.7036094665527344e+01 2.9509532451629639e+00
    3.5024984741210938e+02 3.8232155144214630e-02 2491391. -1.
    1.5067437171936035e+01 2.3794815063476563e+01 2.0592629909515381e+00
    3.2217819213867188e+02 4.6102367341518402e-02 9896447. -1.
    1.5666762351989746e+01 1.4696115493774414e+01 2.1302399635314941e+00
    1.3339678955078125e+02 4.3695297092199326e-02 12321279. -1.
    1.5666762351989746e+01 1.4696115493774414e+01 2.1302399635314941e+00
    1.8393734741210938e+02 4.3695297092199326e-02 12321279. -1.
    1.6290750503540039e+01 6.2960083007812500e+01 2.4482960700988770e+00
    3.5198251342773438e+02 3.9341710507869720e-02 5702399. -1.
    1.7086095809936523e+01 1.1818371772766113e+01 1.8856149911880493e+00
    1.3296014404296875e+02 3.9141789078712463e-02 3539455. -1.
    1.7170141220092773e+01 2.0139173507690430e+01 2.0600354671478271e+00
    3.5347656250000000e+01 4.0627956390380859e-02 9896447. -1.
    1.8192329406738281e+01 7.0908908843994141e+00 2.0309665203094482e+00
    1.3321028137207031e+02 1.7262792214751244e-02 8913407. -1.
    1.8192329406738281e+01 7.0908908843994141e+00 2.0309665203094482e+00
    2.8074822998046875e+02 1.7262792214751244e-02 8913407. -1.
    1.9082479476928711e+01 4.7846115112304688e+01 6.7557206153869629e+00
    7.9983520507812500e-01 2.2398246452212334e-02 12256000. -1.
    1.9561967849731445e+01 8.5985092163085938e+01 2.3311462402343750e+00
    1.9255371093750000e+01 6.9727964699268341e-02 2163455. -1.
    2.1401388168334961e+01 6.2446823120117188e+01 1.8305877447128296e+00
    3.5812634277343750e+02 2.3846015334129333e-02 1376767. -1.
    2.1553487777709961e+01 2.1982919692993164e+01 2.9798328876495361e+00
    3.7005279541015625e+01 3.8930635899305344e-02 3212287. -1.
    2.3196784973144531e+01 1.1930872917175293e+01 2.3589560985565186e+00
    1.8858093261718750e+01 3.8424685597419739e-02 3015423. -1.
    2.3196784973144531e+01 1.1930872917175293e+01 2.3589560985565186e+00
    1.1712414550781250e+02 3.8424685597419739e-02 3015423. -1.
    2.4355386734008789e+01 1.7173532485961914e+01 2.0226829051971436e+00
    2.2360687255859375e+01 4.7726631164550781e-02 8585727. -1.
    2.5650876998901367e+01 5.5008342742919922e+01 1.8538988828659058e+00
    2.5800292968750000e+01 4.3376181274652481e-02 2294271. -1.
    2.9840135574340820e+01 3.9150688171386719e+01 1.9977258443832397e+00
    2.6369628906250000e+00 5.8268811553716660e-02 7733759. -1.
    3.0921300888061523e+01 4.4272937774658203e+01 3.0068156719207764e+00
    2.5050790405273438e+02 7.0623308420181274e-02 3867647. -1.
    3.1420354843139648e+01 2.5841577529907227e+01 1.9668825864791870e+00
    3.5471871948242188e+02 2.7616264298558235e-02 6554111. -1.
    3.1984310150146484e+01 7.9351699829101563e+01 3.9689176082611084e+00
    1.3784332275390625e+01 4.4500533491373062e-02 7209216. -1.
    3.3914489746093750e+01 5.5935562133789063e+01 2.0091211795806885e+00
    3.1659182739257813e+02 3.0500704422593117e-02 8126975. -1.
    3.4052352905273438e+01 4.7382743835449219e+01 3.2752373218536377e+00
    4.8485137939453125e+01 6.8373806774616241e-02 10028031. -1.
    3.4052352905273438e+01 4.7382743835449219e+01 3.2752373218536377e+00
    2.5055795288085938e+02 6.8373806774616241e-02 10028031. -1.
    3.4194869995117188e+01 5.2679340362548828e+01 1.9754269123077393e+00
    4.8497497558593750e+01 4.7700267285108566e-02 6881791. -1.
    3.6189704895019531e+01 2.5897886276245117e+01 2.1281177997589111e+00
    3.3470089721679688e+02 1.6132639721035957e-02 12255743. -1.
    3.8275062561035156e+01 3.4297416687011719e+01 2.6170554161071777e+00
    3.2478826904296875e+02 1.7761798575520515e-02 10552063. -1.
    4.0454868316650391e+01 5.9833650588989258e+00 2.0516510009765625e+00
    7.9022369384765625e+01 2.5453729555010796e-02 9634303. -1.
    4.1552349090576172e+01 7.8121704101562500e+01 7.1635489463806152e+00
    1.9269131469726563e+02 3.3523723483085632e-02 16515840. -1.
    4.2574691772460938e+01 2.1529405593872070e+01 1.9964908599853516e+01
    4.4682861328125000e+01 5.1187176257371902e-02 7078402. -1.
    4.2574691772460938e+01 2.1529405593872070e+01 1.9964908599853516e+01
    1.3251583862304688e+02 5.1187176257371902e-02 7078402. -1.
    4.3068580627441406e+01 2.3045215606689453e+01 3.0500762462615967e+00
    1.1827745056152344e+02 1.9842367619276047e-02 4916223. -1.
    4.3068580627441406e+01 2.3045215606689453e+01 3.0500762462615967e+00
    1.7262387084960938e+02 1.9842367619276047e-02 4916223. -1.
    4.6006240844726563e+01 6.4053710937500000e+01 1.9110053777694702e+00
    3.1859439086914063e+02 2.3063339293003082e-02 4522495. -1.
    4.6015598297119141e+01 9.9282550811767578e+00 2.1345126628875732e+00
    1.0636462402343750e+02 2.1329961717128754e-02 12517887. -1.
    4.8678863525390625e+01 5.7392433166503906e+01 1.7698213577270508e+01
    1.4664367675781250e+01 3.5873048007488251e-02 15073538. -1.
    5.2732582092285156e+01 6.8426658630371094e+01 5.1067280769348145e+00
    2.6217297363281250e+02 3.1691975891590118e-02 8716800. -1.
    5.2846740722656250e+01 7.7191871643066406e+01 5.9461646080017090e+00
    1.9139762878417969e+02 7.5531676411628723e-02 3015424. -1.
    5.2846740722656250e+01 7.7191871643066406e+01 5.9461646080017090e+00
    2.6019656372070313e+02 7.5531676411628723e-02 3015424. -1.
    5.3859832763671875e+01 1.8737232208251953e+01 2.0441114902496338e+00
    1.3651924133300781e+02 2.3163665086030960e-02 9372159. -1.
    5.4800090789794922e+01 3.1336606979370117e+01 2.8437180519104004e+00
    1.7481178283691406e+02 1.9686037674546242e-02 16515839. -1.
    5.4800090789794922e+01 3.1336606979370117e+01 2.8437180519104004e+00
    3.2300622558593750e+02 1.9686037674546242e-02 16515839. -1.
    5.6469879150390625e+01 5.9869575500488281e+01 1.9049638509750366e+00
    4.9330810546875000e+01 1.5596607699990273e-02 4260351. -1.
    5.6582790374755859e+01 8.3597198486328125e+01 3.1527087688446045e+00
    7.5850891113281250e+01 4.8314351588487625e-02 7275519. -1.
    6.0717285156250000e+01 4.2095825195312500e+01 2.2307229042053223e+00
    1.0421667480468750e+02 3.5183571279048920e-02 15663615. -1.
    6.3844940185546875e+01 7.2804939270019531e+01 1.9346765279769897e+00
    3.2580551147460938e+02 3.0563734471797943e-02 5374463. -1.
    6.5179985046386719e+01 6.5835128784179688e+01 2.9395370483398438e+00
    1.2242079162597656e+02 3.8756795227527618e-02 2229247. -1.
    6.5925712585449219e+01 4.8708866119384766e+01 4.9591388702392578e+00
    1.5818589782714844e+02 2.9966304078698158e-02 6619648. -1.
    6.7822547912597656e+01 6.2188045501708984e+01 3.2707417011260986e+00
    3.4339370727539063e+02 8.0431245267391205e-02 9962495. -1.
    6.8006713867187500e+01 7.9574188232421875e+01 4.4413104057312012e+00
    3.3736938476562500e+02 3.0127681791782379e-02 15335680. -1.
    6.9289466857910156e+01 7.3273345947265625e+01 9.9476308822631836e+00
    1.8890866088867188e+02 2.8445249423384666e-02 6816257. -1.
    6.9289466857910156e+01 7.3273345947265625e+01 9.9476308822631836e+00
    3.2458764648437500e+02 2.8445249423384666e-02 6816257. -1.
    7.0733695983886719e+01 5.7948444366455078e+01 3.1688983440399170e+00
