<?xml version="1.0"?>
<opencv_storage>
<keypoints type_id="opencv-matrix">
  <rows>88</rows>
  <cols>7</cols>
  <dt>d</dt>
  <data>
    7.1909823417663574e+00 1.7724050521850586e+01 2.0850808620452881e+00
    3.1097937011718750e+02 3.2249253243207932e-02 10813951. -1.
    8.9779224395751953e+00 1.9910074234008789e+01 3.4365303516387939e+00
    3.0115377807617188e+02 3.4972384572029114e-02 13501439. -1.
    9.6000690460205078e+00 4.4906105041503906e+01 2.1879556179046631e+00
    1.8009048461914063e+02 3.2522518187761307e-02 14287359. -1.
    1.0171352386474609e+01 1.0084959983825684e+01 4.2206268310546875e+00
    4.9085083007812500e+01 3.5275302827358246e-02 11665664. -1.
    1.0172187805175781e+01 4.2580932617187500e+01 3.0213267803192139e+00
    1.8748200988769531e+02 3.4910019487142563e-02 4195327. -1.
    1.0531265258789063e+01 1.5656319618225098e+01 2.9218389987945557e+00
    5.7587921142578125e+01 7.1879401803016663e-02 1770495. -1.
    1.0531265258789063e+01 1.5656319618225098e+01 2.9218389987945557e+00
    2.9936273193359375e+02 7.1879401803016663e-02 1770495. -1.
    1.0750271797180176e+01 2.1540990829467773e+01 4.2764430046081543e+00
    3.0345501708984375e+02 3.8561109453439713e-02 12648704. -1.
    1.2162108421325684e+01 4.8527584075927734e+01 2.5483076572418213e+00
    1.6768492126464844e+02 2.7524162083864212e-02 8585983. -1.
    1.3077169418334961e+01 3.9232593536376953e+01 1.9869359731674194e+00
    2.2134434509277344e+02 2.8099801391363144e-02 7340543. -1.
    1.3692951202392578e+01 2.1507415771484375e+01 2.0247733592987061e+00
    1.9493438720703125e+01 5.0632428377866745e-02 8651263. -1.
    1.3779672622680664e+01 7.1986284255981445e+00 2.0578715801239014e+00
    4.0945831298828125e+01 3.2082591205835342e-02 9830911. -1.
    1.4915794372558594e+01 6.4402793884277344e+01 3.2280108928680420e+00
    2.1258668518066406e+02 1.8580762669444084e-02 8979455. -1.
    1.5392127990722656e+01 4.9266994476318359e+01 1.9537271261215210e+00
    1.6511878967285156e+02 2.0385695621371269e-02 6095359. -1.
    1.6050798416137695e+01 2.3536233901977539e+01 2.0194320678710938e+00
    2.0487304687500000e+01 8.0806873738765717e-02 8454655. -1.
    1.6050798416137695e+01 2.3536233901977539e+01 2.0194320678710938e+00
    1.5878729248046875e+02 8.0806873738765717e-02 8454655. -1.
    1.6140926361083984e+01 1.0043551445007324e+01 2.9934568405151367e+00
    3.0898712158203125e+01 6.0742683708667755e-02 3539967. -1.
    1.6140926361083984e+01 1.0043551445007324e+01 2.9934568405151367e+00
    1.4819064331054688e+02 6.0742683708667755e-02 3539967. -1.
    1.6700126647949219e+01 1.5498542785644531e+01 8.2153730392456055e+00
    2.1715173339843750e+02 4.3402083218097687e-02 9699585. -1.
    1.8315935134887695e+01 2.1413799285888672e+01 1.9761949777603149e+00
    1.5962591552734375e+02 4.8423659056425095e-02 6947327. -1.
    1.8334741592407227e+01 6.7748298645019531e+01 1.9346334934234619e+00
    6.2040344238281250e+01 3.6447286605834961e-02 5374463. -1.
    1.8447177886962891e+01 7.2950387001037598e+00 1.9796428680419922e+00
    1.4122450256347656e+02 3.1362954527139664e-02 7012863. -1.
    1.9370841979980469e+01 5.8741020202636719e+01 2.6092216968536377e+00
    3.8693603515625000e+01 3.7889786064624786e-02 10289919. -1.
    1.9370841979980469e+01 5.8741020202636719e+01 2.6092216968536377e+00
    1.8006661987304688e+02 3.7889786064624786e-02 10289919. -1.
    2.0156419754028320e+01 7.1261718750000000e+01 3.6961083412170410e+00
    9.2235443115234375e+01 3.1636465340852737e-02 2097408. -1.
    2.0156419754028320e+01 7.1261718750000000e+01 3.6961083412170410e+00
    1.7678143310546875e+02 3.1636465340852737e-02 2097408. -1.
    2.0597707748413086e+01 5.6336421966552734e+01 4.2537369728088379e+00
    2.6520690917968750e+01 4.0604464709758759e-02 12255488. -1.
    2.1361421585083008e+01 6.8504951477050781e+01 1.8627504110336304e+00
    6.1736877441406250e+01 3.7391815334558487e-02 2621951. -1.
    2.1361421585083008e+01 6.8504951477050781e+01 1.8627504110336304e+00
    1.6566271972656250e+02 3.7391815334558487e-02 2621951. -1.
    2.1695325851440430e+01 1.0443092346191406e+01 3.7759270668029785e+00
    1.2941398620605469e+02 3.7100024521350861e-02 3604736. -1.
    2.1701381683349609e+01 1.5606014251708984e+01 2.9226202964782715e+00
    1.1695996093750000e+02 7.1572959423065186e-02 1770495. -1.
    2.1701381683349609e+01 1.5606014251708984e+01 2.9226202964782715e+00
    2.3676011657714844e+02 7.1572959423065186e-02 1770495. -1.
    2.3022485733032227e+01 1.1931619644165039e+01 2.7425446510314941e+00
    1.1925642395019531e+02 3.5908173769712448e-02 13894399. -1.
    2.3195171356201172e+01 1.9359685897827148e+01 2.7358777523040771e+00
    2.3648840332031250e+02 3.0364930629730225e-02 13763327. -1.
    2.4035783767700195e+01 4.3621891021728516e+01 1.6169540405273438e+01
    3.3091003417968750e+01 5.4250124841928482e-02 8519938. -1.
    2.4190076828002930e+01 7.8508216857910156e+01 1.8838961124420166e+00
    2.0006381225585938e+02 4.2593620717525482e-02 3473919. -1.
    2.6587701797485352e+01 5.5952289581298828e+01 3.7833545207977295e+00
    2.8414764404296875e+01 5.5755466222763062e-02 3735808. -1.
    2.6587701797485352e+01 5.5952289581298828e+01 3.7833545207977295e+00
    7.8143798828125000e+01 5.5755466222763062e-02 3735808. -1.
    2.6707635879516602e+01 7.3051712036132813e+01 5.4726152420043945e+00
    3.4251712036132813e+02 3.8844574242830276e-02 13763072. -1.
    2.6804502487182617e+01 7.9411285400390625e+01 2.1538379192352295e+00
    3.5911828613281250e+02 5.2965663373470306e-02 13173247. -1.
    2.9438808441162109e+01 7.8062179565429688e+01 1.8859647512435913e+00
    1.3697814941406250e+00 5.3974203765392303e-02 3539455. -1.
    3.2139358520507813e+01 4.9968437194824219e+01 5.5174002647399902e+00
    9.2580566406250000e+00 4.7687284648418427e-02 14352896. -1.
    3.2139358520507813e+01 4.9968437194824219e+01 5.5174002647399902e+00
    6.8955047607421875e+01 4.7687284648418427e-02 14352896. -1.
    3.3450077056884766e+01 1.4894987106323242e+01 3.0354514122009277e+00
    4.6380615234375000e+01 1.5070833265781403e-02 4523007. -1.
    3.3450077056884766e+01 1.4894987106323242e+01 3.0354514122009277e+00
    2.4009152221679688e+02 1.5070833265781403e-02 4523007. -1.
    3.8066326141357422e+01 4.0638519287109375e+01 2.1800210475921631e+00
    9.9568206787109375e+01 6.5561577677726746e-02 14025215. -1.
    3.8066326141357422e+01 4.0638519287109375e+01 2.1800210475921631e+00
    2.8334466552734375e+02 6.5561577677726746e-02 14025215. -1.
    3.8771709442138672e+01 4.7263072967529297e+01 5.0782775878906250e+00
    5.7624511718750000e+00 5.7077631354331970e-02 8323584. -1.
    3.8771709442138672e+01 4.7263072967529297e+01 5.0782775878906250e+00
    6.7547729492187500e+01 5.7077631354331970e-02 8323584. -1.
    4.1604667663574219e+01 4.0927619934082031e+01 3.7628464698791504e+00
    7.4314514160156250e+01 6.3039101660251617e-02 3342592. -1.
    4.2468238830566406e+01 1.1800341606140137e+01 2.4421966075897217e+00
    2.4601315307617188e+02 1.4673490077257156e-02 5505791. -1.
    4.3433986663818359e+01 3.3651489257812500e+01 5.6998257637023926e+00
    2.3501617431640625e+01 8.6475379765033722e-02 16712192. -1.
    4.3433986663818359e+01 3.3651489257812500e+01 5.6998257637023926e+00
    1.8044592285156250e+02 8.6475379765033722e-02 16712192. -1.
    4.5620639801025391e+01 5.8115726470947266e+01 1.8586957931518555e+01
    3.8594360351562500e+01 8.4842890501022339e-02 1901058. -1.
    4.5925479888916016e+01 7.0150428771972656e+01 6.9845175743103027e+00
    2.5988073730468750e+02 4.7650627791881561e-02 14680832. -1.
    4.6460964202880859e+01 1.5071255683898926e+01 1.9178880453109741e+00
    1.4370327758789063e+02 2.8439821675419807e-02 4784639. -1.
    4.6730476379394531e+01 5.1856143951416016e+01 3.0627939701080322e+00
    1.4070309448242188e+02 1.5412831678986549e-02 5178367. -1.
    4.6730476379394531e+01 5.1856143951416016e+01 3.0627939701080322e+00
