<?xml version="1.0"?>
<opencv_storage>
<keypoints type_id="opencv-matrix">
  <rows>42</rows>
  <cols>7</cols>
  <dt>d</dt>
  <data>
    1.5543226242065430e+01 4.8305934906005859e+01 2.1816632747650146e+00
    2.9302734375000000e+02 6.1063148081302643e-02 14090751. -1.
    1.5543226242065430e+01 4.8305934906005859e+01 2.1816632747650146e+00
    3.2791226196289063e+02 6.1063148081302643e-02 14090751. -1.
    1.5641974449157715e+01 1.0571495056152344e+01 2.1626811027526855e+00
    2.7591613769531250e+01 6.5891288220882416e-02 13435391. -1.
    1.5641974449157715e+01 1.0571495056152344e+01 2.1626811027526855e+00
    7.5986297607421875e+01 6.5891288220882416e-02 13435391. -1.
    1.9189489364624023e+01 4.4529079437255859e+01 2.1596760749816895e+00
    3.5108471679687500e+02 3.3650010824203491e-02 13369855. -1.
    1.9243602752685547e+01 2.3343626022338867e+01 2.3647048473358154e+00
    3.5993771362304688e+02 3.7331406027078629e-02 3212031. -1.
    1.9277317047119141e+01 1.9503921508789063e+01 2.4637939929962158e+00
    3.2647705078125000e-01 3.6780335009098053e-02 6161151. -1.
    1.9574174880981445e+01 1.4695524215698242e+01 2.5063977241516113e+00
    8.1574188232421875e+01 4.4567741453647614e-02 7406335. -1.
    2.1001140594482422e+01 4.1359027862548828e+01 1.0704833030700684e+01
    3.5595706176757813e+02 7.2357900440692902e-02 12124673. -1.
    2.2041971206665039e+01 2.5476978302001953e+01 1.9379894733428955e+00
    6.3113891601562500e+01 6.5719030797481537e-02 5505535. -1.
    2.2041971206665039e+01 2.5476978302001953e+01 1.9379894733428955e+00
    1.1863378906250000e+02 6.5719030797481537e-02 5505535. -1.
    2.2041971206665039e+01 2.5476978302001953e+01 1.9379894733428955e+00
    1.7382870483398438e+02 6.5719030797481537e-02 5505535. -1.
    2.2041971206665039e+01 2.5476978302001953e+01 1.9379894733428955e+00
    2.0122369384765625e+02 6.5719030797481537e-02 5505535. -1.
    2.2045497894287109e+01 1.7188732147216797e+01 1.9201109409332275e+00
    1.5874899291992188e+02 6.7293651401996613e-02 4850175. -1.
    2.2045497894287109e+01 1.7188732147216797e+01 1.9201109409332275e+00
    2.2288026428222656e+02 6.7293651401996613e-02 4850175. -1.
    2.2045497894287109e+01 1.7188732147216797e+01 1.9201109409332275e+00
    2.5740954589843750e+02 6.7293651401996613e-02 4850175. -1.
    2.2045497894287109e+01 1.7188732147216797e+01 1.9201109409332275e+00
    3.0614630126953125e+02 6.7293651401996613e-02 4850175. -1.
    2.4499977111816406e+01 4.4400108337402344e+01 2.7206749916076660e+00
    1.6840667724609375e+02 3.2093692570924759e-02 13304575. -1.
    2.4499977111816406e+01 4.4400108337402344e+01 2.7206749916076660e+00
    2.6704177856445313e+02 3.2093692570924759e-02 13304575. -1.
    2.4697498321533203e+01 1.9087093353271484e+01 1.9204527139663696e+00
    2.7145703125000000e+02 3.5296123474836349e-02 4850175. -1.
    2.5012376785278320e+01 1.4641226768493652e+01 2.7232885360717773e+00
    8.9629760742187500e+01 3.6838863044977188e-02 13370111. -1.
    2.9861520767211914e+01 4.6561267852783203e+01 1.8945076465606689e+00
    2.9941812133789063e+02 4.0125869214534760e-02 3867135. -1.
    3.4098575592041016e+01 1.9695436477661133e+01 1.8784023523330688e+00
    9.1417877197265625e+01 3.5492241382598877e-02 3277311. -1.
    3.4121315002441406e+01 2.3140226364135742e+01 1.9160606861114502e+00
    2.6859991455078125e+02 3.5359658300876617e-02 4653567. -1.
    3.6819084167480469e+01 2.1322214126586914e+01 1.8419901132583618e+00
    2.1457885742187500e+01 6.4006447792053223e-02 1835519. -1.
    3.6819084167480469e+01 2.1322214126586914e+01 1.8419901132583618e+00
    3.4275277709960938e+02 6.4006447792053223e-02 1835519. -1.
    3.8132949829101563e+01 4.9184745788574219e+01 1.8437696695327759e+00
    2.6376629638671875e+02 4.8734124749898911e-02 1901055. -1.
    3.8799472808837891e+01 4.3741081237792969e+01 2.4272999763488770e+00
    4.9009490966796875e+01 4.1407413780689240e-02 5047039. -1.
    3.8952617645263672e+01 2.8621379852294922e+01 3.3548500537872314e+00
    1.8196850585937500e+02 4.0731150656938553e-02 11797503. -1.
    3.9071952819824219e+01 1.4777057647705078e+01 2.7625861167907715e+00
    9.4425048828125000e+01 4.1713714599609375e-02 14418687. -1.
    3.9071952819824219e+01 1.4777057647705078e+01 2.7625861167907715e+00
    1.7545758056640625e+02 4.1713714599609375e-02 14418687. -1.
    3.9413722991943359e+01 2.7944871902465820e+01 8.1478137969970703e+00
    1.8183483886718750e+02 4.4647812843322754e-02 9109761. -1.
    3.9578163146972656e+01 2.3425584793090820e+01 2.4301326274871826e+00
    1.7968188476562500e+02 3.7113178521394730e-02 5178111. -1.
    3.9600322723388672e+01 1.9396982192993164e+01 2.4058322906494141e+00
    1.8018594360351563e+02 3.7188660353422165e-02 4457215. -1.
    4.0656826019287109e+01 4.5706634521484375e+01 6.3729376792907715e+00
    1.8765399169921875e+02 5.7105056941509247e-02 8061696. -1.
    4.0656826019287109e+01 4.5706634521484375e+01 6.3729376792907715e+00
    2.5986605834960938e+02 5.7105056941509247e-02 8061696. -1.
    4.1821758270263672e+01 3.4963542938232422e+01 1.8573185205459595e+00
    1.5277380371093750e+02 3.8177214562892914e-02 2425343. -1.
    4.1821758270263672e+01 3.4963542938232422e+01 1.8573185205459595e+00
    3.5706936645507813e+02 3.8177214562892914e-02 2425343. -1.
    4.3267356872558594e+01 1.0598041534423828e+01 2.2453801631927490e+00
    1.0173754882812500e+02 6.4637556672096252e-02 16122367. -1.
    4.3267356872558594e+01 1.0598041534423828e+01 2.2453801631927490e+00
    1.4985688781738281e+02 6.4637556672096252e-02 16122367. -1.
    4.3376274108886719e+01 4.8276382446289063e+01 2.0187692642211914e+00
    2.7068566894531250e+02 7.1024745702743530e-02 8454655. -1.
    4.4301799774169922e+01 4.2856472015380859e+01 1.8026853799819946e+00
    1.8460070800781250e+02 4.8769664019346237e-02 262655. -1.</data></keypoints>
