<?xml version="1.0"?>
<opencv_storage>
<keypoints type_id="opencv-matrix">
  <rows>67</rows>
  <cols>7</cols>
  <dt>d</dt>
  <data>
    4.1318173408508301e+00 6.2430305480957031e+01 3.1713931560516357e+00
    1.6865476989746094e+02 1.7027458176016808e-02 7734271. -1.
    5.6611528396606445e+00 7.9563964843750000e+01 6.7622351646423340e+00
    1.7387075805664063e+02 1.5030805021524429e-02 12321536. -1.
    5.6611528396606445e+00 7.9563964843750000e+01 6.7622351646423340e+00
    2.0194326782226563e+02 1.5030805021524429e-02 12321536. -1.
    7.9263577461242676e+00 1.5456179618835449e+01 3.2659103870391846e+00
    3.8642730712890625e+01 3.1886674463748932e-02 9831423. -1.
    7.9263577461242676e+00 1.5456179618835449e+01 3.2659103870391846e+00
    1.8166372680664063e+02 3.1886674463748932e-02 9831423. -1.
    9.4430952072143555e+00 4.6626331329345703e+01 2.5856037139892578e+00
    2.1766065979003906e+02 3.0124336481094360e-02 9634559. -1.
    1.0779237747192383e+01 1.8354490280151367e+01 2.1806037425994873e+00
    3.9932434082031250e+01 7.0866696536540985e-02 14025215. -1.
    1.0779237747192383e+01 1.8354490280151367e+01 2.1806037425994873e+00
    2.6695709228515625e+02 7.0866696536540985e-02 14025215. -1.
    1.0900629997253418e+01 1.2681255340576172e+01 2.1315503120422363e+00
    9.7968566894531250e+01 4.1068173944950104e-02 12386815. -1.
    1.0900629997253418e+01 1.2681255340576172e+01 2.1315503120422363e+00
    3.2705883789062500e+02 4.1068173944950104e-02 12386815. -1.
    1.1653158187866211e+01 2.2107086181640625e+01 3.0967559814453125e+00
    3.2786694335937500e+02 3.9666373282670975e-02 5964799. -1.
    1.3525301933288574e+01 7.1811275482177734e+00 4.9568495750427246e+00
    3.2313830566406250e+02 3.1687613576650620e-02 6554112. -1.
    1.4550052642822266e+01 7.4130638122558594e+01 8.0364065170288086e+00
    1.6354556274414063e+02 1.8035164102911949e-02 8126721. -1.
    1.4550052642822266e+01 7.4130638122558594e+01 8.0364065170288086e+00
    2.9223657226562500e+02 1.8035164102911949e-02 8126721. -1.
    1.4867209434509277e+01 6.0636034011840820e+00 2.8346836566925049e+00
    3.2135513305664063e+02 2.9700970277190208e-02 16319231. -1.
    1.5363409042358398e+01 1.0387836456298828e+01 2.2192850112915039e+00
    2.2551849365234375e+01 2.2852648049592972e-02 15335935. -1.
    1.5719441413879395e+01 2.0997632980346680e+01 2.6067612171173096e+00
    3.3700372314453125e+02 7.4460260570049286e-02 10224383. -1.
    1.6812690734863281e+01 3.5318706512451172e+01 1.8874276876449585e+00
    3.5460357666015625e+01 3.7019088864326477e-02 3604991. -1.
    1.9211305618286133e+01 6.4011810302734375e+01 3.1113524436950684e+00
    2.2507008361816406e+02 1.7621986567974091e-02 6292479. -1.
    1.9211305618286133e+01 6.4011810302734375e+01 3.1113524436950684e+00
    3.1297195434570313e+02 1.7621986567974091e-02 6292479. -1.
    2.0088975906372070e+01 1.3026277542114258e+01 1.8418588638305664e+00
    1.9587554931640625e+01 3.0265439301729202e-02 1835519. -1.
    2.0542533874511719e+01 1.8273956298828125e+01 2.0343017578125000e+00
    2.9645294189453125e+02 5.8247338980436325e-02 9044479. -1.
    2.2913307189941406e+01 3.6739215850830078e+01 3.4100615978240967e+00
    9.6058654785156250e+00 2.9725210741162300e-02 12977151. -1.
    2.3084619522094727e+01 1.4132085800170898e+01 3.9481205940246582e+00
    3.5739514160156250e+02 3.7153594195842743e-02 6816000. -1.
    2.5046957015991211e+01 8.6250877380371094e+00 2.4842193126678467e+00
    1.5102209472656250e+02 5.7456739246845245e-02 6750975. -1.
    2.8224927902221680e+01 8.3557395935058594e+00 1.9448223114013672e+00
    6.1723388671875000e+01 5.8374583721160889e-02 5767679. -1.
    2.8224927902221680e+01 8.3557395935058594e+00 1.9448223114013672e+00
    1.4986166381835938e+02 5.8374583721160889e-02 5767679. -1.
    3.0074935913085938e+01 7.0836784362792969e+01 2.7757043838500977e+00
    3.1857946777343750e+02 2.1562170237302780e-02 14811903. -1.
    3.0704635620117188e+01 4.4923381805419922e+01 3.9956798553466797e+00
    1.6260986328125000e+00 2.6934191584587097e-02 7733504. -1.
    3.0704635620117188e+01 4.4923381805419922e+01 3.9956798553466797e+00
    2.4143566894531250e+02 2.6934191584587097e-02 7733504. -1.
    3.1028667449951172e+01 7.8938049316406250e+01 4.7628111839294434e+00
    1.3721298217773438e+02 5.0182145088911057e-02 3670528. -1.
    3.1028667449951172e+01 7.8938049316406250e+01 4.7628111839294434e+00
    2.7706686401367188e+02 5.0182145088911057e-02 3670528. -1.
    3.1577919006347656e+01 3.5834049224853516e+01 3.4411990642547607e+00
    3.5836508178710938e+02 1.7869731411337852e-02 13632511. -1.
    3.4374401092529297e+01 5.9050731658935547e+01 3.1575095653533936e+00
    7.3022827148437500e+01 3.9552021771669388e-02 7406591. -1.
    3.4827129364013672e+01 8.2237377166748047e+00 3.2591083049774170e+00
    5.6742492675781250e+01 3.1140139326453209e-02 9700351. -1.
    3.6047916412353516e+01 5.0660106658935547e+01 2.3483932018280029e+00
    2.3306585693359375e+02 2.4342413991689682e-02 2687743. -1.
    3.8771327972412109e+01 4.4789169311523438e+01 3.8797893524169922e+00
    2.5585189819335938e+02 1.6628056764602661e-02 5570816. -1.
    4.0435230255126953e+01 5.2666805267333984e+01 7.8806900978088379e+00
    2.7027587890625000e+02 3.0005507171154022e-02 6684929. -1.
    4.2025279998779297e+01 7.7069602966308594e+01 4.7646555900573730e+00
    2.7449053955078125e+02 4.7731425613164902e-02 3736064. -1.
    4.5816158294677734e+01 5.0335948944091797e+01 2.5871365070343018e+00
    2.2929116821289063e+02 3.1034380197525024e-02 9700095. -1.
    4.7149810791015625e+01 6.6658943176269531e+01 1.2825668334960938e+01
    2.6184332275390625e+02 6.3563384115695953e-02 8520449. -1.
    5.0573467254638672e+01 7.8111557006835938e+01 1.8896267414093018e+00
    2.4354264831542969e+02 3.3087983727455139e-02 3670527. -1.
    5.5408737182617188e+01 5.0170585632324219e+01 2.1717193126678467e+00
    9.9266479492187500e+01 7.0753358304500580e-02 13763071. -1.
    5.5408737182617188e+01 5.0170585632324219e+01 2.1717193126678467e+00
    2.5162771606445313e+02 7.0753358304500580e-02 13763071. -1.
    5.5642784118652344e+01 7.2981918334960938e+01 1.8467463254928589e+00
    2.2761145019531250e+02 4.5037508010864258e-02 2032127. -1.
    5.5921138763427734e+01 3.3652805328369141e+01 2.2933251857757568e+00
    3.2772326660156250e+02 2.2287245839834213e-02 983807. -1.
    5.8161094665527344e+01 6.2461025238037109e+01 2.3596165180206299e+00
    2.2048535156250000e+02 2.1720897406339645e-02 3015423. -1.
    5.8220016479492188e+01 7.1046241760253906e+01 1.9922307729721069e+00
    2.3306307983398438e+02 5.6065738201141357e-02 7471615. -1.
    5.8985446929931641e+01 5.4976402282714844e+01 3.6509168148040771e+00
    9.8117126464843750e+01 2.9327783733606339e-02 1179904. -1.
    5.9480773925781250e+01 5.4830459594726563e+01 3.2762665748596191e+00
    9.3825653076171875e+01 2.9273122549057007e-02 10028031. -1.
    6.1762233734130859e+01 8.4035835266113281e+01 2.0317740440368652e+00
    2.9084136962890625e+01 1.4659431762993336e-02 8913407. -1.
    6.2389087677001953e+01 6.4825386047363281e+01 2.3825137615203857e+00
    2.2617108154296875e+02 4.2263794690370560e-02 3736319. -1.
    6.2389087677001953e+01 6.4825386047363281e+01 2.3825137615203857e+00
    3.5813311767578125e+02 4.2263794690370560e-02 3736319. -1.
    6.2609855651855469e+01 8.1374559402465820e+00 2.6865093708038330e+00
    1.2398912048339844e+02 4.6388372778892517e-02 12387071. -1.
    6.6382621765136719e+01 5.0469490051269531e+01 3.2621021270751953e+00
    1.6674468994140625e+01 3.2848894596099854e-02 9765887. -1.
    6.9596107482910156e+01 2.1370782852172852e+01 2.3186712265014648e+00
    1.5185632324218750e+02 4.2763855308294296e-02 1770239. -1.
    6.9809684753417969e+01 8.0542053222656250e+01 1.9562902450561523e+00
    5.1567993164062500e+00 1.4119992032647133e-02 6160895. -1.
    7.2903709411621094e+01 4.0639335632324219e+01 1.8473604917526245e+00
