<?xml version="1.0"?>
<opencv_storage>
<keypoints type_id="opencv-matrix">
  <rows>10</rows>
  <cols>7</cols>
  <dt>d</dt>
  <data>
    2.8158510208129883e+01 6.1050350189208984e+01 3.0906240940093994e+00
    2.6029846191406250e+01 7.6946459710597992e-02 5833727. -1.
    2.8158510208129883e+01 6.1050350189208984e+01 3.0906240940093994e+00
    3.5174526977539063e+02 7.6946459710597992e-02 5833727. -1.
    3.3374019622802734e+01 5.6976104736328125e+01 1.9645547866821289e+00
    2.3706668090820313e+02 8.8232554495334625e-02 6488575. -1.
    4.0153942108154297e+01 4.7266883850097656e+01 1.0057807922363281e+01
    2.1268373107910156e+02 8.6601875722408295e-02 7602689. -1.
    4.0153942108154297e+01 4.7266883850097656e+01 1.0057807922363281e+01
    3.2680105590820313e+02 8.6601875722408295e-02 7602689. -1.
    4.0172397613525391e+01 5.8383186340332031e+01 2.8919031620025635e+00
    2.1358343505859375e+02 7.0435807108879089e-02 1049599. -1.
    4.0172397613525391e+01 5.8383186340332031e+01 2.8919031620025635e+00
    3.2638494873046875e+02 7.0435807108879089e-02 1049599. -1.
    4.7029521942138672e+01 5.7005928039550781e+01 1.9950975179672241e+00
    9.7831176757812500e+01 8.6990647017955780e-02 7602687. -1.
    4.7029521942138672e+01 5.7005928039550781e+01 1.9950975179672241e+00
    3.0283752441406250e+02 8.6990647017955780e-02 7602687. -1.
    5.2069549560546875e+01 6.0989303588867188e+01 2.9022669792175293e+00
    1.7912580871582031e+02 7.9726427793502808e-02 1311743. -1.</data></keypoints>
<descriptors type_id="opencv-matrix">
  <rows>10</rows>
  <cols>128</cols>
  <dt>f</dt>
  <data>
    2. 0. 0. 0. 0. 0. 0. 4. 30. 8. 2. 0. 0. 0. 4. 125. 20. 55. 11. 31.
    37. 10. 40. 125. 3. 125. 84. 37. 23. 3. 3. 2. 27. 2. 0. 0. 0. 0. 0.
    8. 125. 33. 1. 1. 9. 5. 2. 125. 38. 12. 5. 60. 125. 80. 40. 68. 3.
    27. 20. 34. 31. 23. 123. 41. 16. 10. 0. 0. 0. 0. 0. 0. 110. 125. 38.
    0. 2. 2. 0. 4. 15. 117. 125. 9. 20. 52. 30. 2. 0. 1. 125. 51. 1. 14.
    84. 16. 0. 1. 0. 0. 0. 0. 0. 0. 1. 31. 17. 0. 0. 0. 0. 0. 0. 29.
    106. 2. 0. 0. 0. 0. 0. 1. 88. 19. 0. 0. 0. 0. 0. 0. 0. 0. 0. 0. 0.
    1. 1. 0. 0. 0. 0. 0. 15. 40. 7. 6. 0. 0. 0. 2. 107. 67. 118. 87. 0.
    1. 2. 7. 54. 22. 16. 0. 0. 0. 0. 0. 0. 9. 118. 7. 0. 1. 3. 0. 23.
    118. 18. 3. 14. 86. 47. 11. 118. 118. 44. 47. 46. 95. 18. 18. 45. 9.
    22. 8. 0. 0. 0. 0. 0. 2. 118. 118. 5. 2. 6. 0. 0. 25. 29. 111. 29.
    49. 94. 94. 14. 10. 17. 23. 22. 33. 16. 104. 78. 4. 1. 3. 0. 0. 0.
    0. 0. 0. 8. 99. 10. 0. 0. 0. 0. 0. 1. 118. 93. 0. 1. 14. 5. 0. 0.
    60. 108. 0. 0. 36. 41. 0. 5. 9. 70. 101. 0. 0. 1. 5. 104. 96. 49.
    10. 7. 3. 0. 3. 31. 17. 1. 12. 137. 23. 0. 1. 0. 0. 0. 5. 76. 5. 0.
    0. 27. 2. 7. 50. 1. 1. 2. 5. 137. 20. 6. 11. 7. 0. 0. 28. 49. 6. 5.
    98. 137. 0. 0. 4. 0. 0. 0. 22. 64. 0. 0. 0. 16. 1. 0. 1. 0. 31. 121.
    7. 92. 54. 27. 24. 3. 14. 72. 10. 7. 12. 24. 126. 55. 20. 52. 0. 0.
    0. 0. 13. 13. 6. 58. 1. 21. 22. 0. 0. 0. 27. 131. 14. 3. 2. 1. 1. 1.
    38. 137. 4. 0. 0. 1. 3. 3. 41. 137. 0. 0. 0. 0. 0. 0. 12. 137. 4. 5.
    0. 0. 0. 0. 0. 5. 34. 1. 0. 0. 0. 2. 14. 66. 60. 0. 0. 0. 0. 22. 65.
    31. 3. 0. 0. 0. 0. 3. 8. 2. 0. 60. 36. 0. 0. 0. 0. 2. 40. 109. 24.
    1. 1. 2. 32. 75. 107. 8. 1. 3. 5. 19. 132. 132. 14. 0. 0. 0. 0. 7.
    132. 66. 0. 68. 42. 1. 0. 0. 0. 0. 2. 132. 41. 7. 19. 9. 8. 9. 26.
    44. 31. 55. 68. 23. 71. 54. 15. 21. 18. 7. 6. 105. 132. 29. 7. 40.
    17. 0. 0. 0. 0. 0. 0. 132. 132. 12. 3. 7. 11. 2. 3. 25. 55. 66. 27.
    16. 38. 46. 27. 15. 3. 21. 128. 94. 6. 7. 20. 36. 0. 0. 0. 0. 0. 0.
    15. 132. 2. 2. 10. 6. 3. 11. 132. 26. 26. 46. 37. 16. 26. 68. 59.
    16. 20. 7. 5. 90. 129. 23. 4. 63. 1. 0. 0. 0. 0. 1. 43. 132. 25. 8.
    7. 9. 18. 7. 43. 47. 15. 52. 66. 24. 69. 54. 32. 22. 7. 30. 132.
    105. 7. 7. 20. 59. 40. 2. 0. 0. 0. 1. 36. 110. 107. 73. 30. 2. 1. 1.
    27. 9. 16. 132. 132. 18. 5. 4. 1. 0. 0. 71. 132. 7. 0. 0. 0. 5. 34.
    5. 0. 0. 0. 0. 0. 1. 61. 66. 14. 1. 0. 0. 0. 0. 3. 32. 67. 20. 0. 0.
    0. 0. 0. 2. 9. 3. 0. 0. 0. 0. 0. 8. 34. 0. 0. 28. 101. 0. 0. 49. 88.
    3. 5. 21. 36. 17. 13. 91. 54. 2. 9. 10. 14. 72. 43. 23. 16. 12. 3.
    2. 20. 16. 4. 15. 123. 13. 1. 3. 19. 89. 6. 16. 38. 2. 27. 60. 55.
    28. 2. 4. 6. 2. 116. 123. 37. 49. 11. 20. 63. 13. 30. 17. 27. 17. 2.
    2. 33. 27. 40. 82. 11. 123. 19. 1. 3. 2. 9. 35. 42. 89. 6. 0. 0. 0.
    122. 118. 26. 1. 1. 3. 11. 8. 123. 114. 1. 1. 3. 79. 48. 6. 19. 32.
    1. 123. 51. 21. 21. 4. 4. 7. 3. 123. 15. 0. 0. 0. 8. 13. 11. 2. 0.
    0. 0. 0. 51. 58. 5. 0. 0. 30. 17. 5. 47. 89. 3. 123. 3. 7. 5. 4. 27.
    27. 49. 123. 11. 9. 5. 0. 0. 0. 18. 3. 6. 50. 42. 0. 0. 0. 0. 10. 9.
    89. 43. 29. 33. 3. 2. 123. 40. 37. 9. 2. 4. 2. 20. 112. 30. 104.
    103. 0. 0. 0. 8. 0. 1. 115. 123. 7. 8. 2. 0. 12. 20. 4. 1. 16. 123.
    14. 4. 98. 53. 55. 20. 2. 40. 15. 9. 26. 37. 123. 119. 2. 5. 3. 2.
    47. 27. 24. 40. 11. 53. 18. 10. 0. 103. 27. 0. 1. 34. 6. 0. 1. 36.
    21. 5. 3. 91. 44. 0. 14. 13. 13. 11. 2. 56. 87. 11. 75. 21. 2. 3. 9.
    15. 24. 43. 6. 0. 0. 0. 0. 0. 0. 3. 101. 0. 0. 1. 0. 0. 0. 106. 53.
    1. 26. 63. 11. 0. 11. 112. 1. 41. 85. 35. 4. 22. 18. 5. 27. 1. 0. 0.
    0. 8. 8. 5. 117. 18. 3. 11. 7. 0. 1. 58. 44. 6. 11. 117. 117. 0. 0.
    17. 20. 82. 34. 52. 25. 0. 0. 0. 12. 1. 0. 0. 0. 110. 117. 3. 97.
    57. 22. 22. 4. 37. 67. 9. 8. 16. 23. 117. 73. 20. 21. 0. 19. 17. 0.
    12. 16. 8. 12. 0. 0. 0. 0. 0. 0. 94. 99. 0. 1. 2. 2. 2. 1. 117. 117.
    1. 0. 0. 2. 9. 7. 106. 117. 0. 2. 1. 0. 4. 11. 78. 74. 0. 20. 12.
    137. 26. 0. 0. 0. 22. 2. 4. 137. 39. 0. 2. 1. 3. 0. 0. 137. 41. 3.
    4. 1. 0. 0. 5. 137. 9. 0. 0. 0. 0. 17. 8. 118. 25. 0. 2. 0. 1. 97.
    13. 65. 13. 4. 28. 25. 55. 7. 0. 47. 20. 61. 127. 21. 11. 0. 1. 56.
    6. 12. 11. 0. 0. 28. 4. 2. 1. 1. 56. 10. 3. 137. 25. 0. 0. 9. 13. 6.
    25. 45. 3. 0. 0. 137. 95. 4. 6. 0. 0. 0. 0. 59. 19. 0. 0. 4. 9. 2.
    0. 0. 95. 78. 13. 84. 2. 1. 6. 10. 9. 52. 112. 22. 0. 0. 40. 137.
    11. 1. 18. 0. 0. 0. 8. 63. 3. 0. 0. 1. 0. 0. 0. 0. 0. 0. 3. 6. 0. 0.
    0. 0. 0. 18. 85. 0. 0. 2. 4. 0. 0. 116. 117. 0. 0. 22. 11. 0. 0.
    117. 43. 26. 1. 0. 0. 0. 0. 0. 10. 117. 14. 0. 1. 6. 1. 12. 117. 23.
    4. 20. 88. 81. 24. 49. 108. 4. 3. 117. 90. 13. 15. 19. 14. 24. 10.
    0. 0. 0. 0. 0. 1. 117. 117. 13. 1. 5. 1. 0. 10. 21. 117. 63. 21. 76.
    104. 6. 3. 18. 3. 21. 17. 22. 111. 33. 55. 1. 3. 0. 0. 0. 0. 0. 0.
    4. 74. 17. 0. 0. 0. 0. 0. 10. 110. 109. 4. 2. 4. 0. 9. 83. 21. 40.
    7. 6. 10. 3. 103.</data></descriptors>
</opencv_storage>
