<?xml version="1.0"?>
<opencv_storage>
<keypoints type_id="opencv-matrix">
  <rows>88</rows>
  <cols>7</cols>
  <dt>d</dt>
  <data>
    7.623774528503418 33.027194976806641 3.8032176494598389
    49.192138671875 0.035956420004367828 4129024. -1. 7.9185762405395508
    16.020711898803711 3.0554697513580322 35.918853759765625
    0.03533569723367691 4981759. -1. 9.8214349746704102
    12.461847305297852 1.8546930551528931 102.39129638671875
    0.049293190240859985 2359807. -1. 9.8214349746704102
    12.461847305297852 1.8546930551528931 320.96298217773438
    0.049293190240859985 2359807. -1. 9.8351364135742188
    19.458473205566406 2.0427112579345703 37.11627197265625
    0.084505990147590637 9306623. -1. 9.8351364135742188
    19.458473205566406 2.0427112579345703 258.7220458984375
    0.084505990147590637 9306623. -1. 11.16777229309082
    30.519845962524414 2.4718289375305176 39.81085205078125
    0.03364076092839241 6423295. -1. 11.560810089111328
    26.669473648071289 2.4261536598205566 75.5501708984375
    0.027353033423423767 5047039. -1. 11.718356132507324
    9.0096540451049805 3.3283822536468506 20.040252685546875
    0.025526728481054306 11207679. -1. 11.718356132507324
    9.0096540451049805 3.3283822536468506 99.926666259765625
    0.025526728481054306 11207679. -1. 11.754568099975586
    22.80341911315918 2.9619224071502686 11.830291748046875
    0.049976378679275513 2753535. -1. 11.80259895324707
    35.561763763427734 2.9957520961761475 49.0115966796875
    0.034210257232189178 3605503. -1. 13.006892204284668
    11.950461387634277 1.958914041519165 354.20529174804688
    0.031207172200083733 6291967. -1. 13.174290657043457
    20.041936874389648 1.8960856199264526 16.654052734375
    0.048167243599891663 3932671. -1. 13.276119232177734
    7.49652099609375 2.145280122756958 22.0655517578125
    0.020970623940229416 12845567. -1. 14.905040740966797
    55.909736633300781 3.5142643451690674 329.69619750976563
    0.016534684225916862 15139839. -1. 14.954029083251953
    52.358760833740234 2.0134963989257813 175.04141235351563
    0.016513867303729057 8258047. -1. 15.649627685546875
    9.6623544692993164 2.441903829574585 15.10113525390625
    0.040901251137256622 5505791. -1. 15.649627685546875
    9.6623544692993164 2.441903829574585 160.14755249023438
    0.040901251137256622 5505791. -1. 15.65534782409668
    22.553600311279297 2.3202235698699951 6.82965087890625
    0.067727342247962952 1835775. -1. 16.032773971557617
    69.113113403320313 6.2736124992370605 30.444183349609375
    0.030539598315954208 6882048. -1. 16.032773971557617
    69.113113403320313 6.2736124992370605 52.7286376953125
    0.030539598315954208 6882048. -1. 16.719633102416992 38.026123046875
    4.3743634223937988 2.25970458984375 0.023912925273180008 14287104.
    -1. 17.654611587524414 82.637786865234375 3.0542066097259521
    93.35504150390625 0.034001074731349945 4981759. -1.
    18.082862854003906 48.777862548828125 2.4518792629241943
    187.48553466796875 0.026933325454592705 5833471. -1.
    20.413276672363281 8.9398488998413086 3.9271671772003174
    53.37091064453125 0.028392070904374123 6422784. -1.
    20.556003570556641 29.025354385375977 1.9406223297119141
    26.5435791015625 0.01519126258790493 5636607. -1. 20.716093063354492
    66.90185546875 2.7187004089355469 27.40289306640625
    0.031784527003765106 13304575. -1. 20.807621002197266
    56.177482604980469 1.9009230136871338 61.98199462890625
    0.038007672876119614 4129279. -1. 20.807621002197266
    56.177482604980469 1.9009230136871338 246.18756103515625
    0.038007672876119614 4129279. -1. 24.816789627075195 69.809814453125
    4.7531585693359375 203.25100708007813 0.049076776951551437 3539456.
    -1. 24.98631477355957 23.374593734741211 2.2165555953979492
    32.474945068359375 0.020492043346166611 15204863. -1.
    27.187862396240234 77.875724792480469 2.0206701755523682
    54.03717041015625 0.052961017936468124 8520191. -1.
    27.662063598632813 9.1143903732299805 2.1233203411102295
    67.7811279296875 0.034847024828195572 12124671. -1.
    28.056617736816406 19.53593635559082 3.3216683864593506
    22.63726806640625 0.019687309861183167 11076607. -1.
    28.548995971679688 51.460186004638672 2.1541192531585693
    321.93997192382813 0.031435128301382065 13173247. -1.
    30.512430191040039 24.156063079833984 2.1581742763519287
    37.31597900390625 0.019680742174386978 13304319. -1.
    31.76695442199707 70.552444458007813 5.1838498115539551
    67.387359619140625 0.064687259495258331 9830912. -1.
    32.559970855712891 79.307235717773438 5.1094441413879395
    65.64031982421875 0.041342981159687042 8782336. -1.
    34.009193420410156 54.297267913818359 6.8389291763305664
    340.9847412109375 0.028828460723161697 13173504. -1.
    36.317470550537109 79.532928466796875 1.9684368371963501
    221.00738525390625 0.024452032521367073 6619647. -1.
    37.623458862304688 39.169330596923828 2.184039831161499
    98.43267822265625 0.087733186781406403 14156287. -1.
    37.623458862304688 39.169330596923828 2.184039831161499
    286.49301147460938 0.087733186781406403 14156287. -1.
    38.288047790527344 52.640338897705078 13.486358642578125
    292.42498779296875 0.029301881790161133 12124929. -1.
    38.288047790527344 52.640338897705078 13.486358642578125
    344.94522094726563 0.029301881790161133 12124929. -1.
    38.445663452148438 82.1361083984375 2.5046522617340088
    59.122344970703125 0.037182897329330444 7340799. -1.
    39.223281860351563 36.547176361083984 2.4556100368499756
    290.09228515625 0.046651627868413925 5899007. -1. 41.264930725097656
    35.687461853027344 3.7972855567932129 301.67218017578125
    0.045035857707262039 3997952. -1. 43.297023773193359
    32.982265472412109 1.9658024311065674 158.60856628417969
    0.034223157912492752 6554111. -1. 43.953220367431641
    61.550998687744141 1.9346601963043213 72.057708740234375
    0.019928334280848503 5374463. -1. 43.953220367431641
    61.550998687744141 1.9346601963043213 117.33877563476563
    0.019928334280848503 5374463. -1. 44.954105377197266
    30.088638305664063 3.4335868358612061 231.72032165527344
    0.034248620271682739 13435903. -1. 44.954105377197266
    30.088638305664063 3.4335868358612061 355.25137329101563
    0.034248620271682739 13435903. -1. 45.394500732421875
    71.406364440917969 2.0454995632171631 68.3460693359375
    0.060218647122383118 9437695. -1. 45.394500732421875
    71.406364440917969 2.0454995632171631 358.70562744140625
    0.060218647122383118 9437695. -1. 47.885746002197266
    21.374387741088867 22.517377853393555 40.935394287109375
    0.049493048340082169 15794690. -1. 52.451915740966797
    77.007652282714844 5.4041934013366699 35.947509765625
    0.031516928225755692 12845568. -1. 52.669017791748047
    37.902549743652344 2.5388057231903076 341.952880859375
    0.019750457257032394 8323839. -1. 52.953468322753906
    50.546360015869141 2.1377608776092529 136.03697204589844
    0.020079270005226135 12583423. -1. 53.412982940673828
    6.2044386863708496 4.4839563369750977 92.829833984375
    0.039209377020597458 16056576. -1. 53.412982940673828
    6.2044386863708496 4.4839563369750977 106.22956848144531
    0.039209377020597458 16056576. -1. 54.586067199707031
    44.232212066650391 2.0192415714263916 209.93435668945313
    0.03376469761133194 8454655. -1. 54.772621154785156
    36.802505493164063 5.063441276550293 229.12408447265625
    0.023122720420360565 8126976. -1. 55.177223205566406
    56.146202087402344 7.3604507446289063 140.21005249023438
    0.033044490963220596 1769729. -1. 57.649974822998047
    34.513469696044922 2.8204519748687744 207.96817016601563
    0.014355615712702274 15926015. -1. 59.548633575439453
    5.3589768409729004 2.5935180187225342 91.827056884765625
    0.038200981914997101 9896703. -1. 59.548633575439453
    5.3589768409729004 2.5935180187225342 126.13238525390625
    0.038200981914997101 9896703. -1. 59.568729400634766
