<?xml version="1.0"?>
<opencv_storage>
<keypoints type_id="opencv-matrix">
  <rows>18</rows>
  <cols>7</cols>
  <dt>d</dt>
  <data>
    9.7925357818603516e+00 2.7122552871704102e+01 3.3210074901580811e+00
    3.2090270996093750e+02 8.1542335450649261e-02 11011071. -1.
    1.4532369613647461e+01 2.8124443054199219e+01 2.5331561565399170e+00
    1.2825915527343750e+02 6.3289619982242584e-02 8192767. -1.
    1.4532369613647461e+01 2.8124443054199219e+01 2.5331561565399170e+00
    3.5819274902343750e+02 6.3289619982242584e-02 8192767. -1.
    1.8456087112426758e+01 1.7431304931640625e+01 2.5900692939758301e+00
    4.2373657226562500e+01 7.3577001690864563e-02 9765631. -1.
    1.8456087112426758e+01 1.7431304931640625e+01 2.5900692939758301e+00
    3.5268997192382813e+02 7.3577001690864563e-02 9765631. -1.
    2.1065523147583008e+01 2.8448898315429688e+01 4.3935647010803223e+00
    1.7095794677734375e+01 4.8153586685657501e-02 14549248. -1.
    2.1065523147583008e+01 2.8448898315429688e+01 4.3935647010803223e+00
    8.8030059814453125e+01 4.8153586685657501e-02 14549248. -1.
    2.2781677246093750e+01 2.3537519454956055e+01 2.7015242576599121e+00
    8.3859252929687500e+00 6.3466228544712067e-02 12845823. -1.
    2.2781677246093750e+01 2.3537519454956055e+01 2.7015242576599121e+00
    9.7745849609375000e+01 6.3466228544712067e-02 12845823. -1.
    2.5300594329833984e+01 3.7832145690917969e+01 4.6501879692077637e+00
    2.6440576171875000e+02 4.2154882103204727e-02 1966592. -1.
    2.5300594329833984e+01 3.7832145690917969e+01 4.6501879692077637e+00
    3.0191943359375000e+02 4.2154882103204727e-02 1966592. -1.
    2.5430166244506836e+01 1.3729318618774414e+01 2.4620423316955566e+00
    2.4924621582031250e+01 6.2169231474399567e-02 6095615. -1.
    2.6685194015502930e+01 2.9074775695800781e+01 2.4364321231842041e+00
    1.8143905639648438e+02 6.6885508596897125e-02 5374719. -1.
    2.6685194015502930e+01 2.9074775695800781e+01 2.4364321231842041e+00
    2.7809826660156250e+02 6.6885508596897125e-02 5374719. -1.
    2.6912784576416016e+01 3.4530918121337891e+01 1.8894432783126831e+00
    1.0970915222167969e+02 5.1291119307279587e-02 3670527. -1.
    2.9060127258300781e+01 2.4411220550537109e+01 4.3275094032287598e+00
    1.5610876464843750e+02 6.5833553671836853e-02 13500672. -1.
    3.0711875915527344e+01 3.4135440826416016e+01 3.2674510478973389e+00
    1.0150765991210938e+02 5.0149239599704742e-02 9896959. -1.
    3.4863204956054688e+01 3.5485816955566406e+01 1.9529331922531128e+00
    7.9793212890625000e+01 5.5842418223619461e-02 6029823. -1.</data></keypoints>
<descriptors type_id="opencv-matrix">
  <rows>18</rows>
  <cols>128</cols>
  <dt>f</dt>
  <data>
    0. 0. 0. 0. 0. 0. 0. 3. 0. 0. 0. 0. 0. 2. 27. 19. 0. 0. 0. 0. 0. 17.
    37. 3. 1. 0. 0. 0. 0. 4. 7. 21. 29. 0. 0. 0. 0. 0. 0. 23. 109. 1. 0.
    2. 3. 17. 113. 138. 6. 0. 0. 8. 20. 138. 138. 33. 29. 0. 0. 0. 1.
    63. 88. 95. 74. 10. 0. 0. 0. 0. 0. 6. 138. 77. 1. 11. 22. 8. 9. 51.
    42. 14. 2. 48. 87. 83. 45. 57. 15. 1. 1. 2. 8. 60. 138. 82. 23. 13.
    0. 0. 0. 0. 0. 0. 138. 138. 0. 0. 4. 5. 0. 0. 98. 56. 0. 1. 14. 31.
    22. 53. 35. 11. 3. 11. 10. 57. 30. 50. 36. 67. 11. 3. 3. 3. 7. 18.
    6. 11. 8. 30. 83. 13. 2. 4. 28. 19. 2. 9. 114. 27. 0. 0. 0. 0. 0. 0.
    128. 47. 0. 0. 42. 78. 51. 13. 1. 1. 5. 8. 12. 25. 61. 128. 25. 3.
    1. 2. 104. 45. 14. 31. 89. 13. 1. 8. 4. 1. 0. 1. 128. 38. 0. 0. 3.
    55. 126. 35. 11. 0. 0. 1. 36. 90. 38. 30. 11. 9. 19. 31. 87. 16. 5.
    21. 82. 7. 15. 91. 3. 0. 0. 39. 128. 5. 0. 2. 1. 36. 22. 34. 4. 0.
    0. 0. 24. 128. 27. 0. 0. 0. 1. 6. 13. 84. 116. 82. 26. 0. 1. 15. 0.
    0. 12. 110. 77. 0. 0. 0. 3. 0. 0. 0. 0. 1. 80. 69. 4. 0. 0. 0. 1.
    10. 123. 34. 36. 14. 0. 0. 0. 3. 47. 123. 15. 19. 12. 16. 8. 16. 20.
    33. 99. 42. 1. 1. 14. 12. 61. 112. 8. 11. 7. 23. 77. 65. 93. 17.
    113. 20. 6. 6. 4. 10. 33. 76. 22. 3. 0. 1. 4. 34. 102. 38. 56. 123.
    8. 0. 7. 4. 0. 2. 5. 123. 26. 4. 35. 110. 25. 3. 104. 47. 6. 1. 2.
    50. 50. 24. 29. 76. 19. 1. 3. 5. 12. 9. 1. 102. 12. 0. 0. 0. 0. 0.
    0. 123. 74. 0. 0. 5. 3. 0. 2. 123. 68. 0. 0. 19. 19. 1. 1. 60. 34.
    1. 0. 16. 13. 0. 21. 1. 0. 0. 0. 0. 0. 11. 133. 29. 0. 0. 0. 2. 3.
    103. 95. 90. 28. 9. 13. 14. 10. 33. 11. 10. 10. 12. 30. 19. 13. 26.
    71. 4. 0. 0. 0. 0. 0. 13. 133. 44. 8. 1. 0. 8. 25. 132. 34. 25. 35.
    24. 8. 28. 100. 70. 24. 50. 25. 46. 17. 4. 14. 31. 35. 25. 0. 0. 0.
    0. 0. 0. 133. 133. 71. 1. 0. 1. 2. 6. 70. 125. 133. 30. 10. 5. 11.
    9. 28. 35. 18. 37. 44. 17. 37. 52. 1. 4. 0. 0. 0. 0. 0. 4. 39. 53.
    9. 0. 0. 0. 1. 69. 133. 48. 11. 1. 1. 1. 5. 79. 69. 39. 4. 0. 1. 5.
    31. 83. 0. 0. 0. 0. 0. 0. 0. 3. 1. 0. 0. 0. 0. 0. 24. 61. 4. 0. 0.
    0. 0. 1. 106. 114. 51. 0. 0. 0. 5. 13. 35. 126. 32. 0. 0. 0. 0. 0.
    0. 22. 126. 14. 0. 0. 1. 3. 49. 126. 22. 8. 1. 1. 28. 62. 126. 126.
    73. 24. 10. 15. 14. 13. 31. 75. 49. 3. 0. 0. 0. 2. 55. 31. 126. 121.
    4. 1. 1. 2. 13. 92. 35. 86. 51. 16. 19. 51. 22. 18. 23. 16. 24. 9.
    7. 21. 40. 16. 7. 2. 3. 6. 9. 28. 126. 42. 34. 9. 1. 2. 4. 13. 67.
    126. 25. 17. 32. 35. 17. 42. 50. 26. 100. 13. 16. 6. 2. 14. 22. 63.
    98. 21. 0. 0. 0. 0. 1. 47. 72. 35. 10. 1. 0. 1. 14. 71. 29. 6. 4. 9.
    30. 65. 31. 16. 0. 0. 0. 11. 77. 113. 12. 1. 63. 14. 0. 0. 0. 4. 55.
    113. 98. 30. 7. 1. 1. 3. 48. 113. 46. 11. 26. 29. 40. 29. 43. 38. 1.
    1. 21. 50. 100. 102. 8. 1. 46. 99. 52. 0. 1. 15. 35. 50. 70. 76. 83.
    2. 2. 8. 16. 31. 5. 30. 69. 30. 76. 24. 8. 5. 2. 2. 21. 39. 46. 35.
    27. 13. 1. 81. 80. 0. 0. 0. 0. 0. 1. 86. 113. 0. 0. 0. 0. 0. 0. 113.
    113. 14. 3. 3. 0. 0. 0. 17. 90. 94. 4. 8. 7. 1. 9. 3. 2. 0. 0. 60.
    79. 63. 6. 6. 6. 4. 25. 30. 119. 105. 12. 6. 1. 2. 40. 57. 75. 28.
    28. 13. 0. 14. 94. 13. 9. 21. 27. 44. 27. 11. 5. 3. 9. 18. 68. 52.
    42. 14. 23. 13. 21. 27. 12. 4. 5. 28. 42. 57. 87. 13. 2. 0. 7. 116.
    89. 24. 20. 12. 28. 103. 119. 18. 3. 0. 0. 1. 86. 119. 67. 10. 2. 0.
    2. 13. 12. 28. 54. 119. 52. 4. 4. 6. 0. 0. 8. 119. 82. 1. 0. 0. 40.
    42. 31. 0. 0. 0. 0. 0. 119. 93. 39. 23. 1. 0. 3. 22. 6. 10. 27. 119.
    36. 1. 3. 10. 0. 0. 0. 81. 29. 0. 0. 0. 93. 55. 10. 1. 2. 22. 19.
    103. 16. 23. 21. 10. 7. 52. 51. 27. 15. 14. 11. 19. 17. 18. 33. 20.
    6. 2. 8. 104. 41. 55. 18. 5. 99. 113. 17. 2. 2. 4. 6. 74. 35. 44.
    58. 64. 15. 19. 22. 18. 117. 33. 19. 13. 4. 26. 41. 43. 11. 3. 4. 9.
    28. 117. 89. 8. 75. 13. 2. 2. 3. 7. 39. 117. 26. 3. 1. 10. 13. 39.
    117. 61. 102. 21. 47. 25. 37. 17. 83. 53. 12. 23. 117. 41. 34. 20.
    5. 2. 100. 51. 5. 3. 3. 20. 30. 20. 34. 65. 34. 2. 7. 6. 33. 20. 0.
    8. 29. 29. 117. 50. 19. 2. 11. 14. 43. 46. 27. 20. 12. 17. 17. 5. 7.
    2. 9. 104. 40. 53. 86. 8. 11. 3. 4. 9. 29. 117. 5. 2. 12. 24. 117.
    40. 34. 22. 12. 17. 12. 15. 45. 46. 26. 18. 33. 20. 15. 14. 11. 19.
    16. 17. 41. 44. 117. 32. 20. 13. 4. 26. 82. 53. 103. 21. 47. 25. 36.
    17. 19. 3. 0. 8. 29. 31. 117. 49. 51. 26. 16. 23. 21. 9. 7. 53. 22.
    18. 36. 45. 58. 63. 15. 19. 117. 59. 26. 3. 1. 10. 13. 41. 33. 19.
    32. 65. 34. 2. 8. 6. 18. 102. 96. 57. 10. 1. 2. 21. 7. 79. 99. 110.
    16. 2. 2. 4. 40. 117. 75. 13. 2. 2. 3. 7. 30. 20. 101. 51. 6. 2. 3.
    20. 0. 0. 0. 0. 0. 0. 1. 4. 14. 0. 0. 0. 0. 0. 6. 80. 61. 0. 0. 0.
    0. 1. 9. 149. 6. 0. 0. 2. 38. 51. 38. 100. 30. 3. 0. 0. 0. 0. 1. 24.
    108. 8. 1. 0. 0. 0. 18. 149. 96. 27. 18. 0. 0. 1. 11. 149. 12. 19.
    15. 6. 43. 65. 31. 32. 60. 11. 0. 0. 0. 0. 0. 5. 149. 31. 5. 3. 3.
    1. 0. 52. 63. 77. 75. 18. 10. 3. 0. 20. 30. 90. 75. 19. 11. 12. 3.
    2. 53. 6. 0. 0. 0. 0. 0. 4. 149. 54. 15. 9. 8. 4. 1. 29. 20. 24. 52.
    111. 45. 10. 1. 5. 4. 29. 149. 64. 1. 0. 0. 0. 37. 2. 0. 0. 0. 0. 0.
    1. 146. 12. 0. 0. 0. 0. 1. 19. 104. 9. 6. 3. 4. 30. 58. 49. 2. 2. 4.
    5. 9. 60. 67. 19. 45. 2. 0. 0. 0. 0. 0. 14. 146. 40. 2. 0. 0. 0. 0.
    46. 123. 52. 82. 43. 4. 2. 1. 8. 2. 41. 94. 68. 14. 10. 11. 2. 30.
    22. 1. 0. 0. 0. 0. 4. 120. 146. 9. 1. 0. 0. 0. 11. 56. 146. 30. 34.
