<?xml version="1.0"?>
<opencv_storage>
<keypoints type_id="opencv-matrix">
  <rows>47</rows>
  <cols>7</cols>
  <dt>d</dt>
  <data>
    1.0221074104309082e+01 3.2880527496337891e+01 3.3892884254455566e+00
    3.3686505126953125e+02 8.5014253854751587e-02 12518399. -1.
    1.0242852210998535e+01 2.1694404602050781e+01 6.2801737785339355e+00
    2.5372497558593750e+01 2.4114739149808884e-02 7013120. -1.
    1.1854758262634277e+01 2.0384927749633789e+01 2.3574204444885254e+00
    2.6782104492187500e+01 2.5894165039062500e-02 2949887. -1.
    1.2641626358032227e+01 3.3053791046142578e+01 6.5748744010925293e+00
    3.5565734863281250e+01 6.7102923989295959e-02 10289920. -1.
    1.2641626358032227e+01 3.3053791046142578e+01 6.5748744010925293e+00
    1.7954649353027344e+02 6.7102923989295959e-02 10289920. -1.
    1.2641626358032227e+01 3.3053791046142578e+01 6.5748744010925293e+00
    3.2411978149414063e+02 6.7102923989295959e-02 10289920. -1.
    1.3345856666564941e+01 2.9983537673950195e+01 1.8991874456405640e+00
    1.3493347167968750e+01 5.6162070482969284e-02 4063743. -1.
    2.1263168334960938e+01 1.6805706024169922e+01 8.0761175155639648e+00
    6.0101348876953125e+01 4.4848505407571793e-02 8454401. -1.
    2.1464244842529297e+01 2.4456401824951172e+01 2.1301667690277100e+00
    2.1677084350585938e+02 5.3096886724233627e-02 12321279. -1.
    2.4623134613037109e+01 3.3636226654052734e+01 3.1823933124542236e+00
    4.6435455322265625e+01 8.2118533551692963e-02 7930879. -1.
    2.5298440933227539e+01 4.0476188659667969e+01 5.8981628417968750e+00
    8.9588134765625000e+01 6.5423004329204559e-02 2425600. -1.
    2.5298440933227539e+01 4.0476188659667969e+01 5.8981628417968750e+00
    1.4919906616210938e+02 6.5423004329204559e-02 2425600. -1.
    2.5298440933227539e+01 4.0476188659667969e+01 5.8981628417968750e+00
    3.2905447387695313e+02 6.5423004329204559e-02 2425600. -1.
    2.5362007141113281e+01 2.9034292221069336e+01 1.9190844297409058e+00
    4.7830383300781250e+01 4.3563082814216614e-02 4784639. -1.
    2.5388832092285156e+01 4.4818386077880859e+01 2.1864039897918701e+00
    1.1950512695312500e+02 7.0431128144264221e-02 14221823. -1.
    2.8047761917114258e+01 3.6095661163330078e+01 2.6819589138031006e+00
    2.3040341186523438e+02 5.4901067167520523e-02 12321535. -1.
    2.9469606399536133e+01 5.2152236938476563e+01 1.8524490594863892e+00
    2.8399310302734375e+02 5.7696107774972916e-02 2228735. -1.
    2.9508941650390625e+01 4.4411106109619141e+01 2.4507517814636230e+00
    6.3526336669921875e+01 4.2555194348096848e-02 5767935. -1.
    3.1665496826171875e+01 1.9052499771118164e+01 2.1064803600311279e+00
    2.6214172363281250e+02 8.0592624843120575e-02 11534847. -1.
    3.2266475677490234e+01 1.2888745307922363e+01 6.7075524330139160e+00
    7.3639923095703125e+01 5.8314979076385498e-02 11731712. -1.
    3.2266475677490234e+01 1.2888745307922363e+01 6.7075524330139160e+00
    1.0753822326660156e+02 5.8314979076385498e-02 11731712. -1.
    3.2326599121093750e+01 5.2189334869384766e+01 6.6249132156372070e+00
    2.4246206665039063e+02 5.3967162966728210e-02 10879744. -1.
    3.2326599121093750e+01 5.2189334869384766e+01 6.6249132156372070e+00
    2.9958276367187500e+02 5.3967162966728210e-02 10879744. -1.
    3.2422023773193359e+01 5.4861938476562500e+01 2.9277770519256592e+00
    2.4922103881835938e+02 8.3579674363136292e-02 1901567. -1.
    3.2422023773193359e+01 5.4861938476562500e+01 2.9277770519256592e+00
    2.8622344970703125e+02 8.3579674363136292e-02 1901567. -1.
    3.2518825531005859e+01 1.0497025489807129e+01 3.4101154804229736e+00
    8.1793182373046875e+01 7.1260288357734680e-02 12977151. -1.
    3.2518825531005859e+01 1.0497025489807129e+01 3.4101154804229736e+00
    1.0586816406250000e+02 7.1260288357734680e-02 12977151. -1.
    3.2820575714111328e+01 4.6498405456542969e+01 2.4654076099395752e+00
    7.5810577392578125e+01 7.3492825031280518e-02 6226687. -1.
    3.3112384796142578e+01 3.7979446411132813e+01 3.6676223278045654e+00
    3.5134884643554688e+02 4.4813446700572968e-02 1507584. -1.
    3.3480094909667969e+01 3.9316238403320313e+01 2.0652492046356201e+00
    2.6556094360351563e+02 4.6619296073913574e-02 10093055. -1.
    3.3480094909667969e+01 3.9316238403320313e+01 2.0652492046356201e+00
    3.1797027587890625e+02 4.6619296073913574e-02 10093055. -1.
    3.5455116271972656e+01 5.2186420440673828e+01 1.8488117456436157e+00
    2.5731170654296875e+02 5.9143900871276855e-02 2097663. -1.
    3.5890853881835938e+01 1.3695215225219727e+01 1.9647438526153564e+00
    1.0546987915039063e+02 4.3030574917793274e-02 6488575. -1.
    3.6076843261718750e+01 3.6432975769042969e+01 1.9415365457534790e+00
    8.2206176757812500e+01 1.7922950908541679e-02 5636607. -1.
    3.6076843261718750e+01 3.6432975769042969e+01 1.9415365457534790e+00
    1.8156410217285156e+02 1.7922950908541679e-02 5636607. -1.
    3.9457859039306641e+01 4.0654666900634766e+01 2.3086454868316650e+00
    1.8592001342773438e+02 5.0805620849132538e-02 1442559. -1.
    4.2929759979248047e+01 2.8345136642456055e+01 2.6771209239959717e+00
    2.2202073669433594e+02 5.3448919206857681e-02 12190463. -1.
    4.3233425140380859e+01 4.1310195922851563e+01 2.6668312549591064e+00
    4.0953399658203125e+01 7.9379513859748840e-02 11862783. -1.
    4.3408313751220703e+01 2.4469697952270508e+01 2.1615395545959473e+00
    3.1121398925781250e+02 9.2730648815631866e-02 13435391. -1.
    4.3833717346191406e+01 3.3843158721923828e+01 1.9687021970748901e+00
    1.7391328430175781e+02 3.9136901497840881e-02 6619647. -1.
    4.3833717346191406e+01 3.3843158721923828e+01 1.9687021970748901e+00
    2.0668208312988281e+02 3.9136901497840881e-02 6619647. -1.
    4.6044998168945313e+01 3.0437887191772461e+01 2.4940791130065918e+00
    3.4964031982421875e+02 9.0396404266357422e-02 7013119. -1.
    4.7606346130371094e+01 1.5069890975952148e+01 2.7554407119750977e+00
    1.2890174865722656e+02 4.7913778573274612e-02 14222079. -1.
    5.1800518035888672e+01 3.6335144042968750e+01 1.8632541894912720e+00
    2.0028857421875000e+02 5.2224300801753998e-02 2687487. -1.
    5.1901706695556641e+01 2.9861000061035156e+01 1.8688669204711914e+00
    1.6383813476562500e+02 5.4051734507083893e-02 2884095. -1.
    5.2504886627197266e+01 1.9814163208007813e+01 2.0872080326080322e+00
    1.4780763244628906e+02 2.0377734676003456e-02 10879487. -1.
    5.4690589904785156e+01 3.2767608642578125e+01 3.0925300121307373e+00
    2.0195219421386719e+02 8.3715938031673431e-02 5899263. -1.</data></keypoints>
