<?xml version="1.0"?>
<opencv_storage>
<keypoints type_id="opencv-matrix">
  <rows>75</rows>
  <cols>7</cols>
  <dt>d</dt>
  <data>
    3.8279922008514404e+00 2.8018756866455078e+01 1.8506964445114136e+00
    1.7886157226562500e+02 1.4180104248225689e-02 2163199. -1.
    4.9726862907409668e+00 5.5529632568359375e+01 3.3376622200012207e+00
    1.7025390625000000e+01 6.8537861108779907e-02 11404287. -1.
    7.5945992469787598e+00 4.9364104270935059e+00 4.7784399986267090e+00
    2.1172821044921875e+01 5.5464703589677811e-02 3932672. -1.
    8.0419530868530273e+00 7.8035919189453125e+01 3.1027512550354004e+00
    2.4008621215820313e+02 4.9506656825542450e-02 6095871. -1.
    8.1696567535400391e+00 1.2477624893188477e+01 2.5527379512786865e+00
    2.2575955200195313e+02 2.8584171086549759e-02 8717055. -1.
    9.3738536834716797e+00 2.1999252319335938e+01 4.1564569473266602e+00
    3.3260668945312500e+02 3.6125894635915756e-02 10551552. -1.
    9.8036165237426758e+00 5.2707496643066406e+01 3.0377681255340576e+00
    1.6150778198242188e+02 3.1636394560337067e-02 4588543. -1.
    1.2497697830200195e+01 8.2022621154785156e+01 3.0461328029632568e+00
    2.7821594238281250e+01 3.4418523311614990e-02 4785151. -1.
    1.2566938400268555e+01 8.1925039291381836e+00 2.7317080497741699e+00
    2.4142724609375000e+02 3.7389237433671951e-02 13632255. -1.
    1.3425674438476563e+01 5.5483627319335938e+01 1.9706283807754517e+00
    2.2812577819824219e+02 2.5161823257803917e-02 6685183. -1.
    1.3579477310180664e+01 3.7394321441650391e+01 1.8478271961212158e+00
    5.9956237792968750e+01 5.3527418524026871e-02 2032127. -1.
    1.5359960556030273e+01 9.8053255081176758e+00 1.8754523992538452e+00
    5.2393737792968750e+01 2.7517601847648621e-02 3146239. -1.
    1.5797453880310059e+01 7.0184234619140625e+01 1.8020893335342407e+00
    9.9357818603515625e+01 6.4637586474418640e-02 262655. -1.
    1.5873122215270996e+01 3.5840023040771484e+01 1.2710993766784668e+01
    2.2625244140625000e+01 2.2177625447511673e-02 7865089. -1.
    1.6066526412963867e+01 8.3492630004882813e+01 2.6852803230285645e+00
    2.8206024169921875e+01 4.0955007076263428e-02 12387071. -1.
    1.8684965133666992e+01 1.6377441406250000e+01 2.6034736633300781e+00
    6.2298461914062500e+01 2.3663148283958435e-02 10158847. -1.
    1.8906446456909180e+01 2.3201171875000000e+01 2.4393532276153564e+00
    2.3744696044921875e+02 4.5481812208890915e-02 5440255. -1.
    1.9922843933105469e+01 8.8801813125610352e+00 2.6379213333129883e+00
    3.4091247558593750e+02 5.6333966553211212e-02 11076351. -1.
    2.0257984161376953e+01 7.3566017150878906e+01 2.3500983715057373e+00
    2.3158905029296875e+01 4.8371296375989914e-02 2753279. -1.
    2.0257984161376953e+01 7.3566017150878906e+01 2.3500983715057373e+00
    1.6140994262695313e+02 4.8371296375989914e-02 2753279. -1.
    2.0322984695434570e+01 7.3189468383789063e+01 2.1586306095123291e+00
    1.5798995971679688e+02 4.8332434147596359e-02 13304319. -1.
    2.0501886367797852e+01 6.3791412353515625e+01 9.5584392547607422e+00
    2.2328164672851563e+02 3.6052100360393524e-02 3932673. -1.
    2.0501886367797852e+01 6.3791412353515625e+01 9.5584392547607422e+00
    3.0935583496093750e+02 3.6052100360393524e-02 3932673. -1.
    2.0755666732788086e+01 4.6761741638183594e+01 2.4509932994842529e+00
    2.0860757446289063e+02 3.7142552435398102e-02 5767935. -1.
    2.2437280654907227e+01 7.0195762634277344e+01 2.9308249950408936e+00
    6.2992858886718750e+00 3.6288641393184662e-02 2032639. -1.
    2.3875371932983398e+01 4.6846866607666016e+01 2.2908074855804443e+00
    3.4796105957031250e+02 1.5537250787019730e-02 918271. -1.
    2.4278383255004883e+01 1.5646585464477539e+01 2.3375809192657471e+00
    3.5821176147460938e+02 3.2294414937496185e-02 2360063. -1.
    2.5034645080566406e+01 8.1605621337890625e+01 2.5617709159851074e+00
    1.7960995483398438e+02 2.2141782566905022e-02 8979199. -1.
    2.5034645080566406e+01 8.1605621337890625e+01 2.5617709159851074e+00
    3.5786459350585938e+02 2.2141782566905022e-02 8979199. -1.
    2.6598600387573242e+01 6.8320266723632813e+01 3.0312404632568359e+00
    8.0467224121093750e+00 5.0715442746877670e-02 4457471. -1.
    2.6598600387573242e+01 6.8320266723632813e+01 3.0312404632568359e+00
    1.7347680664062500e+02 5.0715442746877670e-02 4457471. -1.
    2.6635471343994141e+01 6.8202476501464844e+01 2.9193937778472900e+00
    1.0705535888671875e+01 5.1056507974863052e-02 1704959. -1.
    2.6635471343994141e+01 6.8202476501464844e+01 2.9193937778472900e+00
    1.7327081298828125e+02 5.1056507974863052e-02 1704959. -1.
    2.7322532653808594e+01 2.2616140365600586e+01 2.1781759262084961e+00
    4.1467620849609375e+01 3.8946539163589478e-02 13959679. -1.
    2.7322532653808594e+01 2.2616140365600586e+01 2.1781759262084961e+00
    2.2200482177734375e+02 3.8946539163589478e-02 13959679. -1.
    3.0149986267089844e+01 2.6340820312500000e+01 3.9436790943145752e+00
    2.2431782531738281e+02 2.4337623268365860e-02 6750464. -1.
    3.1395238876342773e+01 7.0054542541503906e+01 3.7789351940155029e+00
    1.7357574462890625e+02 2.9886871576309204e-02 3670272. -1.
    3.2992015838623047e+01 6.1735969543457031e+01 2.1622757911682129e+00
    3.2025729370117188e+02 2.2737618535757065e-02 13435391. -1.
    3.4801910400390625e+01 2.9468278884887695e+01 4.4238348007202148e+00
    7.2577209472656250e+00 1.6214171424508095e-02 15073536. -1.
    3.4982486724853516e+01 3.2836166381835938e+01 2.1534783840179443e+00
    2.1064242553710938e+02 1.7395108938217163e-02 13107711. -1.
    3.7986968994140625e+01 6.8033264160156250e+01 1.9379223585128784e+00
    2.7897821044921875e+02 1.6369489952921867e-02 5505535. -1.
    4.0245201110839844e+01 7.3760284423828125e+01 3.0439794063568115e+00
    3.1991064453125000e+02 1.5135949477553368e-02 4719615. -1.
    4.2330001831054688e+01 1.7885402679443359e+01 4.1813807487487793e+00
    6.7676513671875000e+01 2.3019995540380478e-02 11010304. -1.
    4.2330001831054688e+01 1.7885402679443359e+01 4.1813807487487793e+00
    2.5149160766601563e+02 2.3019995540380478e-02 11010304. -1.
    4.3860210418701172e+01 4.3789596557617188e+01 1.9773024320602417e+00
    9.0168212890625000e+01 3.5294100642204285e-02 6947327. -1.
    4.4515377044677734e+01 7.8712028503417969e+01 2.7176239490509033e+00
    2.8206246948242188e+02 1.4459679834544659e-02 13239039. -1.
    4.4870742797851563e+01 3.9193237304687500e+01 4.4970011711120605e+00
    9.0013000488281250e+01 5.6414905935525894e-02 16253184. -1.
    4.8523708343505859e+01 3.6324871063232422e+01 1.9055690765380859e+00
    3.1469970703125000e+02 4.8005014657974243e-02 4260351. -1.
    5.0130462646484375e+01 2.0106283187866211e+01 2.6862685680389404e+00
    7.0383361816406250e+01 1.4888342469930649e-02 12387071. -1.
    5.0328041076660156e+01 5.7982463836669922e+01 1.5452076911926270e+01
    2.7405334472656250e+02 6.4761124551296234e-02 5243138. -1.
    5.4008327484130859e+01 2.4651836395263672e+01 2.5378606319427490e+00
    2.5351101684570313e+02 1.9377207383513451e-02 8323839. -1.
    5.6230823516845703e+01 7.4278244018554688e+01 7.8666520118713379e+00
    2.6869372558593750e+02 4.3141499161720276e-02 6553857. -1.
    5.6364490509033203e+01 5.2284896850585938e+01 2.1359739303588867e+00
    1.1004394531250000e+02 1.9310493022203445e-02 12517887. -1.
    5.7842147827148438e+01 2.3443946838378906e+01 2.6394824981689453e+00
    2.5532434082031250e+02 1.6268309205770493e-02 11141887. -1.
    6.0452880859375000e+01 8.9955158233642578e+00 2.1618309020996094e+00
    1.1208105468750000e+02 2.7238652110099792e-02 13435391. -1.
    6.1336753845214844e+01 3.3450485229492188e+01 2.2692575454711914e+00
    2.5647265625000000e+02 1.5148703940212727e-02 197375. -1.
    6.2133239746093750e+01 4.6926162719726563e+01 3.3815982341766357e+00
    1.0481208801269531e+02 5.4869443178176880e-02 12321791. -1.
    6.2690467834472656e+01 5.2331386566162109e+01 3.8141477108001709e+00
