<?xml version="1.0"?>
<opencv_storage>
<keypoints type_id="opencv-matrix">
  <rows>31</rows>
  <cols>7</cols>
  <dt>d</dt>
  <data>
    1.1616246223449707e+01 4.2202579498291016e+01 6.1331667900085449e+00
    3.2489672851562500e+02 2.1017741411924362e-02 5243648. -1.
    1.1637519836425781e+01 2.8122575759887695e+01 5.0468554496765137e+00
    3.2867370605468750e+01 2.0645026117563248e-02 7864832. -1.
    1.3158396720886230e+01 3.4495506286621094e+01 3.1189308166503906e+00
    3.6720458984375000e+01 7.8012779355049133e-02 6489087. -1.
    1.3158396720886230e+01 3.4495506286621094e+01 3.1189308166503906e+00
    3.2574758911132813e+02 7.8012779355049133e-02 6489087. -1.
    1.3158396720886230e+01 3.4495506286621094e+01 3.1189308166503906e+00
    3.5922192382812500e+02 7.8012779355049133e-02 6489087. -1.
    2.1933341979980469e+01 2.9419040679931641e+01 2.1071045398712158e+00
    2.0154669189453125e+02 7.3595456779003143e-02 11534847. -1.
    2.6534782409667969e+01 1.3247900962829590e+01 4.9052295684814453e+00
    5.6901977539062500e+01 2.0606286823749542e-02 5833216. -1.
    2.7813060760498047e+01 4.4814075469970703e+01 2.2753965854644775e+00
    1.0960443115234375e+02 8.9888572692871094e-02 393983. -1.
    3.0676485061645508e+01 4.2492183685302734e+01 2.2769682407379150e+00
    1.8939804077148438e+02 5.5469218641519547e-02 459519. -1.
    3.0797281265258789e+01 3.1970834732055664e+01 1.0659964561462402e+01
    4.2247131347656250e+01 4.0020592510700226e-02 11862529. -1.
    3.2132781982421875e+01 2.7102077484130859e+01 1.9126713275909424e+00
    3.4899047851562500e+02 1.3660354539752007e-02 4588031. -1.
    3.2281307220458984e+01 5.2650501251220703e+01 1.9292385578155518e+00
    2.5100234985351563e+02 8.7459482252597809e-02 5177855. -1.
    3.2497207641601563e+01 5.0128784179687500e+01 4.6795840263366699e+00
    2.5307264709472656e+02 5.7225305587053299e-02 2425344. -1.
    3.2497207641601563e+01 5.0128784179687500e+01 4.6795840263366699e+00
    2.9009191894531250e+02 5.7225305587053299e-02 2425344. -1.
    3.2501358032226563e+01 3.3446178436279297e+01 2.7278375625610352e+01
    4.9334350585937500e+01 3.1131403520703316e-02 12976898. -1.
    3.2501358032226563e+01 3.3446178436279297e+01 2.7278375625610352e+01
    1.1676443481445313e+02 3.1131403520703316e-02 12976898. -1.
    3.2501358032226563e+01 3.3446178436279297e+01 2.7278375625610352e+01
    3.3145983886718750e+02 3.1131403520703316e-02 12976898. -1.
    3.2680183410644531e+01 1.7422933578491211e+01 6.0498328208923340e+00
    5.7630126953125000e+01 6.5909206867218018e-02 4260608. -1.
    3.2680183410644531e+01 1.7422933578491211e+01 6.0498328208923340e+00
    1.2321664428710938e+02 6.5909206867218018e-02 4260608. -1.
    3.2698013305664063e+01 1.4893228530883789e+01 3.1189486980438232e+00
    4.7574371337890625e+01 7.4550710618495941e-02 6489087. -1.
    3.2698013305664063e+01 1.4893228530883789e+01 3.1189486980438232e+00
    1.2946073913574219e+02 7.4550710618495941e-02 6489087. -1.
    3.3197368621826172e+01 4.5788635253906250e+01 2.4440517425537109e+00
    9.6421325683593750e+01 7.4457667768001556e-02 5571327. -1.
    3.3638111114501953e+01 2.2311540603637695e+01 1.8992210626602173e+00
    2.7843084716796875e+02 4.1034247726202011e-02 4063743. -1.
    3.4280708312988281e+01 3.5085334777832031e+01 2.5444908142089844e+00
    1.9261062622070313e+02 1.4136377722024918e-02 8520447. -1.
    3.8845165252685547e+01 1.3023922920227051e+01 5.0022640228271484e+00
    1.2344834899902344e+02 2.2013882175087929e-02 7275008. -1.
    4.1526321411132813e+01 3.8034015655517578e+01 2.1478369235992432e+00
    2.6378173828125000e+01 5.1072187721729279e-02 12911103. -1.
    4.6867591857910156e+01 3.0884208679199219e+01 1.9077764749526978e+00
    1.6397445678710938e+02 7.2718307375907898e-02 4391423. -1.
    4.6867591857910156e+01 3.0884208679199219e+01 1.9077764749526978e+00
    3.4397064208984375e+02 7.2718307375907898e-02 4391423. -1.
    5.2232246398925781e+01 3.4471942901611328e+01 3.1292421817779541e+00
    1.5199188232421875e+02 8.2718379795551300e-02 6751231. -1.
    5.2232246398925781e+01 3.4471942901611328e+01 3.1292421817779541e+00
    2.1211410522460938e+02 8.2718379795551300e-02 6751231. -1.
    5.4034927368164063e+01 2.8011924743652344e+01 5.2522850036621094e+00
    1.4754728698730469e+02 2.1021382883191109e-02 10748416. -1.</data></keypoints>
