<?xml version="1.0"?>
<opencv_storage>
<keypoints type_id="opencv-matrix">
  <rows>39</rows>
  <cols>7</cols>
  <dt>d</dt>
  <data>
    1.7408576965332031e+01 5.7038284301757813e+01 2.3992040157318115e+00
    3.7084960937500000e-01 9.5880217850208282e-02 4260607. -1.
    1.7408576965332031e+01 5.7038284301757813e+01 2.3992040157318115e+00
    4.8321411132812500e+01 9.5880217850208282e-02 4260607. -1.
    1.7408576965332031e+01 5.7038284301757813e+01 2.3992040157318115e+00
    3.0209686279296875e+02 9.5880217850208282e-02 4260607. -1.
    1.7449045181274414e+01 4.5482353210449219e+01 2.3622763156890869e+00
    5.7194152832031250e+01 1.0953852534294128e-01 3146495. -1.
    1.7449045181274414e+01 4.5482353210449219e+01 2.3622763156890869e+00
    3.1022232055664063e+02 1.0953852534294128e-01 3146495. -1.
    1.7449045181274414e+01 4.5482353210449219e+01 2.3622763156890869e+00
    3.5854156494140625e+02 1.0953852534294128e-01 3146495. -1.
    1.7470920562744141e+01 3.3924980163574219e+01 2.3460595607757568e+00
    5.5757659912109375e+01 1.1744151264429092e-01 2622207. -1.
    1.7470920562744141e+01 3.3924980163574219e+01 2.3460595607757568e+00
    3.0654986572265625e+02 1.1744151264429092e-01 2622207. -1.
    1.7502286911010742e+01 2.2347024917602539e+01 2.3411431312561035e+00
    5.7036712646484375e+01 1.3273686170578003e-01 2491135. -1.
    1.7502286911010742e+01 2.2347024917602539e+01 2.3411431312561035e+00
    3.1075778198242188e+02 1.3273686170578003e-01 2491135. -1.
    1.9246841430664063e+01 5.1251190185546875e+01 2.5311665534973145e+00
    3.0692111206054688e+02 7.2999000549316406e-02 8127231. -1.
    1.9246841430664063e+01 5.1251190185546875e+01 2.5311665534973145e+00
    3.5863278198242188e+02 7.2999000549316406e-02 8127231. -1.
    1.9361742019653320e+01 2.8118690490722656e+01 2.5211613178253174e+00
    8.1597900390625000e+00 9.1027900576591492e-02 7799551. -1.
    1.9361742019653320e+01 2.8118690490722656e+01 2.5211613178253174e+00
    5.2137756347656250e+01 9.1027900576591492e-02 7799551. -1.
    1.9361742019653320e+01 2.8118690490722656e+01 2.5211613178253174e+00
    3.0716110229492188e+02 9.1027900576591492e-02 7799551. -1.
    1.9630153656005859e+01 6.3077671051025391e+01 3.0030424594879150e+00
    2.8041635131835938e+02 7.5571775436401367e-02 3736575. -1.
    1.9692995071411133e+01 1.6375049591064453e+01 2.8497543334960938e+00
    8.2540985107421875e+01 1.0825227946043015e-01 16712447. -1.
    2.6157402038574219e+01 5.7307376861572266e+01 1.2017138481140137e+01
    3.4674737548828125e+02 7.5241632759571075e-02 3801857. -1.
    3.3743934631347656e+01 6.3651943206787109e+01 2.4618079662322998e+00
    2.6657739257812500e+02 6.1070546507835388e-02 6095615. -1.
    3.4005390167236328e+01 2.6566581726074219e+01 2.0609807968139648e+01
    1.2944030761718750e+00 1.3134835660457611e-01 9372162. -1.
    3.4005390167236328e+01 2.6566581726074219e+01 2.0609807968139648e+01
    8.7407470703125000e+01 1.3134835660457611e-01 9372162. -1.
    3.4005390167236328e+01 2.6566581726074219e+01 2.0609807968139648e+01
    1.7851019287109375e+02 1.3134835660457611e-01 9372162. -1.
    3.4005390167236328e+01 2.6566581726074219e+01 2.0609807968139648e+01
    2.2585882568359375e+02 1.3134835660457611e-01 9372162. -1.
    3.4297256469726563e+01 6.3844028472900391e+01 2.1391961574554443e+00
    2.6630175781250000e+02 6.1416573822498322e-02 12648959. -1.
    4.7061996459960938e+01 4.5535469055175781e+01 2.0878746509552002e+00
    5.0414428710937500e+00 9.8253056406974792e-02 10879487. -1.
    4.7061996459960938e+01 4.5535469055175781e+01 2.0878746509552002e+00
    1.7475375366210938e+02 9.8253056406974792e-02 10879487. -1.
    4.7546817779541016e+01 5.1796424865722656e+01 2.6234371662139893e+00
    2.7486666870117188e+02 8.6793057620525360e-02 10683135. -1.
    4.7546817779541016e+01 5.1796424865722656e+01 2.6234371662139893e+00
    3.5496875000000000e+02 8.6793057620525360e-02 10683135. -1.
    4.8447090148925781e+01 3.1447402954101563e+01 2.7303984165191650e+00
    1.8673402404785156e+02 7.5350783765316010e-02 13566719. -1.
    5.1936817169189453e+01 5.2275066375732422e+01 2.1379802227020264e+00
    2.6488192749023438e+02 8.5161916911602020e-02 12583423. -1.
    5.4804283142089844e+01 1.5935441970825195e+01 2.3811972141265869e+00
    9.8847076416015625e+01 1.0396008938550949e-01 3670783. -1.
    5.4804283142089844e+01 1.5935441970825195e+01 2.3811972141265869e+00
    1.6940625000000000e+02 1.0396008938550949e-01 3670783. -1.
    5.5408889770507813e+01 3.3375083923339844e+01 2.2916638851165771e+00
    1.8882376098632813e+02 9.3467727303504944e-02 918271. -1.
    5.5408889770507813e+01 3.3375083923339844e+01 2.2916638851165771e+00
    3.5278140258789063e+02 9.3467727303504944e-02 918271. -1.
    5.5419937133789063e+01 3.3474254608154297e+01 2.2571053504943848e+00
    1.8650650024414063e+02 9.2784523963928223e-02 16515583. -1.
    5.5419937133789063e+01 3.3474254608154297e+01 2.2571053504943848e+00
    3.5578372192382813e+02 9.2784523963928223e-02 16515583. -1.
    6.0835517883300781e+01 5.0091945648193359e+01 5.5300564765930176e+00
    2.2568176269531250e+01 1.0687433183193207e-01 14483968. -1.
    6.0835517883300781e+01 5.0091945648193359e+01 5.5300564765930176e+00
    1.5712492370605469e+02 1.0687433183193207e-01 14483968. -1.
    6.0835517883300781e+01 5.0091945648193359e+01 5.5300564765930176e+00
    2.1200360107421875e+02 1.0687433183193207e-01 14483968. -1.</data></keypoints>
