<?xml version="1.0"?>
<opencv_storage>
<keypoints type_id="opencv-matrix">
  <rows>67</rows>
  <cols>7</cols>
  <dt>d</dt>
  <data>
    3.8908541202545166e+00 8.5634147644042969e+01 2.1653995513916016e+00
    1.4101150512695313e+02 2.1584680303931236e-02 13500927. -1.
    6.2435708045959473e+00 8.0079421997070313e+01 4.9383273124694824e+00
    1.3731808471679688e+02 1.7431627959012985e-02 6291968. -1.
    9.9451513290405273e+00 7.0420509338378906e+01 2.3121156692504883e+00
    5.1187683105468750e+01 1.3666211627423763e-02 1573631. -1.
    1.1445347785949707e+01 1.2430285453796387e+01 2.4931793212890625e+00
    9.8693237304687500e+00 7.7213086187839508e-02 7013119. -1.
    1.1445347785949707e+01 1.2430285453796387e+01 2.4931793212890625e+00
    8.3550384521484375e+01 7.7213086187839508e-02 7013119. -1.
    1.2688712120056152e+01 7.5016944885253906e+01 4.7645621299743652e+00
    2.7848764038085938e+02 1.4726462773978710e-02 3736064. -1.
    1.2854203224182129e+01 2.9188627243041992e+01 5.7412347793579102e+00
    3.2963537597656250e+02 2.2119581699371338e-02 525056. -1.
    1.4480631828308105e+01 1.5666386604309082e+01 9.1237726211547852e+00
    9.5814666748046875e+01 2.9758084565401077e-02 590337. -1.
    1.4480631828308105e+01 1.5666386604309082e+01 9.1237726211547852e+00
    3.4320574951171875e+02 2.9758084565401077e-02 590337. -1.
    1.5708938598632813e+01 1.2560464859008789e+01 2.4352612495422363e+00
    1.5592573547363281e+02 6.9713279604911804e-02 5309183. -1.
    1.5858353614807129e+01 8.8378572463989258e+00 2.4627382755279541e+00
    4.0298187255859375e+01 5.0818208605051041e-02 6095615. -1.
    1.5858353614807129e+01 8.8378572463989258e+00 2.4627382755279541e+00
    1.4547665405273438e+02 5.0818208605051041e-02 6095615. -1.
    1.8910495758056641e+01 5.2146919250488281e+01 1.0608638763427734e+01
    3.5445861816406250e+00 2.4931391701102257e-02 11469313. -1.
    1.9104911804199219e+01 1.6535861968994141e+01 2.0801904201507568e+00
    1.1959933471679688e+02 7.3768571019172668e-02 10617343. -1.
    1.9104911804199219e+01 1.6535861968994141e+01 2.0801904201507568e+00
    2.5654299926757813e+02 7.3768571019172668e-02 10617343. -1.
    1.9687591552734375e+01 1.2744210243225098e+01 2.6431632041931152e+00
    1.0293063354492188e+02 7.1136429905891418e-02 11272959. -1.
    1.9687591552734375e+01 1.2744210243225098e+01 2.6431632041931152e+00
    1.6843284606933594e+02 7.1136429905891418e-02 11272959. -1.
    2.0007089614868164e+01 2.3099246978759766e+01 1.8256467580795288e+00
    4.5569763183593750e+01 7.5005508959293365e-02 1180159. -1.
    2.2681760787963867e+01 1.9341417312622070e+01 2.2585580348968506e+00
    3.9346130371093750e+01 7.7335633337497711e-02 16581119. -1.
    2.2808698654174805e+01 6.1684246063232422e+01 3.2360436916351318e+00
    3.4256686401367188e+02 1.4826145023107529e-02 9176063. -1.
    2.6095098495483398e+01 5.0835853576660156e+01 2.1135964393615723e+00
    3.5056719970703125e+02 2.1056605502963066e-02 11796991. -1.
    2.9657569885253906e+01 3.5613536834716797e+01 2.4150655269622803e+00
    3.6283874511718750e+01 2.8328087180852890e-02 4719359. -1.
    3.0031358718872070e+01 4.9166316986083984e+01 4.3824782371520996e+00
    3.5429244995117188e+02 4.4857278466224670e-02 14418176. -1.
    3.1686603546142578e+01 3.9337448120117188e+01 4.1141943931579590e+00
    3.0406250000000000e+01 5.9633653610944748e-02 9830656. -1.
    3.5923553466796875e+01 6.9443496704101563e+01 2.0104999542236328e+00
    3.1909405517578125e+02 3.5880487412214279e-02 8192511. -1.
    3.8117942810058594e+01 7.3695487976074219e+01 2.9085631370544434e+00
    2.5072264099121094e+02 1.8792027607560158e-02 1442815. -1.
    3.8142700195312500e+01 5.0554607391357422e+01 1.8191219568252563e+00
    3.5899993896484375e+01 3.2508209347724915e-02 918015. -1.
    3.8142700195312500e+01 5.0554607391357422e+01 1.8191219568252563e+00
    1.4824731445312500e+02 3.2508209347724915e-02 918015. -1.
    4.0801193237304688e+01 5.0546722412109375e+01 1.9535630941390991e+00
    3.4045162963867188e+02 3.5977140069007874e-02 6095359. -1.
    4.0854778289794922e+01 6.7687805175781250e+01 5.3311924934387207e+00
    2.4401663208007813e+02 3.8222432136535645e-02 11862528. -1.
    4.0944152832031250e+01 5.6091972351074219e+01 1.7900671005249023e+01
    3.7640380859375000e-01 5.4252520203590393e-02 15925506. -1.
    4.1661827087402344e+01 5.8922275543212891e+01 3.1718423366546631e+00
    1.4228515625000000e+02 2.0260673016309738e-02 7734271. -1.
    4.3055446624755859e+01 5.9705581665039063e+01 2.4906301498413086e+00
    1.4285203552246094e+02 2.1424144506454468e-02 6947583. -1.
    4.3657215118408203e+01 9.5739288330078125e+00 7.7066674232482910e+00
    6.2398895263671875e+01 2.1161006763577461e-02 5112065. -1.
    4.5017662048339844e+01 6.6416046142578125e+01 2.2131495475769043e+00
    2.3300332641601563e+02 2.6542836800217628e-02 15139327. -1.
    4.7038436889648438e+01 4.9475975036621094e+00 1.9714607000350952e+00
    9.0123504638671875e+01 2.1224679425358772e-02 6750719. -1.
    4.7378368377685547e+01 7.1542343139648438e+01 4.8403840065002441e+00
    4.1482299804687500e+01 6.0172017663717270e-02 4850176. -1.
    4.7378368377685547e+01 7.1542343139648438e+01 4.8403840065002441e+00
    2.4318975830078125e+02 6.0172017663717270e-02 4850176. -1.
    4.8796916961669922e+01 5.2764522552490234e+01 5.6953291893005371e+00
    1.2910011291503906e+02 3.9415903389453888e-02 16646656. -1.
    5.1448932647705078e+01 4.7317279815673828e+01 3.5431442260742188e+00
    1.2243299865722656e+02 4.4111445546150208e-02 15729663. -1.
    5.2099224090576172e+01 6.0979644775390625e+01 2.6277873516082764e+00
    2.8131774902343750e+02 3.1370781362056732e-02 10814207. -1.
    5.2377647399902344e+01 7.5755681991577148e+00 3.1806397438049316e+00
    9.6070312500000000e+01 1.3761348091065884e-02 7930879. -1.
    5.2561824798583984e+01 5.2084075927734375e+01 2.8748528957366943e+00
    1.1580838012695313e+02 4.1367676109075546e-02 590847. -1.
    5.2665641784667969e+01 3.6529182434082031e+01 2.5333981513977051e+00
    1.5876385498046875e+02 1.4817275106906891e-02 8192767. -1.
    5.2665641784667969e+01 3.6529182434082031e+01 2.5333981513977051e+00
    3.1779830932617188e+02 1.4817275106906891e-02 8192767. -1.
    5.3001907348632813e+01 6.6529975891113281e+01 1.9354391098022461e+00
    2.6193621826171875e+02 5.1321532577276230e-02 5439999. -1.
    5.5102516174316406e+01 6.1343929290771484e+01 4.3206524848937988e+00
    2.3421359252929688e+02 3.6255624145269394e-02 13369600. -1.
    5.6231822967529297e+01 3.0525825500488281e+01 1.9104232788085938e+00
    1.7598297119140625e+01 1.8506823107600212e-02 4456959. -1.
    5.6231822967529297e+01 3.0525825500488281e+01 1.9104232788085938e+00
    3.2959820556640625e+02 1.8506823107600212e-02 4456959. -1.
    5.6471248626708984e+01 5.3957122802734375e+01 3.3565781116485596e+00
    3.5634521484375000e+01 3.0801665037870407e-02 11797503. -1.
    5.6471248626708984e+01 5.3957122802734375e+01 3.3565781116485596e+00
    1.8477261352539063e+02 3.0801665037870407e-02 11797503. -1.
    6.2201164245605469e+01 7.0032226562500000e+01 7.5099205970764160e+00
    1.2937850952148438e+02 4.8167441040277481e-02 3211521. -1.
    6.3084625244140625e+01 5.3277202606201172e+01 4.5202989578247070e+00
    1.3005302429199219e+02 6.0133624821901321e-02 16646400. -1.
    6.3084625244140625e+01 5.3277202606201172e+01 4.5202989578247070e+00
    1.9569113159179688e+02 6.0133624821901321e-02 16646400. -1.
    6.3408554077148438e+01 4.7298194885253906e+01 2.6105556488037109e+00
    1.1531973266601563e+02 2.5985216721892357e-02 10355455. -1.
    6.5378257751464844e+01 2.6791997909545898e+01 4.6145219802856445e+00
    1.6397621154785156e+02 1.4194197952747345e-02 1442304. -1.
    6.5378257751464844e+01 2.6791997909545898e+01 4.6145219802856445e+00
    1.9403479003906250e+02 1.4194197952747345e-02 1442304. -1.
    6.6994018554687500e+01 7.0193984985351563e+01 1.8833742141723633e+00
