<?xml version="1.0"?>
<opencv_storage>
<keypoints type_id="opencv-matrix">
  <rows>76</rows>
  <cols>7</cols>
  <dt>d</dt>
  <data>
    6.7304801940917969e+00 6.0831394195556641e+01 4.2179169654846191e+00
    2.1859173583984375e+02 4.2741417884826660e-02 11600128. -1.
    7.2691922187805176e+00 7.2969573974609375e+01 4.7117681503295898e+00
    8.1883056640625000e+01 3.1419601291418076e-02 2949632. -1.
    8.4738521575927734e+00 1.0795538902282715e+01 3.2118535041809082e+00
    5.0726806640625000e+01 3.3659003674983978e-02 8651775. -1.
    9.5932359695434570e+00 2.2175575256347656e+01 5.3700599670410156e+00
    4.9900817871093750e+00 2.6383319869637489e-02 12386816. -1.
    1.0163308143615723e+01 1.5452377319335938e+01 3.0938260555267334e+00
    5.0484832763671875e+01 7.7065162360668182e-02 5899263. -1.
    1.0163308143615723e+01 1.5452377319335938e+01 3.0938260555267334e+00
    2.9097467041015625e+02 7.7065162360668182e-02 5899263. -1.
    1.5614993095397949e+01 2.4319849014282227e+01 1.8516666889190674e+00
    2.6295196533203125e+01 6.9460518658161163e-02 2228735. -1.
    1.5672725677490234e+01 1.0744338989257813e+01 3.0126299858093262e+00
    3.2397949218750000e+01 5.5004548281431198e-02 3998719. -1.
    1.6376255035400391e+01 2.6380752563476563e+01 4.2550129890441895e+00
    4.3356018066406250e+00 6.5203391015529633e-02 12255488. -1.
    1.6376255035400391e+01 2.6380752563476563e+01 4.2550129890441895e+00
    2.0322251892089844e+02 6.5203391015529633e-02 12255488. -1.
    1.7855295181274414e+01 2.1506816864013672e+01 1.8551816940307617e+00
    1.7974258422851563e+02 8.2483865320682526e-02 2359807. -1.
    1.8676778793334961e+01 1.2477244377136230e+01 1.2302050590515137e+01
    3.3377075195312500e+00 3.6234248429536819e-02 5505793. -1.
    1.8676778793334961e+01 1.2477244377136230e+01 1.2302050590515137e+01
    1.8468513488769531e+02 3.6234248429536819e-02 5505793. -1.
    2.0801763534545898e+01 1.5510925292968750e+01 2.7946329116821289e+00
    1.2950131225585938e+02 5.2920006215572357e-02 15270655. -1.
    2.0801763534545898e+01 1.5510925292968750e+01 2.7946329116821289e+00
    2.7014556884765625e+02 5.2920006215572357e-02 15270655. -1.
    2.1705718994140625e+01 2.5978700637817383e+01 3.3346917629241943e+00
    1.9911608886718750e+02 3.0562087893486023e-02 11338751. -1.
    2.3420406341552734e+01 6.6674070358276367e+00 3.1668050289154053e+00
    1.5902658081054688e+02 2.1259618923068047e-02 7603199. -1.
    2.3506895065307617e+01 6.7363746643066406e+01 2.1255197525024414e+00
    1.4128125000000000e+02 1.4384688809514046e-02 12190207. -1.
    2.3868865966796875e+01 6.2821918487548828e+01 1.4379608154296875e+01
    3.5327355957031250e+02 4.2629405856132507e-02 65794. -1.
    2.3990020751953125e+01 7.8748847961425781e+01 2.0944786071777344e+00
    1.0225891113281250e+01 3.5884264856576920e-02 11141631. -1.
    2.5085069656372070e+01 6.2904342651367188e+01 1.3549837112426758e+01
    3.4563446044921875e+02 4.2564012110233307e-02 12452609. -1.
    2.5282049179077148e+01 7.4864707946777344e+01 2.5827276706695557e+00
    1.2096066284179688e+02 5.9900056570768356e-02 9569023. -1.
    2.6420524597167969e+01 9.9425649642944336e+00 2.8311386108398438e+00
    1.4699302673339844e+02 2.2348903119564056e-02 16188159. -1.
    2.7212665557861328e+01 4.7111457824707031e+01 2.9660055637359619e+00
    3.3445117187500000e+02 5.6326463818550110e-02 2884607. -1.
    3.1392230987548828e+01 2.4256618499755859e+01 2.7730114459991455e+00
    5.0400299072265625e+01 1.6012430191040039e-02 14680831. -1.
    3.1392230987548828e+01 2.4256618499755859e+01 2.7730114459991455e+00
    2.3624314880371094e+02 1.6012430191040039e-02 14680831. -1.
    3.1631711959838867e+01 4.1080463409423828e+01 1.9923247098922729e+00
    1.1801742553710938e+02 4.3726384639739990e-02 7537151. -1.
    3.4208553314208984e+01 7.9945640563964844e+01 2.6600911617279053e+00
    1.0955612182617188e+02 7.0056639611721039e-02 11731711. -1.
    3.4359096527099609e+01 3.4611900329589844e+01 2.5841143131256104e+00
    2.4744728088378906e+02 1.5649277716875076e-02 9634559. -1.
    3.5035144805908203e+01 6.9016342163085938e+01 2.0727958679199219e+00
    1.0712318420410156e+02 6.4221486449241638e-02 10355199. -1.
    3.5035144805908203e+01 6.9016342163085938e+01 2.0727958679199219e+00
    3.1232723999023438e+02 6.4221486449241638e-02 10355199. -1.
    3.5144065856933594e+01 5.8696659088134766e+01 2.9262065887451172e+00
    3.0960180664062500e+02 6.1585366725921631e-02 1901567. -1.
    3.7052505493164063e+01 3.8721336364746094e+01 4.0247259140014648e+00
    7.0445495605468750e+01 4.0840268135070801e-02 8257792. -1.
    3.7915412902832031e+01 1.0534265518188477e+01 2.1752898693084717e+00
    6.1503173828125000e+01 1.5952829271554947e-02 13828607. -1.
    3.8886222839355469e+01 8.1201171875000000e+01 2.2959797382354736e+00
    1.7024354553222656e+02 5.0207361578941345e-02 1049343. -1.
    3.9388931274414063e+01 4.4104125976562500e+01 3.8950138092041016e+00
    7.2497497558593750e+01 5.9959519654512405e-02 5832960. -1.
    4.2516796112060547e+01 2.0218864440917969e+01 2.4368896484375000e+01
    8.2714263916015625e+01 2.1688707172870636e-02 4784898. -1.
    4.2614177703857422e+01 8.2646125793457031e+01 3.0466728210449219e+00
    2.4178314208984375e+01 3.7568226456642151e-02 4785151. -1.
    4.2614177703857422e+01 8.2646125793457031e+01 3.0466728210449219e+00
    3.5191339111328125e+02 3.7568226456642151e-02 4785151. -1.
    4.4118579864501953e+01 2.0932823181152344e+01 2.6718866825103760e+00
    2.7982736206054688e+02 2.3260682821273804e-02 11993855. -1.
    4.5453201293945313e+01 7.9510696411132813e+01 1.9217064380645752e+00
    6.3186035156250000e+00 5.9566181153059006e-02 4915711. -1.
    4.5610172271728516e+01 7.8357849121093750e+01 2.9520847797393799e+00
    3.5746707153320313e+02 5.3174719214439392e-02 2556927. -1.
    4.7323577880859375e+01 7.3209465026855469e+01 3.0695788860321045e+00
    7.7270507812500000e+00 6.1164453625679016e-02 5374975. -1.
    4.7539249420166016e+01 4.3400180816650391e+01 6.0345587730407715e+00
    6.1902069091796875e+01 5.6372426450252533e-02 4129536. -1.
    4.9946083068847656e+01 5.8204849243164063e+01 2.1413375854492188e+01
    1.4901205444335938e+02 7.5999371707439423e-02 12124674. -1.
    4.9946083068847656e+01 5.8204849243164063e+01 2.1413375854492188e+01
    3.5828436279296875e+02 7.5999371707439423e-02 12124674. -1.
    5.0888809204101563e+01 7.5758995056152344e+01 3.9253861904144287e+00
    1.1410522460937500e-01 5.8026205748319626e-02 6422784. -1.
    5.3275787353515625e+01 4.8157157897949219e+01 1.9530740976333618e+00
    4.7467498779296875e+01 1.4637597836554050e-02 6095359. -1.
    5.3275787353515625e+01 4.8157157897949219e+01 1.9530740976333618e+00
    3.3931677246093750e+02 1.4637597836554050e-02 6095359. -1.
    5.3419628143310547e+01 2.0490221023559570e+01 3.3199374675750732e+00
    2.4878216552734375e+02 2.7336619794368744e-02 11011071. -1.
    5.4912391662597656e+01 4.4097488403320313e+01 2.9450967311859131e+00
    3.9011566162109375e+01 5.2781708538532257e-02 2360319. -1.
    5.6862018585205078e+01 1.1285585403442383e+01 3.9554162025451660e+00
    3.1644985961914063e+02 2.9103025794029236e-02 6947072. -1.
    5.7672100067138672e+01 6.6861793518066406e+01 2.8273334503173828e+00
    2.2312760925292969e+02 3.3615738153457642e-02 16122623. -1.
    5.8116073608398438e+01 8.4471817016601563e+01 3.4814784526824951e+00
    2.4040881347656250e+02 4.5354373753070831e-02 14484479. -1.
    5.8651226043701172e+01 3.2666458129882813e+01 2.5009222030639648e+00
    1.8255645751953125e+01 8.5286773741245270e-02 7209727. -1.
    5.9112140655517578e+01 3.6944274902343750e+01 4.5682029724121094e+00
    2.5516906738281250e+01 7.8628346323966980e-02 655872. -1.
    5.9112140655517578e+01 3.6944274902343750e+01 4.5682029724121094e+00
    1.5717532348632813e+02 7.8628346323966980e-02 655872. -1.
    5.9557399749755859e+01 4.2224620819091797e+01 3.1255247592926025e+00
