<?xml version="1.0"?>
<opencv_storage>
<keypoints type_id="opencv-matrix">
  <rows>55</rows>
  <cols>7</cols>
  <dt>d</dt>
  <data>
    3.9773612022399902e+00 7.9239067077636719e+01 3.2079322338104248e+00
    2.4208139038085938e+02 1.6426218673586845e-02 8520703. -1.
    5.2272577285766602e+00 5.3970153808593750e+01 4.1045117378234863e+00
    1.3569464111328125e+02 2.9118126258254051e-02 9634048. -1.
    5.2272577285766602e+00 5.3970153808593750e+01 4.1045117378234863e+00
    1.7503344726562500e+02 2.9118126258254051e-02 9634048. -1.
    5.8272814750671387e+00 4.3764976501464844e+01 5.1850705146789551e+00
    2.2507022094726563e+02 2.2817660123109818e-02 9830912. -1.
    5.9210262298583984e+00 4.9374313354492188e+01 2.2292451858520508e+00
    1.0801658630371094e+02 4.9663834273815155e-02 15663615. -1.
    5.9210262298583984e+00 4.9374313354492188e+01 2.2292451858520508e+00
    2.4089279174804688e+02 4.9663834273815155e-02 15663615. -1.
    9.2567453384399414e+00 5.7652252197265625e+01 1.8224595785140991e+00
    8.2245758056640625e+01 4.9020368605852127e-02 1049087. -1.
    1.0138425827026367e+01 2.0016323089599609e+01 2.2218985557556152e+00
    2.6816082763671875e+02 6.5215587615966797e-02 15401471. -1.
    1.0138425827026367e+01 2.0016323089599609e+01 2.2218985557556152e+00
    3.5541799926757813e+02 6.5215587615966797e-02 15401471. -1.
    1.1812839508056641e+01 2.2982898712158203e+01 2.1051766872406006e+00
    2.6479827880859375e+02 3.6563701927661896e-02 11469311. -1.
    1.4341650962829590e+01 8.5623489379882813e+01 2.0557496547698975e+00
    9.0063507080078125e+01 4.8537719994783401e-02 9765375. -1.
    1.4341650962829590e+01 8.5623489379882813e+01 2.0557496547698975e+00
    2.0207164001464844e+02 4.8537719994783401e-02 9765375. -1.
    1.4968714714050293e+01 7.3087745666503906e+01 6.3793601989746094e+00
    2.1989656066894531e+02 3.4477110952138901e-02 8127232. -1.
    1.6727933883666992e+01 2.0811727523803711e+01 2.0183396339416504e+00
    7.2828765869140625e+01 5.3785800933837891e-02 8454655. -1.
    1.6727933883666992e+01 2.0811727523803711e+01 2.0183396339416504e+00
    2.6511029052734375e+02 5.3785800933837891e-02 8454655. -1.
    1.7388990402221680e+01 4.3655921936035156e+01 5.1139526367187500e+00
    2.1049121093750000e+02 1.9304260611534119e-02 8847872. -1.
    1.9378067016601563e+01 6.8585014343261719e+01 2.0491008758544922e+00
    1.9178755187988281e+02 3.7607770413160324e-02 9568767. -1.
    1.9789354324340820e+01 3.9923386573791504e+00 3.4336037635803223e+00
    2.8618551635742188e+02 1.5074138529598713e-02 13435903. -1.
    2.5042865753173828e+01 3.7598476409912109e+01 1.9229217529296875e+01
    5.0153533935546875e+01 3.8662377744913101e-02 4391426. -1.
    2.5392965316772461e+01 9.0889348983764648e+00 2.0841500759124756e+00
    1.3180815124511719e+02 1.4524037949740887e-02 10748415. -1.
    2.6549503326416016e+01 6.6373931884765625e+01 8.1706266403198242e+00
    3.2870654296875000e+02 4.5778855681419373e-02 9306369. -1.
    3.2084907531738281e+01 5.7713199615478516e+01 5.4962620735168457e+00
    3.3060043334960938e+02 5.0506301224231720e-02 14025216. -1.
    3.4595005035400391e+01 4.8626579284667969e+01 2.5892152786254883e+00
    7.5391754150390625e+01 6.1687778681516647e-02 9765631. -1.
    3.4595005035400391e+01 4.8626579284667969e+01 2.5892152786254883e+00
    3.4898986816406250e+02 6.1687778681516647e-02 9765631. -1.
    3.5261856079101563e+01 1.9678310394287109e+01 3.3662414550781250e+00
    9.2659545898437500e+01 1.8295340240001678e-02 11994111. -1.
    3.7489772796630859e+01 4.3811321258544922e+01 3.5140690803527832e+00
    6.9601318359375000e+01 5.4601844400167465e-02 15139839. -1.
    4.0687118530273438e+01 2.2268770217895508e+01 2.4411754608154297e+00
    8.1105560302734375e+01 1.7789248377084732e-02 5505791. -1.
    4.2758846282958984e+01 2.6585936546325684e+00 2.7768771648406982e+00
    2.4566458129882813e+02 2.2346965968608856e-02 14811903. -1.
    4.3229862213134766e+01 8.1859535217285156e+01 4.2275457382202148e+00
    3.5168939208984375e+02 2.2749830037355423e-02 11796736. -1.
    4.3306083679199219e+01 4.5844867706298828e+01 3.6377174854278564e+00
    6.8238433837890625e+01 4.4201128184795380e-02 917760. -1.
    4.3494674682617188e+01 4.5362720489501953e+01 3.1873238086700439e+00
    6.5292663574218750e+01 4.5698966830968857e-02 8061951. -1.
    4.4881038665771484e+01 7.5441490173339844e+01 2.1021125316619873e+00
    2.9586901855468750e+02 3.5522595047950745e-02 11403775. -1.
    4.5653762817382813e+01 5.8872783660888672e+01 1.9707357406616211e+01
    4.6582763671875000e+01 9.9353939294815063e-02 6160898. -1.
    4.5653762817382813e+01 5.8872783660888672e+01 1.9707357406616211e+01
    3.1231317138671875e+02 9.9353939294815063e-02 6160898. -1.
    4.7043212890625000e+01 2.2289314270019531e+01 2.4405198097229004e+00
    2.1379609680175781e+02 1.5649244189262390e-02 5440255. -1.
    5.1935619354248047e+01 8.6971654891967773e+00 2.1560332775115967e+00
    2.7143334960937500e+02 1.7040906473994255e-02 13238783. -1.
    5.2663574218750000e+01 7.6540527343750000e+01 2.5636553764343262e+00
    2.3753457641601563e+02 2.8252236545085907e-02 9044735. -1.
    5.2784381866455078e+01 4.2847323417663574e+00 3.1725568771362305e+00
    2.5187805175781250e+02 2.6266692206263542e-02 7734271. -1.
    5.4942592620849609e+01 8.2106521606445313e+01 4.1125397682189941e+00
    1.8311077880859375e+02 3.2911911606788635e-02 9765120. -1.
    5.6332172393798828e+01 4.4733570098876953e+01 2.1786735057830811e+00
    1.5950294494628906e+02 2.3291919380426407e-02 13959679. -1.
    5.6340702056884766e+01 1.2017555236816406e+01 8.5084800720214844e+00
    3.3062832641601563e+02 2.0836340263485909e-02 12255489. -1.
    5.7534908294677734e+01 2.3342706680297852e+01 2.3862471580505371e+00
    3.3865219116210938e+02 1.9601600244641304e-02 3867391. -1.
    5.8169269561767578e+01 4.2798332214355469e+01 6.9787917137145996e+00
    1.2802873229980469e+02 4.0840983390808105e-02 14615296. -1.
    5.8169269561767578e+01 4.2798332214355469e+01 6.9787917137145996e+00
    1.8680151367187500e+02 4.0840983390808105e-02 14615296. -1.
    5.9707160949707031e+01 7.0383811950683594e+01 4.3438057899475098e+00
    2.1954492187500000e+02 5.2707035094499588e-02 13762816. -1.
    6.0867977142333984e+01 7.3464416503906250e+01 7.9239349365234375e+00
    2.1955551147460938e+02 5.4333373904228210e-02 7078145. -1.
    6.3423767089843750e+01 5.2991260528564453e+01 2.4289202690124512e+00
    1.8981111145019531e+02 6.2979400157928467e-02 5112575. -1.
    6.6901229858398438e+01 7.5451301574707031e+01 2.3104882240295410e+00
    3.3943374633789063e+02 2.7043461799621582e-02 1508095. -1.
    6.8471542358398438e+01 6.2031536102294922e+01 7.6142821311950684e+00
    1.9920707702636719e+02 4.5542303472757339e-02 4194561. -1.
    6.9594825744628906e+01 7.2642616271972656e+01 3.4922611713409424e+00
    3.4201666259765625e+02 2.8614785522222519e-02 14681087. -1.
    7.0628303527832031e+01 6.5041992187500000e+01 2.7610962390899658e+00
    3.3208435058593750e+01 4.5912355184555054e-02 14418687. -1.
    7.4300094604492188e+01 3.0892433166503906e+01 2.5276906490325928e+00
    3.1674023437500000e+02 2.3440167307853699e-02 7996159. -1.
    7.6316558837890625e+01 5.6809837341308594e+01 2.0738437175750732e+00
    1.4429084777832031e+02 7.5765222311019897e-02 10420735. -1.
    7.9639579772949219e+01 5.5533374786376953e+01 3.0999505519866943e+00
    1.3357452392578125e+02 5.6400053203105927e-02 6030335. -1.
    8.0579666137695313e+01 3.0900596618652344e+01 3.0585196018218994e+00
    3.0639697265625000e+02 1.4921870082616806e-02 5112831. -1.</data></keypoints>
