<?xml version="1.0"?>
<opencv_storage>
<keypoints type_id="opencv-matrix">
  <rows>18</rows>
  <cols>7</cols>
  <dt>d</dt>
  <data>
    1.1898570060729980e+01 4.5806396484375000e+01 1.8481594324111938e+00
    3.4279257202148438e+02 6.7407086491584778e-02 2097663. -1.
    1.6673851013183594e+01 1.5466429710388184e+01 2.2445735931396484e+00
    5.5183715820312500e+00 6.7734062671661377e-02 16122367. -1.
    1.6673851013183594e+01 1.5466429710388184e+01 2.2445735931396484e+00
    1.0762750244140625e+02 6.7734062671661377e-02 16122367. -1.
    1.7078512191772461e+01 4.1989517211914063e+01 2.7313368320465088e+00
    2.8419842529296875e+02 5.7527106255292892e-02 13632255. -1.
    1.7078512191772461e+01 4.1989517211914063e+01 2.7313368320465088e+00
    3.5281082153320313e+02 5.7527106255292892e-02 13632255. -1.
    1.9146877288818359e+01 2.0323226928710938e+01 6.2209982872009277e+00
    3.6919555664062500e+00 7.0100612938404083e-02 6292224. -1.
    1.9388874053955078e+01 3.7671310424804688e+01 7.8663039207458496e+00
    3.5605242919921875e+02 6.6592194139957428e-02 6553857. -1.
    2.2084844589233398e+01 1.0860014915466309e+01 2.5274841785430908e+00
    6.2746948242187500e+01 8.4578007459640503e-02 7996159. -1.
    2.7032886505126953e+01 9.7063512802124023e+00 3.9808769226074219e+00
    7.4966979980468750e+01 8.5415743291378021e-02 7405824. -1.
    2.7032886505126953e+01 9.7063512802124023e+00 3.9808769226074219e+00
    1.0557991027832031e+02 8.5415743291378021e-02 7405824. -1.
    3.0587553024291992e+01 3.4134460449218750e+01 3.1389782428741455e+00
    1.2473388671875000e+01 3.5483721643686295e-02 6947839. -1.
    3.1826875686645508e+01 1.0847373962402344e+01 2.4942011833190918e+00
    1.1618923950195313e+02 8.6302712559700012e-02 7013119. -1.
    3.4154541015625000e+01 3.8586898803710938e+01 6.9918198585510254e+00
    1.8373893737792969e+02 7.0517912507057190e-02 14746368. -1.
    3.6834449768066406e+01 4.2057319641113281e+01 2.7036719322204590e+00
    1.8675640869140625e+02 6.1540458351373672e-02 12845823. -1.
    3.7285064697265625e+01 1.5414056777954102e+01 2.1096894741058350e+00
    1.7397308349609375e+02 7.3941327631473541e-02 11665919. -1.
    4.1468173980712891e+01 4.6471248626708984e+01 1.8746792078018188e+00
    3.9368896484375000e+01 6.6021941602230072e-02 3080703. -1.
    4.1468173980712891e+01 4.6471248626708984e+01 1.8746792078018188e+00
    2.1151095581054688e+02 6.6021941602230072e-02 3080703. -1.
    4.1468173980712891e+01 4.6471248626708984e+01 1.8746792078018188e+00
    2.5022073364257813e+02 6.6021941602230072e-02 3080703. -1.</data></keypoints>
<descriptors type_id="opencv-matrix">
  <rows>18</rows>
  <cols>128</cols>
  <dt>f</dt>
  <data>
    7. 0. 0. 0. 0. 0. 0. 4. 126. 0. 0. 1. 3. 0. 0. 88. 87. 1. 0. 62. 99.
    0. 0. 48. 126. 11. 0. 18. 27. 0. 0. 73. 29. 1. 0. 0. 0. 0. 0. 7.
    126. 26. 1. 4. 20. 1. 0. 67. 62. 25. 3. 53. 126. 29. 1. 16. 126.
    126. 15. 8. 17. 9. 3. 10. 16. 8. 0. 0. 0. 0. 0. 0. 104. 126. 21. 1.
    7. 1. 0. 2. 14. 125. 48. 6. 69. 75. 22. 1. 5. 83. 19. 0. 6. 65. 89.
    4. 0. 1. 0. 0. 0. 0. 0. 0. 1. 44. 14. 0. 0. 0. 0. 0. 1. 126. 55. 0.
    0. 1. 2. 0. 0. 83. 90. 0. 0. 11. 21. 1. 22. 0. 5. 13. 4. 0. 43. 83.
    0. 0. 40. 37. 10. 18. 99. 19. 53. 29. 11. 20. 17. 27. 29. 37. 43.
    46. 83. 3. 0. 0. 25. 66. 103. 7. 4. 22. 72. 5. 1. 21. 64. 1. 35. 34.
    42. 9. 59. 100. 18. 20. 10. 10. 4. 80. 126. 33. 4. 26. 70. 3. 0. 13.
    126. 16. 126. 17. 0. 0. 78. 11. 0. 1. 126. 23. 0. 0. 54. 9. 9. 33.
    85. 7. 0. 0. 1. 30. 97. 20. 0. 0. 2. 21. 36. 14. 120. 6. 109. 15. 0.
    0. 52. 7. 0. 0. 126. 30. 0. 0. 52. 7. 0. 0. 109. 15. 0. 0. 1. 0. 1.
    0. 1. 0. 0. 6. 81. 16. 0. 0. 21. 32. 12. 25. 124. 47. 0. 0. 124. 85.
    0. 4. 25. 10. 4. 4. 48. 14. 1. 0. 0. 8. 47. 18. 0. 0. 6. 4. 0. 0.
    19. 16. 27. 36. 74. 73. 36. 10. 12. 12. 124. 57. 15. 17. 12. 6. 4.
    28. 74. 24. 104. 47. 0. 0. 0. 6. 0. 0. 124. 92. 0. 0. 1. 1. 85. 30.
    4. 1. 18. 41. 18. 24. 63. 101. 73. 6. 25. 50. 30. 11. 7. 27. 124.
    81. 0. 0. 49. 32. 0. 0. 111. 71. 0. 0. 63. 41. 53. 86. 9. 0. 5. 12.
    2. 0. 5. 35. 71. 15. 7. 34. 63. 14. 0. 1. 98. 59. 0. 0. 57. 33. 0.
    0. 91. 59. 0. 0. 20. 13. 18. 0. 3. 5. 0. 0. 35. 74. 1. 1. 28. 15. 0.
    0. 109. 62. 0. 0. 36. 16. 0. 0. 108. 52. 0. 0. 32. 15. 0. 0. 95. 44.
    98. 6. 9. 27. 16. 5. 4. 31. 82. 4. 37. 35. 10. 4. 42. 124. 14. 0.
    15. 6. 0. 0. 124. 124. 0. 0. 3. 1. 0. 0. 124. 84. 107. 29. 0. 1. 21.
    15. 1. 4. 124. 54. 0. 1. 18. 14. 4. 49. 92. 27. 5. 5. 0. 0. 25. 38.
    0. 1. 33. 12. 0. 0. 12. 6. 82. 38. 0. 0. 9. 5. 0. 0. 124. 73. 0. 0.
    22. 10. 0. 0. 101. 57. 16. 56. 27. 3. 0. 0. 5. 19. 124. 87. 24. 5.
    2. 3. 116. 0. 0. 4. 20. 0. 0. 22. 133. 0. 0. 6. 31. 0. 0. 40. 116.
    0. 0. 1. 2. 0. 0. 22. 1. 0. 1. 37. 76. 7. 0. 0. 133. 1. 0. 8. 34. 0.
    0. 25. 133. 47. 5. 9. 32. 0. 0. 30. 95. 35. 36. 1. 4. 0. 0. 11. 0.
    2. 20. 20. 109. 46. 5. 0. 110. 36. 6. 6. 43. 10. 1. 9. 61. 133. 46.
    7. 37. 19. 20. 3. 12. 129. 133. 0. 0. 2. 15. 1. 0. 40. 133. 3. 7.
    16. 9. 0. 13. 71. 33. 1. 4. 4. 1. 0. 2. 55. 82. 1. 4. 11. 26. 2. 0.
    28. 114. 0. 0. 4. 34. 1. 0. 19. 100. 0. 0. 5. 27. 0. 8. 0. 0. 0. 0.
    0. 5. 20. 4. 0. 0. 0. 0. 0. 58. 84. 4. 0. 0. 0. 1. 21. 110. 107. 0.
    0. 0. 0. 2. 83. 88. 3. 86. 2. 0. 0. 0. 0. 1. 23. 134. 2. 0. 0. 5. 5.
    58. 134. 24. 12. 10. 20. 56. 27. 53. 74. 43. 16. 6. 5. 26. 76. 55.
    16. 115. 9. 0. 0. 0. 0. 0. 1. 134. 20. 0. 0. 19. 8. 3. 19. 81. 10.
    5. 15. 134. 70. 9. 18. 134. 14. 3. 3. 74. 23. 5. 33. 78. 8. 0. 0. 0.
    0. 0. 0. 134. 39. 1. 0. 5. 3. 0. 1. 67. 13. 6. 6. 87. 63. 7. 14. 74.
    5. 6. 8. 61. 15. 5. 32. 66. 0. 0. 0. 0. 0. 0. 11. 143. 0. 0. 0. 14.
    7. 14. 97. 45. 8. 1. 16. 68. 29. 29. 45. 26. 3. 0. 4. 103. 66. 18.
    17. 111. 2. 0. 0. 0. 0. 0. 8. 143. 29. 4. 2. 17. 10. 1. 32. 64. 13.
    13. 11. 76. 62. 10. 54. 25. 3. 3. 44. 143. 6. 4. 33. 66. 25. 0. 0.
    0. 0. 0. 1. 139. 143. 87. 3. 2. 0. 0. 1. 13. 64. 143. 25. 11. 5. 1.
    5. 3. 8. 97. 134. 103. 0. 0. 3. 3. 6. 0. 0. 0. 0. 0. 0. 2. 27. 23.
    0. 0. 0. 0. 0. 0. 9. 72. 2. 0. 0. 0. 0. 0. 1. 36. 26. 2. 0. 0. 0.
    30. 1. 0. 0. 0. 0. 0. 5. 132. 6. 0. 1. 0. 0. 12. 93. 47. 3. 1. 72.
    54. 2. 28. 87. 30. 0. 0. 85. 75. 2. 2. 47. 47. 2. 0. 0. 0. 0. 0. 6.
    132. 34. 9. 14. 2. 0. 0. 29. 73. 13. 12. 132. 88. 0. 0. 17. 69. 0.
    0. 60. 44. 1. 0. 110. 31. 4. 0. 0. 0. 0. 3. 34. 103. 93. 53. 19. 3.
    8. 11. 34. 54. 21. 57. 100. 17. 1. 2. 132. 56. 0. 0. 11. 38. 38. 11.
    132. 50. 1. 0. 1. 5. 2. 4. 65. 38. 12. 5. 8. 31. 19. 14. 63. 65. 41.
    10. 1. 1. 1. 4. 132. 14. 14. 5. 0. 1. 20. 11. 58. 1. 0. 0. 0. 0. 0.
    0. 3. 23. 0. 0. 0. 0. 0. 7. 90. 76. 2. 0. 0. 0. 8. 41. 106. 51. 3.
    1. 0. 0. 16. 103. 77. 30. 1. 0. 0. 0. 0. 0. 18. 123. 8. 0. 3. 7. 4.
    16. 123. 59. 5. 1. 15. 64. 43. 57. 122. 94. 45. 91. 31. 8. 5. 17.
    37. 52. 9. 0. 0. 0. 0. 0. 2. 123. 119. 16. 17. 9. 0. 1. 26. 61. 31.
    21. 58. 64. 11. 8. 43. 14. 11. 49. 56. 73. 87. 45. 16. 27. 2. 0. 0.
    0. 0. 0. 7. 115. 59. 11. 2. 0. 0. 0. 38. 123. 54. 21. 5. 1. 6. 11.
    81. 16. 22. 23. 0. 5. 79. 107. 23. 29. 7. 0. 0. 0. 0. 0. 2. 111. 35.
    0. 0. 0. 2. 12. 56. 123. 74. 12. 8. 1. 5. 26. 61. 14. 20. 115. 81.
    7. 0. 26. 25. 53. 3. 0. 0. 0. 0. 0. 9. 123. 28. 1. 0. 9. 18. 18.
    118. 61. 41. 8. 11. 62. 60. 24. 31. 15. 14. 43. 75. 72. 61. 58. 11.
    29. 19. 0. 0. 0. 0. 0. 1. 123. 123. 15. 3. 7. 3. 0. 8. 60. 123. 56.
    40. 64. 16. 1. 5. 102. 35. 14. 5. 6. 26. 88. 45. 1. 3. 0. 0. 0. 0.
    0. 0. 20. 89. 7. 0. 0. 0. 0. 0. 82. 111. 41. 7. 0. 0. 0. 2. 60. 83.
    89. 14. 0. 0. 0. 2. 24. 3. 0. 0. 106. 84. 1. 1. 126. 37. 0. 0. 4. 6.
    1. 2. 78. 12. 0. 0. 47. 18. 0. 0. 5. 2. 0. 0. 126. 55. 0. 0. 7. 1.
    0. 0. 111. 126. 12. 7. 126. 20. 1. 0. 11. 36. 19. 69. 111. 11. 0. 0.
    27. 11. 0. 8. 2. 2. 1. 1. 126. 68. 0. 0. 1. 1. 2. 13. 121. 71. 6. 2.
    100. 79. 17. 21. 46. 28. 16. 36. 105. 47. 1. 1. 10. 3. 0. 8. 1. 1.
    1. 5. 126. 54. 0. 0. 1. 2. 16. 12. 54. 50. 7. 0. 36. 9. 30. 16. 23.
