<?xml version="1.0"?>
<opencv_storage>
<keypoints type_id="opencv-matrix">
  <rows>144</rows>
  <cols>7</cols>
  <dt>d</dt>
  <data>
    7.8820605278015137e+00 9.9395385742187500e+01 4.9827909469604492e+00
    1.7148376464843750e+01 2.6795418933033943e-02 6947328. -1.
    9.7058162689208984e+00 9.1035942077636719e+01 3.1716778278350830e+00
    3.5060702514648438e+02 2.4278359487652779e-02 7734271. -1.
    9.9324760437011719e+00 1.1066356658935547e+02 4.9533572196960449e+00
    3.2629443359375000e+02 5.4718613624572754e-02 6554112. -1.
    1.0055969238281250e+01 1.2066722869873047e+02 6.1151499748229980e+00
    3.1948318481445313e+02 2.9394689947366714e-02 5047040. -1.
    1.2210763931274414e+01 6.7566749572753906e+01 6.0991811752319336e+00
    4.5099487304687500e+00 3.0469547957181931e-02 4850432. -1.
    1.3317535400390625e+01 1.0138941192626953e+02 3.8681933879852295e+00
    2.0861236572265625e+01 5.3937468677759171e-02 5374208. -1.
    1.6098815917968750e+01 1.0697714996337891e+02 4.1784329414367676e+00
    8.5481201171875000e+01 4.8607476055622101e-02 10944768. -1.
    1.6098815917968750e+01 1.0697714996337891e+02 4.1784329414367676e+00
    2.0739266967773438e+02 4.8607476055622101e-02 10944768. -1.
    1.6792917251586914e+01 4.9190601348876953e+01 1.1021151542663574e+01
    3.5277090454101563e+02 6.9093920290470123e-02 14221825. -1.
    1.6859533309936523e+01 6.5518730163574219e+01 2.5956768989562988e+00
    1.1330865478515625e+02 2.0367756485939026e-02 9896703. -1.
    1.6859533309936523e+01 6.5518730163574219e+01 2.5956768989562988e+00
    1.9653013610839844e+02 2.0367756485939026e-02 9896703. -1.
    2.0965589523315430e+01 6.3729576110839844e+01 4.1234483718872070e+00
    1.6407531738281250e+01 3.9779845625162125e-02 9961728. -1.
    2.0965589523315430e+01 6.3729576110839844e+01 4.1234483718872070e+00
    2.9690966796875000e+02 3.9779845625162125e-02 9961728. -1.
    2.2338357925415039e+01 1.0333303833007813e+02 3.8380093574523926e+00
    1.4615039062500000e+02 3.1090646982192993e-02 4784384. -1.
    2.2832040786743164e+01 1.1696759796142578e+02 1.2722713470458984e+01
    3.0035159301757813e+02 6.1628151684999466e-02 7930625. -1.
    2.3041936874389648e+01 1.0865336608886719e+02 2.7770774364471436e+00
    8.9903686523437500e+01 2.4492686614394188e-02 14811903. -1.
    2.4427610397338867e+01 3.6555664062500000e+01 3.0998752117156982e+00
    4.0567962646484375e+01 2.5218838825821877e-02 6030335. -1.
    2.5026117324829102e+01 3.6324745178222656e+01 3.6144185066223145e+00
    4.1931518554687500e+01 2.4955699220299721e-02 459008. -1.
    2.5030248641967773e+01 8.3603302001953125e+01 4.7635474205017090e+00
    2.0430361938476563e+02 3.1254336237907410e-02 3736064. -1.
    2.6140344619750977e+01 1.0095396423339844e+02 3.0646176338195801e+00
    1.4823106384277344e+02 1.3932752422988415e-02 5243903. -1.
    2.6176956176757813e+01 9.2348220825195313e+01 8.8433256149291992e+00
    3.2030145263671875e+02 2.9700668528676033e-02 15008001. -1.
    2.6337852478027344e+01 4.3191776275634766e+01 3.0607612133026123e+00
    1.3954209899902344e+02 3.2934203743934631e-02 5112831. -1.
    2.7739284515380859e+01 1.3399351501464844e+02 1.2024384498596191e+01
    2.9981481933593750e+02 3.1223945319652557e-02 3867393. -1.
    2.8159355163574219e+01 5.1504848480224609e+01 3.5462601184844971e+00
    9.4742095947265625e+01 3.5442654043436050e-02 15795199. -1.
    2.8159355163574219e+01 5.1504848480224609e+01 3.5462601184844971e+00
    1.7372277832031250e+02 3.5442654043436050e-02 15795199. -1.
    3.0541105270385742e+01 4.2492485046386719e+01 2.9266502857208252e+00
    2.0702047729492188e+02 2.2339766845107079e-02 1901567. -1.
    3.0711452484130859e+01 6.5606704711914063e+01 4.2423491477966309e+00
    3.3353582763671875e+02 3.9860010147094727e-02 12058880. -1.
    3.0910762786865234e+01 8.0950531005859375e+01 4.6251845359802246e+00
    3.3353485107421875e+02 2.4724768474698067e-02 1573376. -1.
    3.1571828842163086e+01 2.0172319412231445e+01 8.2676219940185547e+00
    5.2063903808593750e+01 1.8766617402434349e-02 10158337. -1.
    3.2054786682128906e+01 1.0049446868896484e+02 1.2771380424499512e+01
    8.9224426269531250e+01 3.7829551845788956e-02 8192769. -1.
    3.4655014038085938e+01 1.3349105834960938e+02 2.8395640850067139e+00
    3.0741680908203125e+02 1.4095405116677284e-02 16450303. -1.
    3.5577602386474609e+01 4.6919837951660156e+01 9.6819334030151367e+00
    8.4811340332031250e+01 3.1658049672842026e-02 4850177. -1.
    3.6964870452880859e+01 5.8213012695312500e+01 8.0556297302246094e+00
    8.8306030273437500e+01 3.3694330602884293e-02 8257793. -1.
    3.7896450042724609e+01 1.3682249450683594e+02 4.4792289733886719e+00
    3.7954071044921875e+01 3.4622590988874435e-02 15991040. -1.
    3.8207611083984375e+01 1.3082672119140625e+02 3.6968803405761719e+00
    3.0502236938476563e+02 3.1361758708953857e-02 2097408. -1.
    4.0178810119628906e+01 6.4018051147460938e+01 3.3574948310852051e+00
    1.7259866333007813e+02 2.9244072735309601e-02 11863039. -1.
    4.0178810119628906e+01 6.4018051147460938e+01 3.3574948310852051e+00
    2.6745263671875000e+02 2.9244072735309601e-02 11863039. -1.
    4.1831459045410156e+01 1.2579747772216797e+02 2.9691138267517090e+00
    2.4264506530761719e+02 2.9215944930911064e-02 2950143. -1.
    4.3445369720458984e+01 5.1293308258056641e+01 3.2053020000457764e+00
    8.2619964599609375e+01 1.7154550179839134e-02 8455167. -1.
    4.3645759582519531e+01 1.3269264221191406e+02 3.0062584877014160e+00
    5.4438232421875000e+01 3.1208893284201622e-02 3867647. -1.
    4.5767929077148438e+01 1.0807621765136719e+02 3.2993392944335938e+00
    8.2426513671875000e+01 3.2087892293930054e-02 10552319. -1.
    4.5767929077148438e+01 1.0807621765136719e+02 3.2993392944335938e+00
    3.4981091308593750e+02 3.2087892293930054e-02 10552319. -1.
    4.6793842315673828e+01 1.2808839416503906e+02 3.2501904964447021e+00
    1.1699401855468750e+02 2.8555858880281448e-02 9503743. -1.
    5.0426544189453125e+01 1.1070030212402344e+02 4.1043763160705566e+00
    2.1780038452148438e+02 3.3695943653583527e-02 9634048. -1.
    5.0701629638671875e+01 8.4807518005371094e+01 2.9665982723236084e+00
    9.2974609375000000e+01 1.7697418108582497e-02 2884607. -1.
    5.0701629638671875e+01 8.4807518005371094e+01 2.9665982723236084e+00
    3.4572076416015625e+02 1.7697418108582497e-02 2884607. -1.
    5.0788673400878906e+01 8.4903411865234375e+01 3.0157697200775146e+00
    9.3419708251953125e+01 1.7620008438825607e-02 4064255. -1.
    5.0788673400878906e+01 8.4903411865234375e+01 3.0157697200775146e+00
    3.4539923095703125e+02 1.7620008438825607e-02 4064255. -1.
    5.5222427368164063e+01 1.3067684936523438e+02 3.7782704830169678e+00
    6.8890258789062500e+01 2.6048447936773300e-02 3670272. -1.
    5.5663574218750000e+01 3.7623771667480469e+01 1.5088299751281738e+01
    5.6654113769531250e+01 3.4455683082342148e-02 3539202. -1.
    5.5684341430664063e+01 8.8129554748535156e+01 6.4412102699279785e+00
    7.6431213378906250e+01 1.3875618577003479e-02 8848128. -1.
    5.6102073669433594e+01 1.2220319366455078e+02 1.2266603469848633e+01
    1.1252136230468750e+00 4.2465168982744217e-02 5309185. -1.
    5.6102073669433594e+01 1.2220319366455078e+02 1.2266603469848633e+01
    6.5516326904296875e+01 4.2465168982744217e-02 5309185. -1.
    5.6307434082031250e+01 2.2993940353393555e+01 3.0424957275390625e+00
    2.4558532714843750e+02 1.9543198868632317e-02 4719615. -1.
    5.7136569976806641e+01 1.0479795837402344e+02 2.6875581741333008e+00
    2.9773547363281250e+02 1.4642871916294098e-02 12452607. -1.
    5.7982059478759766e+01 8.9721702575683594e+01 7.8498988151550293e+00
    6.7213195800781250e+01 1.3893648982048035e-02 6422785. -1.
    6.0443073272705078e+01 2.0846984863281250e+01 2.8034017086029053e+00
    8.8195800781250000e-02 3.0454026535153389e-02 15467263. -1.
    6.0443073272705078e+01 2.0846984863281250e+01 2.8034017086029053e+00
