<?xml version="1.0"?>
<opencv_storage>
<keypoints type_id="opencv-matrix">
  <rows>18</rows>
  <cols>7</cols>
  <dt>d</dt>
  <data>
    2.6405614852905273e+01 2.7293901443481445e+01 4.9927515983581543e+00
    6.2842163085937500e+01 1.0118962079286575e-01 7078400. -1.
    2.6405614852905273e+01 2.7293901443481445e+01 4.9927515983581543e+00
    2.9711032104492188e+02 1.0118962079286575e-01 7078400. -1.
    2.8664875030517578e+01 4.6530864715576172e+01 4.1478791236877441e+00
    3.0100469970703125e+02 8.7069496512413025e-02 10420480. -1.
    3.3072837829589844e+01 4.0579143524169922e+01 1.9723032712936401e+00
    3.5161816406250000e+02 4.7120045870542526e-02 6750719. -1.
    3.8544467926025391e+01 3.8422252655029297e+01 6.0546011924743652e+00
    1.9766876220703125e+02 6.0371167957782745e-02 4326144. -1.
    3.8544467926025391e+01 3.8422252655029297e+01 6.0546011924743652e+00
    3.4242242431640625e+02 6.0371167957782745e-02 4326144. -1.
    3.8561611175537109e+01 6.8031112670898438e+01 2.3517315387725830e+00
    2.0813494873046875e+02 4.4765532016754150e-02 2818815. -1.
    3.8561611175537109e+01 6.8031112670898438e+01 2.3517315387725830e+00
    3.3057546997070313e+02 4.4765532016754150e-02 2818815. -1.
    3.8572513580322266e+01 2.6126836776733398e+01 1.3528701782226563e+01
    4.3864624023437500e+01 1.2165455520153046e-01 12387073. -1.
    3.8572513580322266e+01 2.6126836776733398e+01 1.3528701782226563e+01
    1.3550279235839844e+02 1.2165455520153046e-01 12387073. -1.
    3.8581775665283203e+01 1.5486432075500488e+01 5.2035784721374512e+00
    2.7171661376953125e+01 1.0125420242547989e-01 10093056. -1.
    3.8581775665283203e+01 1.5486432075500488e+01 5.2035784721374512e+00
    1.5383270263671875e+02 1.0125420242547989e-01 10093056. -1.
    3.8599948883056641e+01 5.5558776855468750e+01 2.5072650909423828e+00
    4.3210418701171875e+01 4.4740170240402222e-02 7406335. -1.
    3.8599948883056641e+01 5.5558776855468750e+01 2.5072650909423828e+00
    1.3647932434082031e+02 4.4740170240402222e-02 7406335. -1.
    4.3643638610839844e+01 4.5407165527343750e+01 2.4988176822662354e+00
    1.0529815673828125e+01 6.6540203988552094e-02 7209727. -1.
    4.3643638610839844e+01 4.5407165527343750e+01 2.4988176822662354e+00
    2.0179125976562500e+02 6.6540203988552094e-02 7209727. -1.
    5.0701240539550781e+01 2.7303960800170898e+01 5.0050749778747559e+00
    1.1716595458984375e+02 1.0149329900741577e-01 7275008. -1.
    5.0701240539550781e+01 2.7303960800170898e+01 5.0050749778747559e+00
    2.4238070678710938e+02 1.0149329900741577e-01 7275008. -1.</data></keypoints>
<descriptors type_id="opencv-matrix">
  <rows>18</rows>
  <cols>128</cols>
  <dt>f</dt>
  <data>
    22. 101. 0. 0. 0. 0. 0. 1. 140. 140. 0. 0. 0. 0. 12. 7. 61. 46. 10.
    11. 6. 2. 26. 12. 0. 1. 20. 11. 63. 68. 6. 2. 32. 9. 0. 0. 0. 0. 0.
    4. 140. 57. 8. 7. 0. 0. 0. 27. 111. 36. 105. 140. 0. 0. 0. 3. 12.
    64. 140. 62. 4. 8. 1. 1. 33. 7. 0. 0. 0. 0. 0. 2. 140. 89. 64. 39.
    0. 0. 0. 8. 38. 24. 95. 140. 0. 0. 0. 6. 110. 40. 37. 29. 0. 0. 0.
    28. 3. 6. 1. 0. 0. 0. 0. 0. 5. 28. 36. 11. 0. 0. 0. 0. 65. 4. 20.
    25. 0. 0. 0. 12. 89. 8. 9. 4. 7. 17. 9. 33. 3. 0. 0. 0. 0. 1. 2. 7.
    3. 0. 0. 0. 0. 13. 37. 23. 0. 0. 0. 0. 0. 28. 13. 0. 0. 0. 0. 0. 0.
    1. 0. 0. 36. 1. 0. 0. 2. 62. 8. 12. 144. 5. 0. 0. 0. 56. 79. 91. 9.
    0. 0. 0. 0. 144. 81. 11. 0. 0. 0. 0. 0. 45. 74. 6. 26. 3. 2. 1. 10.
    141. 18. 12. 144. 19. 0. 0. 1. 34. 26. 63. 86. 2. 0. 0. 0. 144. 128.
    22. 0. 0. 0. 11. 9. 82. 144. 14. 7. 1. 0. 2. 8. 61. 45. 43. 90. 3.
    8. 1. 0. 13. 43. 144. 55. 15. 16. 4. 5. 10. 17. 30. 0. 2. 2. 92. 82.
    11. 33. 0. 9. 1. 19. 106. 31. 10. 27. 20. 8. 20. 97. 75. 17. 67. 20.
    10. 6. 12. 12. 2. 8. 121. 13. 7. 103. 27. 0. 0. 2. 64. 7. 8. 15. 3.
    4. 68. 121. 11. 1. 4. 107. 15. 25. 33. 49. 6. 23. 121. 20. 8. 3. 11.
    25. 97. 69. 63. 35. 2. 0. 1. 9. 90. 64. 108. 27. 13. 0. 1. 121. 72.
    1. 2. 121. 48. 2. 6. 53. 35. 6. 27. 57. 23. 3. 37. 36. 16. 11. 45.
    26. 9. 21. 9. 3. 5. 27. 121. 42. 39. 0. 0. 40. 71. 7. 1. 63. 19. 3.
    3. 25. 82. 42. 18. 41. 46. 13. 4. 7. 8. 4. 9. 13. 19. 61. 27. 4. 7.
    11. 7. 0. 0. 0. 0. 0. 7. 144. 8. 66. 11. 0. 0. 0. 18. 111. 37. 144.
    18. 0. 0. 0. 1. 6. 38. 79. 11. 2. 0. 0. 0. 0. 0. 1. 3. 37. 7. 2. 12.
    134. 13. 34. 1. 5. 14. 22. 53. 100. 21. 144. 4. 0. 1. 2. 5. 9. 31.
    90. 13. 3. 1. 0. 0. 0. 0. 3. 4. 17. 4. 8. 12. 110. 95. 24. 3. 4. 30.
    60. 79. 60. 11. 144. 21. 2. 5. 7. 9. 3. 10. 75. 19. 4. 4. 1. 0. 0.
    0. 8. 7. 1. 7. 53. 12. 25. 33. 15. 8. 4. 56. 138. 52. 9. 2. 144. 88.
    10. 8. 7. 8. 6. 3. 26. 54. 54. 8. 1. 0. 0. 0. 15. 6. 38. 49. 3. 0.
    7. 39. 10. 8. 21. 16. 5. 10. 28. 37. 0. 3. 19. 20. 14. 55. 59. 1.
    17. 44. 25. 28. 11. 31. 7. 3. 57. 30. 31. 15. 14. 5. 3. 38. 69. 44.
    16. 0. 4. 17. 20. 44. 11. 1. 1. 47. 89. 101. 24. 8. 1. 1. 16. 104.
    32. 45. 34. 0. 28. 37. 99. 5. 2. 1. 0. 51. 115. 56. 20. 0. 1. 7. 4.
    115. 39. 2. 0. 10. 35. 115. 69. 31. 0. 0. 1. 65. 45. 115. 115. 0.
    66. 43. 27. 0. 0. 0. 0. 84. 59. 102. 107. 0. 0. 0. 0. 107. 9. 76.
    47. 58. 48. 9. 7. 11. 0. 0. 3. 115. 101. 9. 3. 0. 64. 97. 0. 0. 0.
    0. 31. 44. 57. 101. 1. 0. 0. 0. 101. 103. 7. 9. 8. 12. 59. 75. 37.
    60. 0. 0. 3. 9. 90. 116. 3. 0. 34. 56. 0. 1. 1. 3. 96. 43. 116. 116.
    7. 14. 2. 0. 15. 52. 25. 22. 81. 116. 40. 12. 0. 1. 0. 0. 116. 116.
    45. 65. 1. 0. 56. 43. 3. 4. 8. 12. 30. 32. 62. 43. 24. 24. 8. 0. 12.
    34. 6. 5. 23. 99. 94. 58. 1. 0. 1. 0. 31. 39. 26. 104. 19. 1. 14.
    40. 6. 0. 2. 41. 39. 8. 8. 30. 35. 13. 6. 20. 19. 7. 1. 1. 55. 61.
    16. 20. 24. 5. 20. 3. 5. 25. 11. 31. 26. 51. 3. 0. 0. 0. 0. 0. 1. 8.
    3. 0. 0. 0. 0. 11. 34. 20. 0. 0. 0. 0. 0. 26. 13. 0. 0. 0. 0. 0. 0.
    2. 1. 1. 37. 4. 0. 0. 0. 0. 0. 9. 114. 8. 0. 0. 0. 38. 59. 61. 8. 0.
    0. 0. 2. 142. 74. 11. 0. 0. 0. 0. 0. 25. 95. 64. 30. 6. 0. 0. 0. 0.
    4. 19. 142. 28. 0. 0. 0. 8. 15. 94. 65. 2. 0. 0. 0. 114. 142. 86. 0.
    0. 0. 0. 0. 20. 142. 142. 2. 0. 0. 0. 0. 0. 58. 142. 48. 1. 0. 0. 0.
    0. 67. 142. 24. 0. 0. 0. 0. 1. 54. 142. 0. 0. 1. 7. 1. 0. 57. 37. 2.
    142. 44. 0. 0. 0. 0. 0. 46. 142. 58. 0. 0. 0. 0. 0. 27. 142. 46. 1.
    0. 0. 0. 0. 0. 37. 51. 0. 2. 7. 1. 0. 23. 17. 3. 0. 0. 0. 0. 6. 142.
    98. 11. 5. 0. 0. 0. 35. 76. 97. 142. 103. 0. 0. 0. 3. 0. 142. 142.
    23. 0. 0. 0. 0. 33. 7. 0. 0. 0. 0. 0. 3. 118. 65. 51. 32. 0. 0. 0.
    11. 10. 14. 80. 142. 0. 0. 0. 1. 0. 74. 97. 31. 0. 0. 0. 0. 3. 6. 1.
    0. 0. 0. 0. 0. 4. 24. 32. 11. 0. 0. 0. 0. 0. 1. 14. 31. 0. 0. 0. 0.
    0. 2. 2. 2. 0. 0. 0. 0. 1. 0. 0. 0. 0. 0. 0. 1. 1. 0. 0. 0. 0. 2.
    42. 11. 0. 0. 0. 0. 0. 15. 56. 1. 0. 0. 0. 0. 0. 7. 9. 0. 40. 1. 0.
    0. 0. 0. 1. 8. 130. 15. 2. 1. 2. 14. 130. 130. 12. 6. 3. 2. 37. 130.
    130. 27. 0. 0. 0. 0. 15. 90. 124. 13. 49. 13. 0. 0. 0. 0. 0. 1. 130.
    130. 30. 2. 2. 4. 8. 26. 30. 102. 59. 21. 62. 94. 25. 12. 0. 1. 3.
    70. 84. 56. 44. 13. 9. 5. 0. 0. 0. 0. 0. 0. 128. 80. 15. 1. 0. 0. 0.
    15. 43. 53. 91. 69. 3. 1. 0. 13. 0. 1. 33. 130. 29. 1. 0. 0. 11. 0.
    0. 0. 0. 0. 0. 7. 129. 16. 0. 0. 0. 1. 16. 89. 39. 13. 0. 1. 4. 71.
    86. 53. 0. 0. 0. 1. 33. 130. 29. 1. 58. 1. 0. 0. 0. 0. 0. 15. 130.
    29. 12. 6. 4. 2. 34. 130. 24. 12. 31. 104. 64. 21. 58. 91. 0. 12.
    48. 55. 88. 68. 2. 0. 43. 11. 1. 0. 0. 0. 0. 2. 130. 130. 130. 16.
    2. 1. 2. 12. 8. 23. 130. 130. 32. 2. 2. 4. 0. 12. 123. 81. 13. 0. 0.
    0. 0. 1. 1. 0. 0. 0. 0. 0. 1. 8. 39. 2. 0. 0. 0. 0. 0. 1. 48. 13. 0.
    0. 0. 0. 0. 0. 7. 6. 0. 0. 0. 0. 2. 0. 0. 0. 0. 0. 1. 6. 3. 0. 0. 0.
    0. 11. 32. 21. 0. 0. 0. 0. 0. 24. 12. 0. 0. 0. 0. 0. 0. 1. 0. 0. 38.
    2. 0. 0. 0. 0. 0. 11. 143. 6. 0. 0. 0. 57. 79. 92. 9. 0. 0. 0. 0.
    147. 82. 11. 0. 0. 0. 0. 0. 37. 82. 7. 43. 5. 0. 0. 0. 0. 0. 11.
    147. 26. 0. 0. 0. 15. 16. 60. 80. 2. 0. 0. 0. 147. 136. 21. 0. 0. 0.
    22. 12. 74. 147. 14. 28. 1. 1. 0. 0. 0. 0. 113. 146. 8. 23. 0. 0. 0.
    0. 147. 45. 14. 33. 9. 7. 10. 14. 27. 0. 1. 2. 96. 91. 18. 22. 0.
