<?xml version="1.0"?>
<opencv_storage>
<keypoints type_id="opencv-matrix">
  <rows>37</rows>
  <cols>7</cols>
  <dt>d</dt>
  <data>
    1.8325099945068359e+01 6.9442962646484375e+01 2.0143802165985107e+00
    3.5800018310546875e+02 7.3080070316791534e-02 8323583. -1.
    2.0422880172729492e+01 2.1178911209106445e+01 1.9288408756256104e+00
    6.4371032714843750e+00 1.1219578981399536e-01 5177855. -1.
    2.3699378967285156e+01 6.9348854064941406e+01 2.6468300819396973e+00
    2.7610717773437500e+02 5.5036291480064392e-02 11338495. -1.
    2.5170272827148438e+01 2.0998945236206055e+01 2.0175900459289551e+00
    6.6063232421875000e+00 9.0531915426254272e-02 8389119. -1.
    2.5170272827148438e+01 2.0998945236206055e+01 2.0175900459289551e+00
    8.2391571044921875e+01 9.0531915426254272e-02 8389119. -1.
    2.7428104400634766e+01 2.2430830001831055e+01 4.4172148704528809e+00
    7.7881164550781250e+01 8.7381452322006226e-02 14942464. -1.
    2.8695819854736328e+01 2.6604255676269531e+01 1.0150047302246094e+01
    4.1897888183593750e+00 8.9079312980175018e-02 8258049. -1.
    2.8695819854736328e+01 2.6604255676269531e+01 1.0150047302246094e+01
    6.7703308105468750e+01 8.9079312980175018e-02 8258049. -1.
    3.3530426025390625e+01 2.2096973419189453e+01 1.8459361791610718e+00
    1.2322753906250000e+01 1.1589281260967255e-01 1966591. -1.
    3.3530426025390625e+01 2.2096973419189453e+01 1.8459361791610718e+00
    1.6592822265625000e+02 1.1589281260967255e-01 1966591. -1.
    3.6528568267822266e+01 2.1215261459350586e+01 2.2532000541687012e+00
    8.9339508056640625e+01 6.5319418907165527e-02 16384511. -1.
    3.6656009674072266e+01 4.1646057128906250e+01 2.5357751846313477e+00
    4.0727874755859375e+01 1.0080800950527191e-01 8258303. -1.
    3.6656009674072266e+01 4.1646057128906250e+01 2.5357751846313477e+00
    2.3582685852050781e+02 1.0080800950527191e-01 8258303. -1.
    3.6670719146728516e+01 3.4720317840576172e+01 2.5057685375213623e+00
    8.6071777343750000e+01 1.0959186404943466e-01 7406335. -1.
    3.6670719146728516e+01 3.4720317840576172e+01 2.5057685375213623e+00
    1.2504045104980469e+02 1.0959186404943466e-01 7406335. -1.
    3.6670719146728516e+01 3.4720317840576172e+01 2.5057685375213623e+00
    3.1805343627929688e+02 1.0959186404943466e-01 7406335. -1.
    4.0098506927490234e+01 2.4644010543823242e+01 6.5337533950805664e+00
    8.9927551269531250e+01 7.6486520469188690e-02 9831168. -1.
    4.0140953063964844e+01 3.8131885528564453e+01 4.6258449554443359e+00
    2.7055514526367188e+02 5.7425841689109802e-02 1573376. -1.
    4.0184215545654297e+01 3.8123203277587891e+01 2.8057966232299805e+00
    4.7067718505859375e+01 5.0240684300661087e-02 15532799. -1.
    4.0184215545654297e+01 3.8123203277587891e+01 2.8057966232299805e+00
    8.9044128417968750e+01 5.0240684300661087e-02 15532799. -1.
    4.0184215545654297e+01 3.8123203277587891e+01 2.8057966232299805e+00
    1.3145027160644531e+02 5.0240684300661087e-02 15532799. -1.
    4.0184215545654297e+01 3.8123203277587891e+01 2.8057966232299805e+00
    2.2888291931152344e+02 5.0240684300661087e-02 15532799. -1.
    4.0184215545654297e+01 3.8123203277587891e+01 2.8057966232299805e+00
    3.0958502197265625e+02 5.0240684300661087e-02 15532799. -1.
    4.0184215545654297e+01 3.8123203277587891e+01 2.8057966232299805e+00
    3.5304360961914063e+02 5.0240684300661087e-02 15532799. -1.
    4.3061767578125000e+01 2.1398015975952148e+01 2.6658859252929688e+00
    9.1145294189453125e+01 6.1703868210315704e-02 11862783. -1.
    4.3536430358886719e+01 4.1647918701171875e+01 2.5093915462493896e+00
    1.3914755249023438e+02 9.3527249991893768e-02 7471871. -1.
    4.3536430358886719e+01 4.1647918701171875e+01 2.5093915462493896e+00
    3.0218511962890625e+02 9.3527249991893768e-02 7471871. -1.
    4.3537845611572266e+01 3.4656364440917969e+01 2.4702844619750977e+00
    5.7031585693359375e+01 1.0348247736692429e-01 6357759. -1.
    4.6709949493408203e+01 2.2402109146118164e+01 1.9282101392745972e+00
    1.4311798095703125e+01 9.9446989595890045e-02 5112319. -1.
    4.6709949493408203e+01 2.2402109146118164e+01 1.9282101392745972e+00
    1.6668585205078125e+02 9.9446989595890045e-02 5112319. -1.
    4.9696105957031250e+01 2.1194547653198242e+01 2.2512986660003662e+00
    8.9503448486328125e+01 6.4151830971240997e-02 16318975. -1.
    5.1436344146728516e+01 2.6568777084350586e+01 1.0327438354492188e+01
    1.1179357910156250e+02 8.9474491775035858e-02 9568769. -1.
    5.1436344146728516e+01 2.6568777084350586e+01 1.0327438354492188e+01
    1.7619281005859375e+02 8.9474491775035858e-02 9568769. -1.
    5.2609653472900391e+01 2.2435577392578125e+01 4.4343509674072266e+00
    1.0108303833007813e+02 8.4245562553405762e-02 15270144. -1.
    5.6347091674804688e+01 6.9362487792968750e+01 2.6131327152252197e+00
    2.6234707641601563e+02 5.5602025240659714e-02 10420991. -1.
    5.9641399383544922e+01 2.1140708923339844e+01 1.8194872140884399e+00
    1.7326922607421875e+02 1.1642497777938843e-01 918015. -1.
    6.1677822113037109e+01 6.9456008911132813e+01 1.9941738843917847e+00
    1.7541062927246094e+02 8.0384902656078339e-02 7602687. -1.</data></keypoints>
