<?xml version="1.0"?>
<opencv_storage>
<keypoints type_id="opencv-matrix">
  <rows>99</rows>
  <cols>7</cols>
  <dt>d</dt>
  <data>
    2.528428316116333 53.034080505371094 2.0404813289642334
    174.597412109375 0.01505868136882782 9241087. -1. 4.6654634475708008
    57.480789184570313 2.1296219825744629 219.06349182128906
    0.081564739346504211 12321279. -1. 7.3710446357727051
    94.924057006835938 2.2184314727783203 168.5543212890625
    0.023647602647542953 15270399. -1. 7.6569128036499023
    92.376937866210938 3.251086950302124 6.659881591796875
    0.025609955191612244 9503743. -1. 8.4354009628295898
    23.453264236450195 3.990983247756958 301.47698974609375
    0.037001170217990875 7602432. -1. 8.4368658065795898
    100.48292541503906 2.002434253692627 326.43548583984375
    0.034118369221687317 7864831. -1. 8.9989719390869141 64.412841796875
    3.265399694442749 206.77473449707031 0.084797628223896027 9831423.
    -1. 9.0660629272460938 72.193016052246094 2.0294206142425537
    225.16555786132813 0.049056727439165115 8847871. -1.
    9.8886623382568359 11.788544654846191 5.0238537788391113
    49.03302001953125 0.037482280284166336 7537152. -1.
    10.283413887023926 25.368320465087891 5.1887645721435547
    303.91131591796875 0.038020692765712738 9896448. -1.
    12.005626678466797 90.695236206054688 2.8131999969482422
    2.7625732421875 0.03605826199054718 15729407. -1. 12.005626678466797
    90.695236206054688 2.8131999969482422 125.5950927734375
    0.03605826199054718 15729407. -1. 13.638343811035156
    93.681907653808594 4.1432919502258301 310.45236206054688
    0.037712778896093369 10354944. -1. 14.271522521972656
    40.691852569580078 2.0204617977142334 51.56072998046875
    0.018885141238570213 8520191. -1. 14.271522521972656
    40.691852569580078 2.0204617977142334 187.94522094726563
    0.018885141238570213 8520191. -1. 15.543150901794434
    17.749969482421875 8.4742221832275391 48.4910888671875
    0.036787491291761398 11927809. -1. 15.543150901794434
    17.749969482421875 8.4742221832275391 316.50311279296875
    0.036787491291761398 11927809. -1. 16.906906127929688
    27.782186508178711 2.4411463737487793 12.3814697265625
    0.074555687606334686 5505791. -1. 16.906906127929688
    27.782186508178711 2.4411463737487793 162.51249694824219
    0.074555687606334686 5505791. -1. 16.906906127929688
    27.782186508178711 2.4411463737487793 272.07376098632813
    0.074555687606334686 5505791. -1. 16.942386627197266
    11.752670288085938 3.5370614528656006 32.0283203125
    0.060622721910476685 15598591. -1. 16.942386627197266
    11.752670288085938 3.5370614528656006 150.83183288574219
    0.060622721910476685 15598591. -1. 17.215085983276367
    81.942146301269531 3.0953056812286377 344.78411865234375
    0.06966642290353775 5964799. -1. 19.209272384643555
    96.283096313476563 3.399688720703125 351.73974609375
    0.024824179708957672 12715007. -1. 19.55665397644043
    24.890079498291016 2.1859169006347656 176.84378051757813
    0.061326276510953903 14221823. -1. 20.284059524536133
    80.237800598144531 2.0356888771057129 141.31990051269531
    0.054137710481882095 9044479. -1. 20.284059524536133
    80.237800598144531 2.0356888771057129 352.47750854492188
    0.054137710481882095 9044479. -1. 22.888599395751953
    58.5665283203125 17.643400192260742 48.76812744140625
    0.022122666239738464 14876930. -1. 23.058380126953125
    25.819101333618164 5.1780118942260742 254.80123901367188
    0.037583373486995697 9765376. -1. 23.160558700561523
    11.377666473388672 4.8750338554382324 4.51068115234375
    0.04416058212518692 5374464. -1. 23.160558700561523
    11.377666473388672 4.8750338554382324 132.7337646484375
    0.04416058212518692 5374464. -1. 23.211980819702148
    18.278772354125977 3.3049829006195068 108.82516479492188
    0.059941940009593964 10683391. -1. 23.211980819702148
    18.278772354125977 3.3049829006195068 255.9306640625
    0.059941940009593964 10683391. -1. 25.940641403198242
    14.56157112121582 2.5115621089935303 113.79411315917969
    0.045818321406841278 7537407. -1. 25.940641403198242
    14.56157112121582 2.5115621089935303 356.46063232421875
    0.045818321406841278 7537407. -1. 26.733959197998047
    79.1746826171875 1.8809623718261719 146.53173828125
    0.064707145094871521 3342847. -1. 27.731794357299805 68.672607421875
    3.4415886402130127 8.740081787109375 0.040370099246501923 13632511.
    -1. 28.908292770385742 14.225702285766602 1.910534143447876
    2.38250732421875 0.038284249603748322 4456959. -1.
    32.567352294921875 67.689888000488281 3.2257297039031982
    0.65216064453125 0.04146735742688179 8913919. -1. 32.567352294921875
    67.689888000488281 3.2257297039031982 129.4290771484375
    0.04146735742688179 8913919. -1. 36.134967803955078 60.0074462890625
    3.0196876525878906 83.608978271484375 0.05102112889289856 4129791.
    -1. 36.134967803955078 60.0074462890625 3.0196876525878906
    282.6839599609375 0.05102112889289856 4129791. -1.
    38.699386596679688 56.510448455810547 2.1694591045379639
    275.56234741210938 0.055982533842325211 13697535. -1.
    39.796016693115234 33.906681060791016 2.1955432891845703
    195.69287109375 0.023470992222428322 14549503. -1.
    39.796016693115234 33.906681060791016 2.1955432891845703
    354.407470703125 0.023470992222428322 14549503. -1.
    39.816310882568359 31.315517425537109 4.3799920082092285
    1.389434814453125 0.022617470473051071 14352640. -1.
    40.959247589111328 68.066810607910156 6.4517550468444824
    95.12994384765625 0.0323319211602211 8913664. -1. 41.038158416748047
    90.73968505859375 2.8761579990386963 316.07171630859375
    0.031799826771020889 656383. -1. 42.120388031005859
    57.21929931640625 2.007969856262207 277.68887329101563
    0.053841151297092438 8061439. -1. 55.049983978271484
    33.346878051757813 2.4464750289916992 68.08892822265625
    0.013415285386145115 5636863. -1. 55.049983978271484
    33.346878051757813 2.4464750289916992 147.640380859375
    0.013415285386145115 5636863. -1. 55.291130065917969
    77.73883056640625 21.805255889892578 55.740631103515625
    0.043820697814226151 13435394. -1. 55.291130065917969
    77.73883056640625 21.805255889892578 145.34072875976563
    0.043820697814226151 13435394. -1. 55.291130065917969
    77.73883056640625 21.805255889892578 241.059326171875
    0.043820697814226151 13435394. -1. 55.636707305908203
    36.114395141601563 8.6664562225341797 234.22248840332031
    0.019086526706814766 13566209. -1. 56.93316650390625
    11.08082389831543 2.0041730403900146 260.70703125
    0.031437031924724579 7930367. -1. 57.364093780517578
    73.463363647460938 2.346297025680542 355.39724731445313
    0.018024306744337082 2622207. -1. 58.166316986083984
    35.314323425292969 2.5751118659973145 67.904266357421875
    0.014659268781542778 9372415. -1. 58.166316986083984
    35.314323425292969 2.5751118659973145 233.0068359375
    0.014659268781542778 9372415. -1. 58.813709259033203
    13.737604141235352 2.4163670539855957 272.6844482421875
    0.04549901932477951 4719359. -1. 62.794887542724609
    12.881014823913574 1.9149652719497681 279.161376953125
    0.031749997287988663 4653567. -1. 62.794887542724609
    12.881014823913574 1.9149652719497681 302.23590087890625
    0.031749997287988663 4653567. -1. 64.510726928710938
    57.413963317871094 1.8959697484970093 254.17474365234375
    0.041832391172647476 3932671. -1. 66.475517272949219
    59.961067199707031 3.1633803844451904 98.281463623046875
    0.056369420140981674 7537663. -1. 67.691520690917969
    54.020500183105469 4.9265608787536621 248.60336303710938
    0.048076119273900986 6160896. -1. 69.347023010253906
    31.574634552001953 2.1212327480316162 129.74287414550781
    0.019001893699169159 12059135. -1. 69.665000915527344
    63.970432281494141 2.8974955081939697 98.602996826171875
    0.036806892603635788 1180671. -1. 70.517707824707031
