<?xml version="1.0"?>
<opencv_storage>
<keypoints type_id="opencv-matrix">
  <rows>96</rows>
  <cols>7</cols>
  <dt>d</dt>
  <data>
    7.2464355468750000e+02 4.7858715820312500e+02 8.3868236541748047e+00
    1.8497277832031250e+02 5.0602585077285767e-02 11206913. -1.
    7.2464355468750000e+02 4.7858715820312500e+02 8.3868236541748047e+00
    2.6134197998046875e+02 5.0602585077285767e-02 11206913. -1.
    7.4753778076171875e+02 5.5798413085937500e+02 1.9755131006240845e+00
    2.6321209716796875e+02 6.2881112098693848e-02 6881791. -1.
    7.4756622314453125e+02 5.9954791259765625e+02 2.1978671550750732e+00
    1.0136236572265625e+02 5.9456426650285721e-02 14615039. -1.
    7.4756622314453125e+02 5.9954791259765625e+02 2.1978671550750732e+00
    1.7456558227539063e+02 5.9456426650285721e-02 14615039. -1.
    7.4823815917968750e+02 5.9797729492187500e+02 3.4909820556640625e+00
    1.1839538574218750e+02 6.3059344887733459e-02 14681087. -1.
    7.4823815917968750e+02 5.9797729492187500e+02 3.4909820556640625e+00
    1.7865261840820313e+02 6.3059344887733459e-02 14681087. -1.
    7.4823815917968750e+02 5.9797729492187500e+02 3.4909820556640625e+00
    2.2482348632812500e+02 6.3059344887733459e-02 14681087. -1.
    7.4836462402343750e+02 3.9807391357421875e+02 2.5700311660766602e+00
    2.4158460998535156e+02 4.5240968465805054e-02 9241343. -1.
    7.5018121337890625e+02 1.2950599670410156e+02 2.0265643596649170e+00
    1.2768708801269531e+02 6.2511667609214783e-02 8716799. -1.
    7.5018121337890625e+02 1.2950599670410156e+02 2.0265643596649170e+00
    2.0059028625488281e+02 6.2511667609214783e-02 8716799. -1.
    7.5022955322265625e+02 7.7837170410156250e+02 2.9811921119689941e+00
    1.4540132141113281e+02 9.3449980020523071e-02 3212287. -1.
    7.5022955322265625e+02 7.7837170410156250e+02 2.9811921119689941e+00
    1.7550727844238281e+02 9.3449980020523071e-02 3212287. -1.
    7.5022955322265625e+02 7.7837170410156250e+02 2.9811921119689941e+00
    2.1613600158691406e+02 9.3449980020523071e-02 3212287. -1.
    7.5022955322265625e+02 7.7837170410156250e+02 2.9811921119689941e+00
    3.5934463500976563e+02 9.3449980020523071e-02 3212287. -1.
    7.5169671630859375e+02 1.2870216369628906e+02 3.4389026165008545e+00
    1.3690864562988281e+02 6.9783702492713928e-02 13566975. -1.
    7.5169671630859375e+02 1.2870216369628906e+02 3.4389026165008545e+00
    2.7273110961914063e+02 6.9783702492713928e-02 13566975. -1.
    7.5194378662109375e+02 7.5894659423828125e+02 1.9639497995376587e+00
    7.2962707519531250e+01 5.8942176401615143e-02 6488575. -1.
    7.5194378662109375e+02 7.5894659423828125e+02 1.9639497995376587e+00
    1.4549125671386719e+02 5.8942176401615143e-02 6488575. -1.
    7.5490234375000000e+02 7.8903540039062500e+02 2.9234728813171387e+00
    1.2874502563476563e+02 6.4136281609535217e-02 1836031. -1.
    7.5584161376953125e+02 6.2856860351562500e+02 7.6133675575256348e+00
    1.8507077026367188e+02 3.0893446877598763e-02 4194561. -1.
    7.5941308593750000e+02 7.8008068847656250e+02 2.4820978641510010e+00
    2.3576445007324219e+02 7.9835943877696991e-02 6685439. -1.
    7.5941308593750000e+02 7.8008068847656250e+02 2.4820978641510010e+00
    3.4500613403320313e+02 7.9835943877696991e-02 6685439. -1.
    7.5980090332031250e+02 7.8557049560546875e+02 4.1960644721984863e+00
    1.3477195739746094e+02 7.9495698213577271e-02 11272448. -1.
    7.6223461914062500e+02 7.7545410156250000e+02 4.9159321784973145e+00
    4.9994079589843750e+01 6.1454828828573227e-02 5964288. -1.
    7.6223461914062500e+02 7.7545410156250000e+02 4.9159321784973145e+00
    2.7161871337890625e+02 6.1454828828573227e-02 5964288. -1.
    7.6433331298828125e+02 4.3483969116210938e+02 5.6629238128662109e+01
    6.7760009765625000e+00 6.2275994569063187e-02 15663875. -1.
    7.6433331298828125e+02 4.3483969116210938e+02 5.6629238128662109e+01
    1.7934638977050781e+02 6.2275994569063187e-02 15663875. -1.
    7.6433331298828125e+02 4.3483969116210938e+02 5.6629238128662109e+01
    2.1726486206054688e+02 6.2275994569063187e-02 15663875. -1.
    7.6433331298828125e+02 4.3483969116210938e+02 5.6629238128662109e+01
    3.2367541503906250e+02 6.2275994569063187e-02 15663875. -1.
    7.6466473388671875e+02 1.3385780334472656e+02 1.6991260528564453e+01
    1.8726783752441406e+02 5.9645965695381165e-02 12124418. -1.
    7.6469488525390625e+02 5.9273913574218750e+02 2.3164638519287109e+01
    4.6677856445312500e+00 5.1894403994083405e-02 1114882. -1.
    7.6469488525390625e+02 5.9273913574218750e+02 2.3164638519287109e+01
    1.7246875000000000e+02 5.1894403994083405e-02 1114882. -1.
    7.6510668945312500e+02 2.0322648620605469e+02 1.2114577484130859e+02
    2.0190948486328125e+02 3.1001884490251541e-02 3801349. -1.
    7.6510668945312500e+02 2.0322648620605469e+02 1.2114577484130859e+02
    3.3836178588867188e+02 3.1001884490251541e-02 3801349. -1.
    7.6513421630859375e+02 7.5148577880859375e+02 1.6715377807617188e+01
    1.7265998840332031e+02 5.4956793785095215e-02 10944770. -1.
    7.6518121337890625e+02 7.9385095214843750e+02 2.5614521503448486e+00
    5.7165039062500000e+01 8.0872826278209686e-02 8979199. -1.
    7.6518121337890625e+02 7.9385095214843750e+02 2.5614521503448486e+00
    1.2247763061523438e+02 8.0872826278209686e-02 8979199. -1.
    7.6530230712890625e+02 7.6340307617187500e+02 2.3331155776977539e+00
    8.8609008789062500e+01 6.0638293623924255e-02 2228991. -1.
    7.6567297363281250e+02 7.8421820068359375e+02 3.6632611751556396e+00
    2.1169482421875000e+02 1.1199885606765747e-01 1442048. -1.
    7.6567297363281250e+02 7.8421820068359375e+02 3.6632611751556396e+00
    2.5726733398437500e+02 1.1199885606765747e-01 1442048. -1.
    7.6567297363281250e+02 7.8421820068359375e+02 3.6632611751556396e+00
    3.2678170776367188e+02 1.1199885606765747e-01 1442048. -1.
    7.6589129638671875e+02 7.9072375488281250e+02 6.7583098411560059e+00
    6.2913024902343750e+01 5.9645887464284897e-02 12321536. -1.
    7.6671575927734375e+02 7.8994854736328125e+02 8.0671768188476563e+00
    6.0167053222656250e+01 5.9111066162586212e-02 8388865. -1.
    7.6671575927734375e+02 7.8994854736328125e+02 8.0671768188476563e+00
    1.1869361877441406e+02 5.9111066162586212e-02 8388865. -1.
    7.7159075927734375e+02 7.8620227050781250e+02 5.0441331863403320e+00
    5.0351165771484375e+01 7.2504036128520966e-02 7864832. -1.
    7.7192932128906250e+02 7.8008410644531250e+02 2.4990186691284180e+00
    2.0699246215820313e+02 8.0491803586483002e-02 7209727. -1.
    7.7192932128906250e+02 7.8008410644531250e+02 2.4990186691284180e+00
    3.0490936279296875e+02 8.0491803586483002e-02 7209727. -1.
    7.7744024658203125e+02 5.2699151611328125e+02 3.0912661552429199e+00
    3.2238153076171875e+02 7.8680671751499176e-02 5833727. -1.
    7.7784454345703125e+02 1.2892460632324219e+02 3.3759574890136719e+00
    4.4057006835937500e+01 6.7541681230068207e-02 12256255. -1.
    7.7800958251953125e+02 7.5706573486328125e+02 3.2663352489471436e+00
    8.7060180664062500e+01 5.9274446219205856e-02 9831423. -1.
    7.7800958251953125e+02 7.5706573486328125e+02 3.2663352489471436e+00
    3.4990869140625000e+02 5.9274446219205856e-02 9831423. -1.
    7.7838543701171875e+02 5.1166647338867188e+02 1.2392719268798828e+01
    3.8326477050781250e+01 2.4340508505702019e-02 6030081. -1.
    7.7887524414062500e+02 5.8463275146484375e+02 2.2130343914031982e+00
    2.7635272216796875e+02 5.7384669780731201e-02 15073791. -1.
    7.7887524414062500e+02 5.8463275146484375e+02 2.2130343914031982e+00
    3.5266006469726563e+02 5.7384669780731201e-02 15073791. -1.
    7.7897827148437500e+02 5.6349694824218750e+02 1.9628242254257202e+00
    9.1313476562500000e+00 6.0541048645973206e-02 6423039. -1.
    7.7897827148437500e+02 5.6349694824218750e+02 1.9628242254257202e+00
    8.1210937500000000e+01 6.0541048645973206e-02 6423039. -1.
    7.8022198486328125e+02 5.9506536865234375e+02 7.0217475891113281e+00
