<?xml version="1.0"?>
<opencv_storage>
<keypoints type_id="opencv-matrix">
  <rows>20</rows>
  <cols>7</cols>
  <dt>d</dt>
  <data>
    1.8248056411743164e+01 2.4999734878540039e+01 4.8127188682556152e+00
    2.9565429687500000e+01 8.3048351109027863e-02 4456960. -1.
    2.0715456008911133e+01 3.0557476043701172e+01 3.3934826850891113e+00
    2.1786802673339844e+02 5.2033606916666031e-02 12583935. -1.
    2.0944358825683594e+01 2.8684722900390625e+01 2.7655115127563477e+00
    2.2166528320312500e+02 4.9128256738185883e-02 14484223. -1.
    2.1429634094238281e+01 2.7734704971313477e+01 2.2359492778778076e+00
    2.2859968566894531e+02 4.9861874431371689e-02 15860223. -1.
    2.2573469161987305e+01 3.4741142272949219e+01 2.1923613548278809e+00
    6.2384704589843750e+01 5.9887886047363281e-02 14418431. -1.
    2.2573469161987305e+01 3.4741142272949219e+01 2.1923613548278809e+00
    2.9641638183593750e+02 5.9887886047363281e-02 14418431. -1.
    2.2650491714477539e+01 1.2536369323730469e+01 2.0169019699096680e+00
    4.6771911621093750e+01 2.8301063925027847e-02 8389119. -1.
    2.3945091247558594e+01 2.2438083648681641e+01 2.6031899452209473e+00
    2.2495886230468750e+02 5.7557705789804459e-02 10158847. -1.
    2.5092811584472656e+01 1.5633122444152832e+01 3.8683247566223145e+00
    1.0322875976562500e+01 8.8828392326831818e-02 5374208. -1.
    2.5092811584472656e+01 1.5633122444152832e+01 3.8683247566223145e+00
    1.3604275512695313e+02 8.8828392326831818e-02 5374208. -1.
    2.5672677993774414e+01 3.1612634658813477e+01 1.8817253112792969e+00
    9.5813781738281250e+01 4.4532280415296555e-02 3342847. -1.
    2.6444343566894531e+01 2.4905048370361328e+01 2.7531681060791016e+00
    2.2352801513671875e+02 4.7224555164575577e-02 14222079. -1.
    2.7277843475341797e+01 3.6342353820800781e+01 4.4082369804382324e+00
    2.5077903747558594e+02 8.2735389471054077e-02 14811392. -1.
    2.7277843475341797e+01 3.6342353820800781e+01 4.4082369804382324e+00
    2.9875802612304688e+02 8.2735389471054077e-02 14811392. -1.
    2.7385984420776367e+01 2.1614629745483398e+01 1.8339365720748901e+00
    3.4050827026367188e+02 6.2232438474893570e-02 1507839. -1.
    2.8957122802734375e+01 3.2114212036132813e+01 2.4517242908477783e+00
    4.0119567871093750e+01 5.6671116501092911e-02 5833471. -1.
    2.8957122802734375e+01 3.2114212036132813e+01 2.4517242908477783e+00
    9.5789123535156250e+01 5.6671116501092911e-02 5833471. -1.
    3.0581497192382813e+01 2.7251047134399414e+01 2.8909475803375244e+00
    9.5975952148437500e+00 5.5948100984096527e-02 984063. -1.
    3.0581497192382813e+01 2.7251047134399414e+01 2.8909475803375244e+00
    3.0840557861328125e+02 5.5948100984096527e-02 984063. -1.
    3.1837652206420898e+01 2.2272008895874023e+01 3.9673049449920654e+00
    1.3974972534179688e+02 7.3464654386043549e-02 7209216. -1.</data></keypoints>
<descriptors type_id="opencv-matrix">
  <rows>20</rows>
  <cols>128</cols>
  <dt>f</dt>
  <data>
    9. 1. 0. 0. 0. 0. 0. 2. 129. 22. 0. 0. 0. 0. 9. 64. 101. 22. 9. 7.
    1. 45. 121. 48. 0. 4. 19. 5. 2. 126. 128. 0. 27. 1. 0. 0. 0. 0. 0.
    9. 129. 19. 1. 2. 1. 0. 1. 129. 86. 15. 14. 55. 50. 3. 6. 85. 18.
    23. 37. 21. 17. 20. 6. 19. 27. 11. 0. 0. 0. 0. 0. 1. 129. 129. 18.
    6. 2. 0. 0. 15. 45. 90. 80. 80. 34. 0. 1. 9. 33. 32. 68. 33. 9. 1.
    4. 48. 2. 4. 0. 0. 0. 0. 0. 0. 12. 98. 22. 0. 0. 0. 0. 0. 2. 76.
    129. 7. 0. 0. 0. 0. 3. 21. 129. 28. 0. 0. 0. 0. 0. 0. 0. 0. 0. 0.
    78. 28. 1. 0. 0. 0. 0. 5. 124. 40. 1. 0. 0. 0. 0. 64. 108. 8. 0. 0.
    0. 0. 1. 40. 9. 0. 5. 0. 5. 29. 13. 19. 124. 80. 25. 12. 3. 32. 61.
    33. 114. 31. 101. 19. 1. 2. 11. 124. 93. 30. 3. 0. 0. 0. 66. 124.
    15. 2. 15. 4. 26. 111. 41. 6. 8. 19. 29. 6. 13. 43. 31. 30. 25. 22.
    124. 8. 3. 14. 25. 32. 11. 61. 11. 0. 2. 40. 124. 96. 2. 4. 10. 19.
    5. 8. 62. 51. 17. 3. 43. 13. 18. 11. 2. 11. 44. 20. 90. 6. 8. 70.
    35. 13. 5. 31. 2. 0. 5. 124. 91. 25. 0. 0. 0. 0. 0. 2. 12. 11. 122.
    71. 24. 25. 3. 7. 19. 14. 97. 40. 30. 17. 0. 0. 1. 122. 115. 12. 0.
    0. 0. 0. 12. 122. 14. 0. 0. 0. 13. 99. 52. 17. 64. 13. 60. 34. 3.
    31. 54. 33. 21. 9. 122. 46. 0. 0. 12. 71. 17. 13. 7. 0. 0. 0. 122.
    122. 4. 2. 18. 12. 22. 65. 15. 4. 8. 28. 44. 4. 12. 25. 12. 42. 26.
    36. 122. 5. 5. 24. 11. 10. 4. 60. 10. 0. 8. 90. 122. 37. 0. 2. 9.
    28. 13. 9. 21. 37. 24. 10. 69. 13. 16. 27. 2. 9. 31. 19. 96. 15. 6.
    58. 48. 13. 3. 21. 1. 0. 14. 122. 63. 40. 6. 0. 2. 5. 3. 19. 82. 20.
    32. 40. 57. 117. 7. 6. 19. 5. 14. 7. 74. 65. 0. 0. 1. 110. 53. 3. 1.
    0. 0. 0. 36. 125. 13. 0. 7. 1. 2. 88. 76. 16. 27. 14. 78. 35. 0. 3.
    13. 60. 39. 10. 125. 64. 0. 0. 3. 15. 3. 8. 16. 2. 0. 2. 114. 125.
    1. 1. 33. 17. 11. 26. 8. 11. 31. 38. 58. 10. 25. 32. 27. 61. 23. 22.
    125. 5. 2. 19. 8. 6. 3. 53. 14. 1. 16. 125. 79. 11. 0. 2. 10. 50.
    34. 19. 12. 11. 10. 9. 76. 16. 20. 40. 16. 7. 19. 11. 125. 40. 2.
    21. 41. 6. 1. 16. 1. 2. 10. 113. 109. 47. 11. 0. 18. 27. 23. 9. 18.
    10. 14. 24. 19. 4. 16. 41. 37. 14. 5. 51. 68. 4. 2. 4. 6. 2. 2. 123.
    18. 1. 1. 30. 123. 4. 0. 19. 7. 36. 58. 10. 36. 36. 0. 0. 123. 23.
    32. 17. 9. 2. 0. 53. 69. 9. 98. 94. 1. 0. 0. 69. 1. 0. 103. 123. 80.
    0. 0. 3. 7. 3. 10. 4. 32. 123. 13. 1. 109. 49. 25. 42. 7. 26. 16. 6.
    17. 17. 84. 123. 42. 0. 0. 0. 0. 0. 98. 102. 7. 0. 0. 0. 0. 18. 123.
    34. 10. 42. 6. 0. 2. 4. 80. 121. 11. 17. 8. 1. 0. 1. 23. 95. 20. 0.
    0. 0. 0. 0. 1. 7. 4. 0. 0. 0. 80. 2. 0. 0. 0. 0. 0. 30. 104. 18. 52.
    32. 2. 5. 4. 62. 5. 10. 125. 35. 1. 6. 4. 11. 3. 62. 125. 0. 0. 0.
    7. 17. 104. 36. 0. 0. 0. 0. 0. 10. 125. 45. 6. 9. 3. 45. 60. 36. 14.
    3. 10. 6. 6. 125. 61. 28. 24. 23. 12. 4. 7. 12. 29. 81. 68. 27. 0.
    0. 0. 0. 0. 25. 125. 41. 0. 0. 1. 16. 12. 101. 39. 4. 1. 0. 89. 125.
    18. 21. 38. 41. 19. 6. 45. 33. 3. 10. 78. 27. 0. 0. 0. 0. 0. 20.
    125. 118. 0. 0. 1. 1. 0. 71. 15. 30. 1. 0. 82. 70. 3. 10. 3. 11. 13.
    4. 49. 85. 49. 0. 0. 0. 0. 0. 0. 0. 0. 0. 9. 0. 0. 0. 0. 0. 0. 15.
    30. 0. 0. 0. 0. 14. 51. 127. 1. 0. 0. 0. 0. 98. 97. 20. 0. 0. 0. 0.
    0. 0. 0. 0. 77. 2. 0. 0. 0. 0. 0. 24. 144. 13. 0. 0. 0. 13. 40. 144.
    34. 4. 1. 0. 0. 116. 144. 46. 0. 0. 0. 0. 0. 0. 0. 0. 68. 27. 0. 0.
    0. 0. 0. 1. 144. 144. 22. 0. 0. 0. 2. 11. 42. 144. 94. 6. 1. 7. 27.
    6. 0. 0. 0. 0. 0. 0. 0. 0. 4. 12. 0. 0. 0. 0. 0. 0. 15. 144. 40. 0.
    0. 0. 1. 9. 64. 144. 90. 0. 0. 0. 3. 28. 5. 1. 4. 25. 17. 22. 22.
    18. 119. 12. 1. 3. 4. 22. 16. 29. 85. 5. 2. 20. 61. 39. 1. 10. 0. 0.
    0. 22. 119. 59. 0. 0. 14. 20. 23. 38. 6. 4. 7. 14. 119. 14. 9. 21.
    8. 5. 4. 36. 52. 5. 12. 119. 82. 9. 0. 13. 0. 0. 8. 119. 98. 11. 1.
    0. 5. 8. 9. 8. 1. 28. 109. 42. 101. 32. 1. 5. 7. 30. 65. 25. 25. 16.
    2. 34. 94. 119. 38. 15. 0. 0. 1. 24. 44. 119. 39. 0. 1. 21. 108. 2.
    0. 14. 42. 16. 5. 2. 119. 16. 1. 26. 44. 15. 5. 24. 119. 9. 5. 26.
    23. 18. 0. 8. 28. 37. 115. 73. 11. 0. 0. 0. 0. 0. 0. 0. 0. 3. 1. 0.
    0. 0. 0. 2. 28. 29. 0. 0. 0. 0. 1. 29. 34. 6. 0. 0. 0. 0. 0. 6. 0.
    0. 26. 0. 0. 0. 0. 0. 0. 16. 125. 4. 0. 0. 0. 19. 71. 133. 14. 1. 0.
    0. 1. 133. 122. 36. 0. 0. 0. 0. 1. 126. 35. 0. 33. 0. 0. 0. 0. 0.
    16. 101. 133. 20. 2. 3. 1. 5. 42. 133. 49. 32. 32. 15. 3. 133. 52.
    17. 0. 14. 8. 0. 11. 133. 64. 0. 128. 3. 0. 2. 0. 0. 12. 133. 31. 3.
    4. 71. 17. 3. 50. 119. 5. 33. 36. 60. 20. 7. 4. 6. 23. 58. 22. 1.
    29. 55. 2. 3. 69. 2. 0. 0. 0. 0. 0. 5. 150. 15. 0. 1. 16. 4. 0. 36.
    35. 3. 1. 10. 94. 38. 23. 12. 7. 7. 8. 6. 10. 16. 53. 9. 84. 4. 0.
    0. 0. 0. 0. 10. 150. 41. 12. 15. 5. 3. 1. 20. 45. 35. 77. 115. 24.
    27. 28. 6. 4. 77. 105. 21. 2. 14. 84. 9. 39. 31. 2. 0. 0. 0. 0. 4.
    110. 150. 134. 34. 0. 0. 0. 6. 7. 40. 150. 150. 1. 0. 0. 0. 0. 84.
    150. 34. 0. 0. 0. 0. 0. 6. 1. 0. 0. 0. 0. 0. 0. 17. 34. 3. 0. 0. 0.
    0. 0. 2. 28. 17. 0. 0. 0. 0. 0. 3. 15. 2. 0. 0. 0. 0. 2. 8. 57. 18.
    11. 4. 50. 30. 7. 83. 71. 0. 4. 32. 51. 7. 126. 126. 21. 0. 1. 7. 1.
    9. 47. 20. 0. 0. 44. 76. 0. 2. 56. 36. 9. 9. 5. 7. 44. 55. 22. 6. 8.
