<?xml version="1.0"?>
<opencv_storage>
<keypoints type_id="opencv-matrix">
  <rows>13</rows>
  <cols>7</cols>
  <dt>d</dt>
  <data>
    1.6539846420288086e+01 2.5348148345947266e+01 5.4855661392211914e+00
    3.2166168212890625e+01 8.2948833703994751e-02 13894144. -1.
    1.9455158233642578e+01 3.1213796615600586e+01 3.8103644847869873e+00
    2.2516065979003906e+02 5.1693245768547058e-02 4260096. -1.
    2.2890783309936523e+01 2.2533109664916992e+01 2.9355425834655762e+00
    2.2218630981445313e+02 5.6051883846521378e-02 2098175. -1.
    2.4297483444213867e+01 1.4846651077270508e+01 4.3907356262207031e+00
    5.3415527343750000e+00 8.8929645717144012e-02 14549248. -1.
    2.4297483444213867e+01 1.4846651077270508e+01 4.3907356262207031e+00
    1.3725379943847656e+02 8.8929645717144012e-02 14549248. -1.
    2.4999374389648438e+01 3.3026031494140625e+01 2.1973805427551270e+00
    9.5556304931640625e+01 4.2801830917596817e-02 14615039. -1.
    2.6040376663208008e+01 2.5009742736816406e+01 3.2640588283538818e+00
    2.2190705871582031e+02 4.6303559094667435e-02 9765887. -1.
    2.6579528808593750e+01 3.8120983123779297e+01 4.9437375068664551e+00
    2.5243484497070313e+02 8.0257065594196320e-02 6423040. -1.
    2.6579528808593750e+01 3.8120983123779297e+01 4.9437375068664551e+00
    2.9321191406250000e+02 8.0257065594196320e-02 6423040. -1.
    2.6792644500732422e+01 2.1354322433471680e+01 2.0704772472381592e+00
    3.4367422485351563e+02 5.8997824788093567e-02 10289663. -1.
    2.8787418365478516e+01 3.3220020294189453e+01 2.9222297668457031e+00
    3.8272155761718750e+01 5.3960483521223068e-02 1770495. -1.
    2.8787418365478516e+01 3.3220020294189453e+01 2.9222297668457031e+00
    8.9419738769531250e+01 5.3960483521223068e-02 1770495. -1.
    3.1874946594238281e+01 2.2257120132446289e+01 4.4731955528259277e+00
    1.3836828613281250e+02 7.2874762117862701e-02 15859968. -1.</data></keypoints>
<descriptors type_id="opencv-matrix">
  <rows>13</rows>
  <cols>128</cols>
  <dt>f</dt>
  <data>
    10. 1. 0. 0. 0. 0. 0. 2. 129. 43. 0. 0. 0. 2. 22. 67. 60. 32. 15. 8.
    2. 58. 129. 32. 0. 7. 22. 3. 2. 127. 129. 0. 24. 1. 0. 0. 0. 0. 0.
    9. 129. 31. 0. 3. 4. 1. 2. 129. 67. 24. 23. 51. 68. 7. 8. 76. 24.
    31. 44. 12. 19. 32. 10. 16. 27. 10. 0. 0. 0. 0. 0. 1. 129. 129. 17.
    11. 6. 0. 0. 24. 45. 76. 65. 83. 67. 1. 1. 12. 38. 26. 69. 36. 11.
    3. 7. 56. 2. 3. 0. 0. 0. 0. 0. 0. 12. 101. 25. 1. 0. 0. 0. 0. 3. 67.
    129. 15. 3. 0. 0. 0. 4. 16. 129. 35. 1. 0. 0. 1. 0. 0. 0. 0. 0. 0.
    58. 42. 1. 0. 0. 0. 0. 4. 125. 54. 1. 0. 0. 0. 0. 74. 125. 11. 0. 0.
    0. 0. 1. 56. 13. 0. 3. 0. 0. 14. 18. 18. 125. 99. 35. 13. 1. 11. 47.
    30. 99. 43. 97. 15. 0. 0. 9. 125. 106. 36. 2. 0. 0. 0. 74. 125. 18.
    1. 13. 4. 6. 105. 45. 8. 17. 22. 35. 9. 6. 28. 35. 26. 27. 18. 125.
    10. 3. 20. 27. 23. 10. 41. 8. 1. 1. 64. 125. 80. 2. 2. 10. 19. 4.
    13. 59. 46. 11. 1. 30. 16. 18. 6. 2. 9. 44. 15. 89. 14. 5. 39. 34.
    15. 11. 17. 1. 1. 1. 101. 112. 64. 3. 0. 4. 1. 3. 25. 14. 19. 24.
    14. 112. 6. 1. 3. 3. 18. 18. 41. 90. 3. 2. 19. 61. 30. 1. 18. 0. 0.
    0. 22. 120. 51. 0. 0. 14. 22. 26. 31. 3. 4. 9. 11. 120. 13. 8. 19.
    5. 4. 4. 34. 50. 5. 15. 120. 68. 6. 0. 13. 0. 0. 6. 120. 109. 8. 0.
    0. 5. 6. 7. 4. 1. 26. 120. 27. 95. 18. 2. 5. 7. 24. 61. 31. 21. 9.
    2. 44. 92. 120. 31. 13. 0. 0. 1. 32. 52. 120. 21. 0. 1. 26. 119. 3.
    1. 13. 38. 8. 4. 5. 120. 9. 1. 20. 35. 16. 4. 29. 115. 10. 11. 39.
    20. 14. 0. 4. 18. 39. 120. 76. 7. 0. 0. 0. 0. 0. 0. 0. 0. 1. 0. 0.
    0. 0. 0. 1. 19. 21. 0. 0. 0. 0. 1. 20. 30. 6. 0. 0. 0. 0. 1. 3. 0.
    0. 16. 0. 0. 0. 0. 0. 0. 12. 111. 5. 0. 0. 0. 18. 63. 136. 14. 2. 0.
    0. 15. 136. 99. 46. 0. 0. 0. 0. 4. 102. 14. 0. 26. 0. 0. 0. 0. 0.
    34. 104. 136. 26. 3. 5. 2. 7. 71. 136. 50. 43. 29. 15. 8. 136. 35.
    20. 1. 12. 3. 0. 15. 136. 42. 1. 123. 3. 1. 8. 1. 0. 23. 136. 19. 3.
    10. 97. 15. 4. 69. 90. 8. 60. 33. 56. 18. 12. 7. 6. 24. 64. 16. 1.
    53. 83. 2. 3. 65. 3. 0. 0. 0. 0. 0. 3. 144. 24. 1. 3. 24. 6. 1. 27.
    31. 6. 2. 11. 103. 34. 33. 14. 9. 9. 7. 8. 14. 16. 63. 12. 72. 6. 0.
    0. 0. 0. 0. 9. 144. 50. 14. 17. 9. 6. 1. 24. 41. 44. 77. 132. 37.
    25. 34. 10. 5. 96. 120. 28. 2. 12. 84. 10. 31. 25. 2. 0. 0. 0. 0. 4.
    99. 140. 140. 35. 1. 0. 0. 8. 6. 38. 144. 144. 9. 0. 0. 0. 0. 76.
    144. 36. 0. 0. 0. 0. 0. 3. 1. 0. 0. 0. 0. 0. 0. 11. 24. 2. 0. 0. 0.
    0. 0. 1. 18. 11. 0. 0. 0. 0. 0. 1. 6. 1. 0. 0. 0. 0. 1. 10. 77. 15.
    9. 2. 41. 20. 8. 103. 86. 0. 1. 22. 37. 4. 94. 125. 21. 0. 1. 9. 1.
    5. 24. 12. 0. 0. 60. 105. 0. 1. 46. 30. 9. 8. 7. 9. 62. 60. 30. 7.
    6. 27. 75. 69. 53. 11. 125. 21. 0. 3. 12. 8. 1. 38. 55. 3. 1. 62.
    52. 16. 0. 7. 59. 37. 34. 11. 6. 24. 9. 29. 23. 12. 41. 68. 72. 39.
    7. 6. 125. 105. 8. 17. 17. 4. 0. 5. 28. 26. 7. 125. 99. 1. 0. 1. 5.
    10. 39. 13. 25. 125. 7. 1. 3. 8. 58. 49. 6. 29. 16. 0. 43. 125. 16.
    10. 3. 1. 10. 3. 6. 48. 27. 59. 121. 6. 1. 1. 6. 1. 20. 105. 22. 3.
    10. 12. 7. 2. 5. 42. 28. 26. 29. 17. 126. 13. 1. 3. 3. 17. 15. 39.
    47. 2. 1. 16. 98. 57. 2. 8. 14. 22. 8. 24. 87. 45. 3. 5. 27. 28. 32.
    38. 4. 8. 18. 17. 126. 14. 8. 30. 12. 5. 5. 40. 23. 3. 13. 126. 83.
    11. 0. 6. 4. 56. 11. 0. 29. 103. 47. 7. 11. 10. 14. 5. 1. 42. 126.
    34. 87. 18. 5. 9. 17. 33. 59. 35. 7. 4. 3. 40. 73. 126. 32. 7. 1.
    126. 105. 0. 0. 5. 9. 2. 1. 46. 126. 4. 1. 12. 31. 6. 3. 12. 126. 8.
    1. 13. 23. 14. 1. 34. 114. 25. 31. 34. 11. 5. 1. 0. 0. 0. 0. 0. 0.
    2. 4. 0. 0. 0. 0. 0. 4. 85. 9. 3. 0. 0. 0. 3. 55. 134. 25. 11. 0. 0.
    1. 48. 134. 54. 24. 0. 0. 0. 0. 0. 0. 14. 134. 3. 0. 0. 3. 2. 19.
    134. 25. 5. 1. 7. 45. 46. 65. 134. 80. 53. 3. 3. 14. 23. 14. 16. 43.
    9. 0. 0. 0. 0. 0. 3. 134. 134. 1. 2. 8. 1. 1. 35. 45. 62. 8. 15. 84.
    48. 14. 13. 25. 22. 11. 7. 7. 12. 25. 46. 6. 7. 0. 0. 0. 0. 0. 0.
    45. 134. 12. 0. 0. 0. 0. 0. 8. 134. 125. 1. 3. 18. 9. 2. 1. 16. 134.
    45. 0. 6. 19. 23. 32. 0. 0. 0. 0. 0. 0. 7. 135. 11. 3. 0. 0. 1. 7.
    90. 39. 89. 38. 1. 1. 9. 33. 49. 8. 47. 36. 3. 10. 67. 35. 8. 61. 4.
    0. 0. 0. 0. 0. 4. 135. 42. 1. 0. 2. 12. 16. 84. 35. 23. 6. 5. 23.
    86. 44. 33. 48. 23. 17. 18. 6. 8. 17. 38. 24. 17. 0. 0. 0. 0. 0. 0.
    135. 135. 26. 0. 1. 2. 1. 4. 17. 135. 135. 6. 10. 47. 22. 3. 8. 4.
    135. 121. 3. 9. 30. 23. 0. 2. 0. 0. 0. 0. 0. 0. 1. 60. 19. 0. 0. 0.
    0. 0. 0. 73. 135. 4. 0. 0. 0. 0. 0. 3. 134. 53. 0. 0. 0. 0. 120. 25.
    0. 0. 0. 6. 25. 75. 91. 33. 24. 8. 7. 4. 0. 20. 2. 19. 14. 2. 70.
    120. 0. 0. 0. 0. 0. 0. 67. 120. 0. 0. 14. 0. 5. 23. 9. 11. 104. 113.
    25. 32. 34. 109. 52. 2. 5. 26. 91. 90. 21. 11. 12. 36. 1. 3. 8. 2.
    0. 0. 86. 120. 1. 1. 0. 0. 101. 120. 5. 3. 11. 3. 56. 22. 33. 120.
    20. 1. 2. 9. 120. 63. 6. 5. 1. 2. 0. 28. 16. 15. 4. 0. 54. 82. 0. 2.
    4. 1. 25. 26. 6. 35. 36. 12. 17. 27. 9. 11. 15. 35. 45. 5. 39. 120.
    34. 1. 7. 4. 1. 2. 33. 78. 13. 1. 23. 8. 0. 2. 0. 27. 85. 15. 20. 3.
    4. 3. 15. 77. 99. 13. 1. 14. 5. 1. 33. 63. 4. 0. 35. 125. 4. 0. 0.
    0. 0. 0. 103. 125. 0. 0. 3. 4. 10. 13. 31. 13. 26. 31. 45. 30. 8.
    11. 25. 44. 17. 14. 125. 53. 0. 1. 43. 21. 1. 18. 7. 1. 0. 6. 125.
    71. 0. 1. 14. 35. 32. 18. 9. 1. 2. 20. 19. 2. 7. 18. 14. 4. 39. 124.
    66. 1. 1. 41. 48. 1. 18. 115. 4. 0. 0. 106. 125. 2. 0. 2. 49. 17.
    16. 4. 12. 9. 2. 33. 32. 24. 114. 12. 0. 0. 10. 69. 1. 4. 89. 125.
    25. 0. 6. 18. 0. 0. 2. 125. 64. 0. 0. 0. 0. 3. 25. 14. 1. 2. 124.
    48. 0. 19. 35. 1. 0. 54. 124. 3. 0. 8. 3. 0. 1. 124. 114. 0. 0. 0.
    0. 0. 13. 124. 13. 0. 0. 6. 63. 101. 24. 1. 11. 7. 6. 110. 112. 5.
    0. 8. 20. 4. 45. 115. 17. 0. 11. 89. 13. 1. 5. 2. 0. 0. 116. 124. 2.
    0. 26. 1. 4. 32. 12. 21. 16. 23. 34. 16. 4. 5. 23. 29. 29. 19. 124.
    35. 3. 10. 11. 9. 1. 24. 18. 2. 2. 59. 124. 46. 0. 2. 12. 3. 7. 5.
    22. 74. 6. 4. 21. 17. 29. 35. 18. 8. 1. 2. 75. 64. 19. 46. 10. 0. 0.
    4. 3. 4. 6. 124. 63. 0. 0. 0. 2. 0. 0. 0. 0. 0. 0. 3. 45. 0. 0. 0.
    0. 0. 4. 141. 16. 0. 17. 26. 2. 0. 70. 141. 1. 27. 42. 12. 1. 23.
