<?xml version="1.0"?>
<opencv_storage>
<keypoints type_id="opencv-matrix">
  <rows>64</rows>
  <cols>7</cols>
  <dt>d</dt>
  <data>
    5.0476784706115723e+00 7.5047225952148438e+01 2.1412708759307861e+00
    5.9964782714843750e+01 6.5454512834548950e-02 12714495. -1.
    5.7790751457214355e+00 5.3039924621582031e+01 5.2053008079528809e+00
    2.8261993408203125e+02 1.9270934164524078e-02 10093056. -1.
    8.3939628601074219e+00 7.6541259765625000e+01 2.3571805953979492e+00
    5.3422576904296875e+01 1.9080076366662979e-02 2949887. -1.
    8.3939628601074219e+00 7.6541259765625000e+01 2.3571805953979492e+00
    2.3766860961914063e+02 1.9080076366662979e-02 2949887. -1.
    1.0138003349304199e+01 2.0016220092773438e+01 2.2213437557220459e+00
    2.6821902465820313e+02 6.5212912857532501e-02 15401471. -1.
    1.0138003349304199e+01 2.0016220092773438e+01 2.2213437557220459e+00
    3.5537261962890625e+02 6.5212912857532501e-02 15401471. -1.
    1.1940706253051758e+01 2.3294874191284180e+01 2.4055166244506836e+00
    2.6729397583007813e+02 3.9810203015804291e-02 4457215. -1.
    1.5359061241149902e+01 5.2163837432861328e+01 1.9411211013793945e+00
    3.5984390258789063e+02 3.2108064740896225e-02 5636607. -1.
    1.6528465270996094e+01 8.3709325790405273e+00 4.2521643638610840e+00
    1.0081875610351563e+02 2.5650039315223694e-02 12189952. -1.
    1.6583736419677734e+01 2.0786682128906250e+01 2.0592935085296631e+00
    6.7090850830078125e+01 5.2836738526821136e-02 9896447. -1.
    2.1315103530883789e+01 6.3484416961669922e+01 2.3729808330535889e+00
    3.1243249511718750e+02 2.6776652783155441e-02 3474175. -1.
    2.1779022216796875e+01 8.1794387817382813e+01 2.6735849380493164e+00
    1.7082121276855469e+02 3.7233028560876846e-02 12059391. -1.
    2.4659196853637695e+01 8.0803146362304688e+01 1.8712004423141479e+00
    1.6766775512695313e+02 4.6884614974260330e-02 2949631. -1.
    2.4727788925170898e+01 1.4876331329345703e+01 2.4089877605438232e+00
    3.2201385498046875e+01 4.8257652670145035e-02 4522751. -1.
    2.5173362731933594e+01 2.5547025680541992e+01 5.3166375160217285e+00
    3.1920898437500000e+01 3.8650255650281906e-02 11665920. -1.
    2.9368381500244141e+01 7.9865653991699219e+01 6.2055144309997559e+00
    1.8032350158691406e+02 4.0200263261795044e-02 6095616. -1.
    2.9492977142333984e+01 3.0013639450073242e+01 3.6958529949188232e+00
    2.2683563232421875e+02 1.5600974671542645e-02 2031872. -1.
    2.9670980453491211e+01 6.3592849731445313e+01 2.5914216041564941e+00
    3.4372430419921875e+02 4.8675615340471268e-02 9831167. -1.
    3.0141866683959961e+01 1.5580569267272949e+01 4.7034077644348145e+00
    4.2278076171875000e+01 5.5584639310836792e-02 2818560. -1.
    3.1918804168701172e+01 7.3930526733398438e+01 2.6726806163787842e+00
    3.3273367309570313e+02 4.1230674833059311e-02 12059391. -1.
    3.3202980041503906e+01 4.7378913879394531e+01 2.0544183254241943e+00
    2.7169409179687500e+02 7.6952196657657623e-02 9699839. -1.
    3.3864391326904297e+01 1.8947252273559570e+01 3.6131312847137451e+00
    2.1040147399902344e+02 3.0987516045570374e-02 459008. -1.
    3.4321540832519531e+01 2.4906209945678711e+01 1.9293974637985229e+00
    2.1227793884277344e+02 4.2923402041196823e-02 5177855. -1.
    3.6249656677246094e+01 5.0582263946533203e+01 3.0471482276916504e+00
    8.8999694824218750e+01 6.7840889096260071e-02 4785151. -1.
    3.6249656677246094e+01 5.0582263946533203e+01 3.0471482276916504e+00
    2.6525518798828125e+02 6.7840889096260071e-02 4785151. -1.
    3.8806297302246094e+01 7.4694206237792969e+01 5.8671450614929199e+00
    2.3071490478515625e+02 4.3730337172746658e-02 2097920. -1.
    3.9071712493896484e+01 9.0317487716674805e+00 2.3940920829772949e+00
    6.3207946777343750e+01 6.0222886502742767e-02 4063999. -1.
    4.1297119140625000e+01 2.5237342834472656e+01 4.1322546005249023e+00
    8.3327026367187500e+01 2.0136559382081032e-02 10158336. -1.
    4.1297119140625000e+01 2.5237342834472656e+01 4.1322546005249023e+00
    2.9433355712890625e+02 2.0136559382081032e-02 10158336. -1.
    4.1690258026123047e+01 5.3456081390380859e+01 2.3391103744506836e+00
    5.2836425781250000e+01 4.5311015099287033e-02 2425599. -1.
    4.2974895477294922e+01 7.5382289886474609e+00 2.2377293109893799e+00
    7.6765075683593750e+01 5.7911437004804611e-02 15925759. -1.
    4.6521541595458984e+01 1.1910284996032715e+01 3.8347756862640381e+00
    2.3118666076660156e+02 2.4303404614329338e-02 4718848. -1.
    4.7376399993896484e+01 6.2859138488769531e+01 1.5855079650878906e+01
    2.5230560302734375e+02 6.1287406831979752e-02 7143682. -1.
    5.0216461181640625e+01 7.0174690246582031e+01 5.1700644493103027e+00
    2.6063500976562500e+02 3.9718780666589737e-02 9634304. -1.
    5.0874004364013672e+01 1.0998622894287109e+01 3.3315753936767578e+00
    9.1824829101562500e+01 2.1696092560887337e-02 11273215. -1.
    5.0874004364013672e+01 1.0998622894287109e+01 3.3315753936767578e+00
    2.4805200195312500e+02 2.1696092560887337e-02 11273215. -1.
    5.1501579284667969e+01 5.2225090026855469e+01 3.0857777595520020e+00
    2.6964447021484375e+01 3.4588862210512161e-02 5702655. -1.
    5.1501579284667969e+01 5.2225090026855469e+01 3.0857777595520020e+00
    1.2421470642089844e+02 3.4588862210512161e-02 5702655. -1.
    5.2056411743164063e+01 2.4121116638183594e+01 1.0299183845520020e+01
    1.1635185241699219e+02 1.8302004784345627e-02 9372161. -1.
    5.2140338897705078e+01 2.5509815216064453e+01 4.0047841072082520e+00
    8.1338165283203125e+01 2.0216016098856926e-02 7864576. -1.
    5.2140338897705078e+01 2.5509815216064453e+01 4.0047841072082520e+00
    2.2200875854492188e+02 2.0216016098856926e-02 7864576. -1.
    5.2140338897705078e+01 2.5509815216064453e+01 4.0047841072082520e+00
    2.8981622314453125e+02 2.0216016098856926e-02 7864576. -1.
    5.4171909332275391e+01 5.4502834320068359e+01 4.9378862380981445e+00
    1.3122642517089844e+02 3.0541498214006424e-02 6291968. -1.
    5.4715721130371094e+01 4.7043777465820313e+01 2.0163130760192871e+00
    2.2692475891113281e+02 5.5457267910242081e-02 8389119. -1.
    5.5784896850585938e+01 4.9881458282470703e+01 2.5002348423004150e+00
    1.0795799255371094e+02 5.7804845273494720e-02 7209727. -1.
    5.6974235534667969e+01 5.4048591613769531e+01 3.0424163341522217e+00
    1.1397039794921875e+02 3.4175973385572433e-02 4719615. -1.
    5.8407493591308594e+01 4.9290710449218750e+01 3.7853736877441406e+00
    1.1918128967285156e+02 6.1668947339057922e-02 3801344. -1.
    6.0519237518310547e+01 7.2171798706054688e+01 2.7196471691131592e+00
    2.1052041625976563e+02 6.2674097716808319e-02 13304575. -1.
    6.0519237518310547e+01 7.2171798706054688e+01 2.7196471691131592e+00
    3.3976104736328125e+02 6.2674097716808319e-02 13304575. -1.
    6.4492065429687500e+01 6.7826622009277344e+01 2.0340850353240967e+00
    5.2548492431640625e+01 6.8508081138134003e-02 8978943. -1.
    6.4492065429687500e+01 6.7826622009277344e+01 2.0340850353240967e+00
    2.1658462524414063e+02 6.8508081138134003e-02 8978943. -1.
    6.5691764831542969e+01 3.4994766235351563e+01 6.4317831993103027e+00
    1.7545620727539063e+02 1.7173800617456436e-02 8717056. -1.
    6.8906219482421875e+01 7.3841819763183594e+01 3.3122463226318359e+00
    2.7937316894531250e+00 4.1427392512559891e-02 10879999. -1.
    6.9230476379394531e+01 7.8800621032714844e+01 3.2604901790618896e+00
    1.2127349853515625e+01 4.9100186675786972e-02 9700351. -1.
    6.9297035217285156e+01 2.0223001480102539e+01 2.6802971363067627e+00
    1.4863327026367188e+02 1.9256284460425377e-02 12255999. -1.
    6.9297035217285156e+01 2.0223001480102539e+01 2.6802971363067627e+00
    3.2222973632812500e+02 1.9256284460425377e-02 12255999. -1.
    7.2979278564453125e+01 7.6977416992187500e+01 2.7007012367248535e+00
    4.5617065429687500e+00 5.1669444888830185e-02 12780287. -1.
    7.3481193542480469e+01 6.8396942138671875e+01 2.1514403820037842e+00
