<?xml version="1.0"?>
<opencv_storage>
<keypoints type_id="opencv-matrix">
  <rows>18</rows>
  <cols>7</cols>
  <dt>d</dt>
  <data>
    1.7020219802856445e+01 2.1203746795654297e+01 3.9690177440643311e+00
    8.7663543701171875e+01 6.6331677138805389e-02 7209216. -1.
    1.7020219802856445e+01 2.1203746795654297e+01 3.9690177440643311e+00
    3.3444793701171875e+02 6.6331677138805389e-02 7209216. -1.
    1.7021333694458008e+01 3.1180444717407227e+01 3.9852092266082764e+00
    2.7612579345703125e+01 6.6732510924339294e-02 7536896. -1.
    1.7021333694458008e+01 3.1180444717407227e+01 3.9852092266082764e+00
    2.7244256591796875e+02 6.6732510924339294e-02 7536896. -1.
    2.5444438934326172e+01 2.5896245956420898e+01 1.5202555656433105e+01
    2.7329376220703125e+01 5.9384331107139587e-02 4063490. -1.
    2.5444438934326172e+01 2.5896245956420898e+01 1.5202555656433105e+01
    6.9165283203125000e+01 5.9384331107139587e-02 4063490. -1.
    2.5444438934326172e+01 2.5896245956420898e+01 1.5202555656433105e+01
    1.1424404907226563e+02 5.9384331107139587e-02 4063490. -1.
    2.5444438934326172e+01 2.5896245956420898e+01 1.5202555656433105e+01
    3.3765020751953125e+02 5.9384331107139587e-02 4063490. -1.
    2.5532915115356445e+01 1.6191854476928711e+01 4.5685620307922363e+00
    1.4052349853515625e+02 6.5291702747344971e-02 655872. -1.
    2.5535335540771484e+01 3.6162738800048828e+01 4.6366782188415527e+00
    2.1948396301269531e+02 6.5616585314273834e-02 1769984. -1.
    2.5535335540771484e+01 3.6162738800048828e+01 4.6366782188415527e+00
    3.1951635742187500e+02 6.5616585314273834e-02 1769984. -1.
    2.5575153350830078e+01 2.6264984130859375e+01 3.0064394474029541e+00
    2.7538177490234375e+01 3.7892736494541168e-02 3867647. -1.
    2.5575153350830078e+01 2.6264984130859375e+01 3.0064394474029541e+00
    2.1327970886230469e+02 3.7892736494541168e-02 3867647. -1.
    2.5575153350830078e+01 2.6264984130859375e+01 3.0064394474029541e+00
    3.2968392944335938e+02 3.7892736494541168e-02 3867647. -1.
    3.4089717864990234e+01 3.1161281585693359e+01 3.9481835365295410e+00
    1.5261320495605469e+02 6.7205935716629028e-02 6816000. -1.
    3.4089717864990234e+01 3.1161281585693359e+01 3.9481835365295410e+00
    2.6981842041015625e+02 6.7205935716629028e-02 6816000. -1.
    3.4106403350830078e+01 2.1210971832275391e+01 3.9559299945831299e+00
    9.0706451416015625e+01 6.6976919770240784e-02 7012608. -1.
    3.4106403350830078e+01 2.1210971832275391e+01 3.9559299945831299e+00
    2.0470783996582031e+02 6.6976919770240784e-02 7012608. -1.</data></keypoints>
<descriptors type_id="opencv-matrix">
  <rows>18</rows>
  <cols>128</cols>
  <dt>f</dt>
  <data>
    88. 116. 14. 0. 0. 0. 17. 91. 22. 90. 63. 20. 6. 21. 69. 71. 5. 18.
    33. 21. 7. 23. 32. 16. 6. 18. 26. 14. 4. 18. 27. 17. 38. 125. 26. 0.
    0. 0. 0. 0. 125. 125. 71. 15. 2. 1. 7. 28. 35. 37. 63. 85. 32. 13.
    17. 23. 24. 59. 45. 28. 39. 19. 16. 13. 40. 19. 1. 0. 0. 0. 0. 0.
    125. 125. 120. 31. 0. 0. 0. 5. 13. 65. 125. 125. 7. 1. 1. 2. 9. 125.
    125. 39. 26. 3. 1. 1. 1. 5. 1. 0. 0. 0. 0. 0. 1. 19. 39. 5. 0. 0. 0.
    0. 0. 5. 38. 16. 0. 0. 0. 0. 0. 22. 41. 4. 0. 0. 0. 0. 1. 0. 0. 0.
    0. 0. 0. 5. 2. 0. 0. 0. 0. 6. 36. 23. 0. 0. 0. 0. 0. 16. 43. 15. 0.
    0. 0. 0. 0. 10. 59. 42. 39. 0. 0. 0. 0. 0. 0. 18. 125. 7. 0. 0. 1.
    33. 109. 125. 17. 2. 0. 1. 5. 125. 125. 113. 10. 1. 1. 4. 44. 52.
    125. 125. 42. 1. 0. 0. 0. 0. 10. 95. 125. 58. 6. 2. 2. 10. 47. 125.
    65. 39. 16. 16. 24. 50. 40. 54. 37. 13. 19. 50. 64. 17. 19. 51. 83.
    54. 11. 0. 0. 0. 11. 119. 38. 53. 43. 12. 10. 13. 64. 105. 45. 10.
    10. 15. 14. 10. 15. 38. 8. 6. 16. 35. 29. 10. 7. 12. 85. 104. 12. 0.
    0. 0. 13. 74. 37. 93. 61. 13. 8. 15. 44. 67. 37. 45. 17. 10. 14. 17.
    8. 6. 8. 12. 9. 12. 35. 30. 16. 7. 37. 114. 17. 0. 0. 0. 0. 0. 126.
    126. 57. 10. 2. 2. 6. 50. 62. 56. 36. 46. 26. 19. 16. 39. 40. 49.
    20. 16. 63. 49. 24. 13. 37. 17. 0. 0. 0. 0. 0. 0. 126. 126. 94. 31.
    1. 0. 0. 8. 21. 104. 126. 126. 8. 1. 1. 4. 12. 126. 126. 50. 41. 4.
    1. 1. 2. 5. 0. 0. 0. 0. 0. 0. 3. 30. 39. 7. 0. 0. 0. 0. 0. 13. 50.
    24. 0. 0. 0. 0. 0. 38. 60. 9. 0. 0. 0. 0. 1. 0. 0. 0. 0. 0. 1. 6. 1.
    0. 0. 0. 0. 6. 42. 18. 0. 0. 0. 0. 0. 15. 35. 6. 0. 0. 0. 0. 0. 5.
    42. 21. 49. 0. 0. 0. 0. 0. 1. 24. 123. 7. 0. 0. 1. 40. 123. 123. 10.
    2. 0. 1. 8. 123. 123. 71. 8. 1. 1. 3. 33. 46. 123. 123. 46. 0. 0. 0.
    0. 0. 29. 123. 123. 35. 9. 3. 3. 19. 73. 123. 29. 20. 17. 15. 31.
    81. 60. 43. 23. 10. 15. 21. 46. 29. 45. 58. 89. 93. 19. 0. 0. 0. 16.
    119. 19. 64. 66. 25. 8. 24. 62. 79. 5. 21. 30. 22. 7. 19. 31. 21. 6.
    18. 30. 16. 4. 13. 27. 19. 0. 0. 0. 0. 0. 0. 0. 0. 1. 0. 0. 0. 0. 1.
    29. 16. 0. 0. 0. 0. 0. 6. 42. 4. 0. 0. 0. 0. 0. 0. 0. 0. 33. 1. 0.
    0. 0. 0. 0. 18. 146. 37. 5. 3. 5. 27. 146. 146. 20. 12. 7. 27. 112.
    146. 146. 70. 0. 0. 0. 3. 17. 6. 0. 0. 28. 11. 0. 0. 0. 0. 0. 4.
    146. 146. 90. 16. 6. 7. 11. 54. 24. 101. 118. 146. 146. 51. 16. 16.
    0. 0. 0. 10. 33. 2. 0. 0. 0. 1. 0. 0. 0. 0. 0. 0. 0. 41. 13. 0. 0.
    0. 0. 0. 0. 12. 12. 2. 0. 0. 0. 0. 0. 0. 0. 0. 0. 0. 0. 0. 0. 0. 0.
    0. 0. 0. 0. 1. 0. 0. 0. 0. 0. 0. 13. 33. 0. 0. 0. 0. 0. 3. 11. 7. 0.
    0. 0. 0. 0. 0. 0. 0. 26. 5. 0. 0. 0. 0. 0. 12. 148. 61. 11. 5. 3.
    21. 115. 148. 21. 17. 19. 37. 114. 148. 147. 79. 0. 0. 0. 1. 18. 24.
    0. 0. 29. 22. 0. 0. 0. 0. 0. 1. 148. 148. 148. 17. 3. 5. 7. 36. 18.
    82. 148. 148. 85. 49. 11. 11. 0. 0. 1. 5. 10. 6. 0. 0. 0. 1. 0. 0.
    0. 0. 0. 0. 1. 18. 25. 1. 0. 0. 0. 0. 0. 5. 47. 5. 0. 0. 0. 0. 0. 0.
    0. 0. 0. 0. 0. 0. 0. 0. 0. 0. 0. 0. 0. 0. 0. 0. 0. 0. 0. 3. 15. 6.
    0. 0. 0. 0. 0. 13. 30. 2. 0. 0. 0. 0. 0. 0. 0. 0. 42. 3. 0. 0. 0. 0.
    0. 8. 148. 69. 20. 11. 7. 29. 107. 148. 18. 16. 25. 97. 111. 148.
    148. 53. 0. 0. 0. 11. 10. 3. 0. 0. 27. 16. 1. 0. 0. 0. 0. 2. 148.
    148. 148. 36. 5. 3. 5. 28. 12. 55. 148. 148. 84. 18. 6. 7. 0. 0. 1.
    42. 11. 0. 0. 0. 0. 1. 0. 0. 0. 0. 0. 0. 0. 19. 32. 1. 0. 0. 0. 0.
    0. 4. 27. 11. 0. 0. 0. 0. 0. 0. 0. 1. 0. 0. 0. 0. 0. 0. 0. 0. 0. 0.
    0. 1. 0. 0. 0. 0. 0. 1. 29. 21. 0. 0. 0. 0. 0. 12. 26. 5. 0. 0. 0.
    0. 0. 1. 0. 0. 26. 1. 0. 0. 0. 0. 1. 18. 147. 17. 3. 5. 7. 36. 147.
    147. 11. 5. 3. 21. 118. 147. 147. 61. 0. 0. 0. 0. 14. 33. 0. 0. 48.
    4. 0. 0. 0. 0. 0. 5. 147. 147. 87. 50. 11. 11. 18. 83. 18. 36. 116.
    147. 147. 79. 21. 17. 0. 0. 0. 3. 12. 8. 0. 0. 0. 0. 0. 0. 0. 0. 0.
    0. 1. 5. 11. 6. 0. 0. 0. 0. 0. 1. 19. 24. 0. 0. 0. 0. 0. 0. 0. 0. 0.
    0. 0. 0. 70. 36. 0. 0. 0. 0. 4. 53. 81. 88. 3. 0. 0. 1. 59. 135. 32.
    11. 3. 4. 3. 5. 30. 65. 9. 4. 12. 29. 23. 9. 10. 20. 60. 66. 0. 0.
    0. 0. 0. 1. 135. 135. 11. 2. 0. 0. 2. 40. 59. 27. 47. 51. 19. 6. 13.
    45. 2. 14. 31. 67. 58. 10. 2. 2. 41. 17. 0. 0. 0. 0. 0. 1. 135. 135.
    118. 13. 0. 0. 0. 8. 19. 92. 135. 94. 3. 0. 0. 3. 1. 89. 135. 102.
    58. 2. 0. 0. 1. 6. 1. 0. 0. 0. 0. 0. 1. 29. 44. 3. 0. 0. 0. 0. 0.
    20. 72. 11. 0. 0. 0. 0. 0. 27. 64. 22. 1. 0. 0. 0. 1. 0. 0. 0. 0. 0.
    1. 7. 2. 0. 0. 0. 0. 4. 48. 31. 0. 0. 0. 0. 0. 11. 78. 25. 0. 0. 0.
    0. 2. 27. 66. 27. 45. 1. 0. 0. 0. 0. 0. 19. 133. 10. 0. 0. 0. 16.
    122. 133. 18. 4. 1. 1. 5. 95. 133. 96. 1. 1. 0. 3. 68. 112. 127. 81.
    64. 2. 0. 0. 0. 0. 0. 74. 133. 43. 4. 1. 1. 3. 11. 133. 51. 43. 15.
    7. 20. 50. 38. 23. 2. 2. 2. 10. 50. 74. 34. 11. 66. 61. 5. 0. 0. 0.
    0. 32. 75. 133. 64. 2. 0. 1. 3. 73. 43. 61. 26. 6. 2. 4. 3. 9. 8.
    22. 12. 13. 28. 31. 12. 4. 78. 44. 0. 0. 0. 0. 6. 60. 76. 78. 3. 1.
    0. 3. 62. 130. 34. 7. 4. 6. 3. 6. 21. 53. 7. 3. 12. 35. 33. 16. 9.
    16. 84. 71. 0. 0. 0. 0. 0. 2. 130. 130. 18. 7. 1. 1. 5. 46. 33. 23.
    53. 61. 20. 7. 13. 33. 2. 12. 40. 87. 57. 9. 2. 1. 51. 29. 1. 0. 0.
    0. 0. 1. 130. 130. 130. 25. 0. 0. 0. 6. 8. 107. 130. 85. 3. 1. 0. 2.
    1. 73. 107. 129. 72. 2. 0. 0. 1. 7. 1. 0. 0. 0. 0. 0. 1. 21. 43. 4.
    0. 0. 0. 0. 0. 26. 58. 7. 0. 0. 0. 0. 0. 20. 53. 28. 2. 0. 0. 0.
