<?xml version="1.0"?>
<opencv_storage>
<keypoints type_id="opencv-matrix">
  <rows>134</rows>
  <cols>7</cols>
  <dt>d</dt>
  <data>
    6.5442609786987305e+00 8.8053260803222656e+01 3.4856781959533691e+00
    1.7688476562500000e+01 2.1536149084568024e-02 14550015. -1.
    1.1870033264160156e+01 1.3034014892578125e+02 9.8098182678222656e+00
    1.0091732788085938e+02 3.8521960377693176e-02 5833217. -1.
    1.1870033264160156e+01 1.3034014892578125e+02 9.8098182678222656e+00
    1.9484918212890625e+02 3.8521960377693176e-02 5833217. -1.
    1.2153679847717285e+01 8.1935333251953125e+01 3.0955185890197754e+00
    6.5425537109375000e+01 2.0995952188968658e-02 5964799. -1.
    1.2989510536193848e+01 8.9512481689453125e+01 6.5034599304199219e+00
    3.6854980468750000e+01 3.7027094513177872e-02 9503488. -1.
    1.2989510536193848e+01 8.9512481689453125e+01 6.5034599304199219e+00
    2.9677227783203125e+02 3.7027094513177872e-02 9503488. -1.
    1.3722066879272461e+01 9.8788795471191406e+01 4.9713802337646484e+00
    3.0478393554687500e+02 2.7563307434320450e-02 6816256. -1.
    1.3952591896057129e+01 1.1915937805175781e+02 5.6072983741760254e+00
    5.1468078613281250e+01 2.4728549644351006e-02 15532544. -1.
    1.6171657562255859e+01 8.1783157348632813e+01 2.1268646717071533e+00
    2.8144683837890625e+02 2.2284992039203644e-02 12255743. -1.
    1.7508649826049805e+01 1.0824555206298828e+02 1.0165179252624512e+01
    3.4642523193359375e+02 2.9404291883111000e-02 8389121. -1.
    1.9689344406127930e+01 1.6856693267822266e+01 1.3492230415344238e+01
    9.8833587646484375e+01 4.2374804615974426e-02 12190465. -1.
    1.9943161010742188e+01 8.3533309936523438e+01 3.7857818603515625e+00
    3.4020245361328125e+02 3.0231706798076630e-02 3801344. -1.
    2.0399988174438477e+01 8.8237014770507813e+01 3.8381359577178955e+00
    1.5626260375976563e+02 2.8960581868886948e-02 4784384. -1.
    2.0399988174438477e+01 8.8237014770507813e+01 3.8381359577178955e+00
    3.3992803955078125e+02 2.8960581868886948e-02 4784384. -1.
    2.0693496704101563e+01 1.0962550354003906e+02 6.6803469657897949e+00
    3.4371011352539063e+02 2.9811328276991844e-02 11469568. -1.
    2.2027362823486328e+01 3.1827135086059570e+01 4.1374120712280273e+00
    3.2225820922851563e+02 2.0610796287655830e-02 10223872. -1.
    2.2448907852172852e+01 1.2918778991699219e+02 5.1560311317443848e+00
    2.0620024108886719e+02 2.6055801659822464e-02 9437696. -1.
    2.3203889846801758e+01 1.2925321960449219e+02 5.8614516258239746e+00
    2.0023779296875000e+02 2.6056945323944092e-02 1966848. -1.
    2.3324678421020508e+01 4.4111701965332031e+01 3.7098946571350098e+00
    3.0968261718750000e+01 2.9780894517898560e-02 2359552. -1.
    2.3340118408203125e+01 4.3438636779785156e+01 3.1888644695281982e+00
    3.2205169677734375e+01 2.9872469604015350e-02 8127487. -1.
    2.6687541961669922e+01 8.6487289428710938e+01 4.9691185951232910e+00
    1.7356842041015625e+02 3.1750965863466263e-02 6750720. -1.
    2.8514518737792969e+01 9.4565467834472656e+01 4.7158446311950684e+00
    1.1085476684570313e+02 3.0733773484826088e-02 2949632. -1.
    3.1147972106933594e+01 5.0885311126708984e+01 4.0448160171508789e+00
    2.0746633911132813e+02 1.9626313820481300e-02 8585472. -1.
    3.1824653625488281e+01 5.0616359710693359e+01 3.3382782936096191e+00
    1.2994897460937500e+02 1.9789014011621475e-02 11404287. -1.
    3.1824653625488281e+01 5.0616359710693359e+01 3.3382782936096191e+00
    2.0655416870117188e+02 1.9789014011621475e-02 11404287. -1.
    3.2487998962402344e+01 4.1299339294433594e+01 2.5749087333679199e+00
    3.1163845825195313e+02 2.3529181256890297e-02 9372415. -1.
    3.2756320953369141e+01 1.0967179870605469e+02 1.1109656333923340e+01
    2.8241915893554688e+02 3.0646827071905136e-02 14811649. -1.
    3.2756320953369141e+01 1.0967179870605469e+02 1.1109656333923340e+01
    3.4766897583007813e+02 3.0646827071905136e-02 14811649. -1.
    3.3953018188476563e+01 4.5684089660644531e+01 4.3230166435241699e+00
    3.5770617675781250e+02 2.7557136490941048e-02 13369600. -1.
    3.4165401458740234e+01 9.2365409851074219e+01 3.1116721630096436e+00
    2.9834130859375000e+02 2.7211498469114304e-02 6358015. -1.
    3.4363056182861328e+01 1.1625424957275391e+02 3.0298781394958496e+00
    2.8674310302734375e+02 1.8606366589665413e-02 4391935. -1.
    3.4373012542724609e+01 8.2518753051757813e+01 6.7583565711975098e+00
    3.8823242187500000e+01 2.5987230241298676e-02 12321536. -1.
    3.5078311920166016e+01 9.2164436340332031e+01 3.7483844757080078e+00
    3.7005035400390625e+01 2.6920985430479050e-02 3080448. -1.
    3.5078311920166016e+01 9.2164436340332031e+01 3.7483844757080078e+00
    2.9845471191406250e+02 2.6920985430479050e-02 3080448. -1.
    3.9245918273925781e+01 2.0347352981567383e+01 6.1145930290222168e+00
    1.1365777587890625e+02 2.1551659330725670e-02 5047040. -1.
    4.0483547210693359e+01 6.6939811706542969e+01 1.5904934883117676e+01
    2.0166595458984375e+01 3.1795389950275421e-02 7340290. -1.
    4.0703090667724609e+01 9.9353950500488281e+01 4.7568449974060059e+00
    3.0399758911132813e+02 3.0885694548487663e-02 3604992. -1.
    4.1146953582763672e+01 4.5652713775634766e+01 5.4087271690368652e+00
    2.9737600708007813e+02 3.4186493605375290e-02 12911104. -1.
    4.2185237884521484e+01 2.1322877883911133e+01 3.8979084491729736e+00
    1.2095431518554688e+02 2.2583289071917534e-02 5898496. -1.
    4.2963703155517578e+01 2.1562826156616211e+01 3.2298290729522705e+00
    1.2403988647460938e+02 2.2759584710001945e-02 9044991. -1.
    4.5100902557373047e+01 1.2084216308593750e+02 4.9573855400085449e+00
    3.1395565795898438e+02 2.9488168656826019e-02 6619648. -1.
    4.6570301055908203e+01 1.1297518920898438e+02 4.7247366905212402e+00
    1.5579684448242188e+02 2.8201773762702942e-02 3146240. -1.
    4.7453582763671875e+01 8.8163436889648438e+01 1.2566525459289551e+01
    3.0655151367187500e+01 1.9467912614345551e-02 7013121. -1.
    4.7601337432861328e+01 5.2131546020507813e+01 2.6531417369842529e+00
    2.8076550292968750e+02 2.4395894259214401e-02 11535103. -1.
    4.7929714202880859e+01 2.2164566040039063e+01 3.6047408580780029e+00
    5.8784240722656250e+01 2.3773474618792534e-02 262400. -1.
    4.8037273406982422e+01 5.6103462219238281e+01 3.0058331489562988e+00
    3.1989764404296875e+02 1.9099606201052666e-02 3802111. -1.
    4.8931541442871094e+01 1.0709324645996094e+02 3.5681328773498535e+00
    3.3655926513671875e+02 2.6953255757689476e-02 16253951. -1.
    4.9056339263916016e+01 1.0676485443115234e+02 3.7663638591766357e+00
    3.3125207519531250e+02 2.7175923809409142e-02 3408128. -1.
    5.1521167755126953e+01 1.2876313781738281e+02 6.5006289482116699e+00
    3.2248999023437500e+02 4.1223578155040741e-02 9503488. -1.
    5.2293510437011719e+01 1.1541921234130859e+02 2.7267661094665527e+00
    3.2205407714843750e+02 3.2194849103689194e-02 13501183. -1.
    5.4502937316894531e+01 3.3371257781982422e+01 2.4596464157104492e+01
    7.5662933349609375e+01 4.6778153628110886e-02 5440258. -1.
    5.5355686187744141e+01 7.2080825805664063e+01 2.6053247451782227e+00
    4.8344909667968750e+01 1.5492501668632030e-02 10224383. -1.
    5.6128208160400391e+01 4.9589515686035156e+01 3.0969381332397461e+00
    2.0470935058593750e+02 2.3512259125709534e-02 5964799. -1.
    5.6128208160400391e+01 4.9589515686035156e+01 3.0969381332397461e+00
    2.7089639282226563e+02 2.3512259125709534e-02 5964799. -1.
    5.6671302795410156e+01 1.3206141662597656e+02 2.6504263877868652e+00
    2.3449923706054688e+02 1.4791520312428474e-02 11469567. -1.
    5.8236499786376953e+01 1.0870837402343750e+02 8.3192186355590820e+00
    6.7932739257812500e+00 2.8875792399048805e-02 10617089. -1.
    5.8679512023925781e+01 1.7558429718017578e+01 1.9662780761718750e+00
    6.5003051757812500e+01 2.0463734865188599e-02 6554111. -1.
    5.9809089660644531e+01 1.1479619598388672e+02 3.9619820117950439e+00
