<?xml version="1.0"?>
<opencv_storage>
<keypoints type_id="opencv-matrix">
  <rows>12</rows>
  <cols>7</cols>
  <dt>d</dt>
  <data>
    1.0107659339904785e+01 2.5854476928710938e+01 2.0581896305084229e+00
    3.5484313964843750e+02 6.8730525672435760e-02 9830911. -1.
    1.0825267791748047e+01 1.1075395584106445e+01 3.2378711700439453e+00
    3.9989013671875000e+00 6.3856400549411774e-02 9176063. -1.
    1.0825267791748047e+01 1.1075395584106445e+01 3.2378711700439453e+00
    1.1702813720703125e+02 6.3856400549411774e-02 9176063. -1.
    1.5593086242675781e+01 2.3684843063354492e+01 2.3793723583221436e+00
    5.8095947265625000e+01 6.0828160494565964e-02 3605247. -1.
    1.5593086242675781e+01 2.3684843063354492e+01 2.3793723583221436e+00
    2.4536285400390625e+02 6.0828160494565964e-02 3605247. -1.
    2.4209468841552734e+01 1.8235820770263672e+01 3.6948349475860596e+00
    9.5066619873046875e+01 4.8519663512706757e-02 2031872. -1.
    2.4209468841552734e+01 1.8235820770263672e+01 3.6948349475860596e+00
    2.6631726074218750e+02 4.8519663512706757e-02 2031872. -1.
    3.5633380889892578e+01 1.2851165771484375e+01 2.4176874160766602e+00
    6.4259368896484375e+01 5.8856710791587830e-02 4784895. -1.
    3.5633380889892578e+01 1.2851165771484375e+01 2.4176874160766602e+00
    2.3597463989257813e+02 5.8856710791587830e-02 4784895. -1.
    4.0635601043701172e+01 2.5453563690185547e+01 3.1007032394409180e+00
    1.8447610473632813e+02 6.4285233616828918e-02 6095871. -1.
    4.0635601043701172e+01 2.5453563690185547e+01 3.1007032394409180e+00
    2.9690771484375000e+02 6.4285233616828918e-02 6095871. -1.
    4.1313556671142578e+01 1.0588773727416992e+01 2.0865843296051025e+00
    1.7551736450195313e+02 6.5396957099437714e-02 10879487. -1.</data></keypoints>
<descriptors type_id="opencv-matrix">
  <rows>12</rows>
  <cols>128</cols>
  <dt>f</dt>
  <data>
    19. 0. 0. 0. 0. 0. 0. 2. 151. 0. 0. 1. 12. 0. 0. 40. 88. 0. 0. 25.
    151. 7. 5. 19. 3. 0. 0. 4. 63. 9. 66. 94. 37. 0. 0. 0. 0. 0. 0. 3.
    151. 22. 3. 11. 20. 0. 0. 33. 91. 23. 9. 81. 151. 6. 3. 20. 51. 51.
    81. 31. 21. 4. 26. 93. 24. 6. 0. 0. 0. 0. 0. 0. 151. 127. 62. 29. 4.
    0. 0. 2. 16. 41. 85. 151. 65. 0. 0. 0. 3. 32. 119. 42. 5. 0. 0. 0.
    1. 2. 0. 0. 0. 0. 0. 0. 3. 24. 30. 4. 0. 0. 0. 0. 0. 3. 29. 26. 0.
    0. 0. 0. 0. 0. 4. 3. 0. 0. 0. 0. 0. 0. 0. 0. 0. 0. 0. 2. 1. 0. 0. 0.
    0. 3. 25. 14. 0. 0. 0. 0. 0. 13. 25. 1. 0. 0. 0. 0. 0. 2. 2. 0. 27.
    0. 0. 0. 0. 0. 0. 12. 120. 2. 1. 2. 0. 21. 106. 137. 8. 1. 5. 6. 3.
    137. 137. 22. 0. 0. 1. 0. 0. 107. 90. 0. 57. 4. 0. 0. 0. 0. 0. 2.
    137. 39. 7. 26. 18. 5. 10. 31. 29. 41. 118. 101. 54. 65. 45. 8. 6.
    81. 69. 2. 1. 111. 91. 1. 35. 3. 0. 0. 0. 0. 0. 0. 137. 28. 0. 5.
    48. 5. 0. 0. 29. 18. 27. 29. 137. 32. 15. 21. 36. 70. 35. 7. 4. 3.
    22. 92. 44. 0. 0. 0. 0. 0. 0. 1. 138. 1. 0. 4. 46. 5. 0. 11. 25. 20.
    18. 30. 138. 31. 23. 17. 16. 77. 31. 6. 7. 7. 34. 78. 58. 1. 0. 0.
    0. 0. 0. 1. 138. 26. 9. 3. 16. 23. 7. 26. 32. 8. 41. 66. 54. 101.
    115. 44. 2. 0. 86. 132. 1. 2. 66. 88. 26. 13. 0. 0. 0. 0. 0. 0. 122.
    138. 102. 18. 0. 1. 1. 3. 10. 24. 138. 138. 3. 7. 6. 2. 0. 0. 75.
    116. 0. 0. 1. 0. 0. 2. 0. 0. 0. 0. 0. 0. 1. 14. 24. 3. 0. 0. 0. 0.
    0. 1. 24. 14. 0. 0. 0. 0. 0. 0. 2. 2. 0. 0. 0. 0. 9. 5. 74. 112. 1.
    0. 3. 5. 133. 51. 40. 19. 12. 0. 0. 5. 38. 8. 1. 21. 133. 0. 0. 1.
    0. 0. 0. 6. 68. 0. 0. 0. 27. 1. 10. 24. 5. 77. 34. 7. 133. 12. 3. 5.
    20. 4. 6. 26. 46. 5. 2. 39. 133. 0. 0. 3. 0. 0. 0. 8. 68. 0. 0. 0.
    5. 46. 18. 0. 0. 133. 86. 5. 90. 35. 18. 20. 11. 86. 64. 16. 12. 14.
    19. 120. 133. 14. 1. 0. 0. 0. 0. 14. 34. 0. 0. 0. 0. 133. 65. 0. 0.
    14. 8. 0. 0. 81. 70. 16. 29. 83. 20. 0. 0. 1. 12. 42. 110. 52. 1. 0.
    0. 0. 0. 3. 13. 1. 0. 0. 25. 7. 0. 0. 0. 0. 0. 4. 98. 83. 4. 0. 0.
    4. 23. 39. 10. 71. 42. 0. 0. 75. 91. 9. 0. 16. 16. 0. 0. 118. 97. 0.
    41. 1. 0. 0. 0. 0. 0. 9. 132. 25. 3. 0. 10. 17. 17. 94. 9. 63. 85.
    15. 92. 47. 15. 16. 0. 129. 129. 5. 8. 21. 17. 0. 58. 3. 0. 0. 0. 0.
    0. 1. 132. 22. 0. 0. 31. 9. 2. 13. 30. 4. 4. 4. 132. 42. 3. 4. 4.
    34. 27. 3. 39. 6. 11. 43. 37. 3. 0. 0. 0. 0. 0. 0. 132. 23. 0. 0.
    15. 4. 0. 1. 36. 3. 0. 0. 132. 73. 30. 12. 0. 0. 2. 8. 14. 15. 58.
    124. 66. 106. 0. 0. 1. 6. 1. 1. 48. 57. 0. 1. 9. 66. 62. 29. 22. 1.
    0. 69. 94. 12. 38. 50. 1. 0. 0. 73. 71. 0. 0. 0. 59. 62. 0. 0. 0. 0.
    0. 7. 125. 100. 1. 1. 25. 6. 13. 24. 27. 5. 1. 42. 125. 61. 9. 4. 0.
    0. 0. 21. 67. 29. 0. 0. 75. 1. 0. 0. 0. 0. 0. 63. 125. 19. 41. 31.
    12. 1. 0. 87. 15. 45. 64. 29. 110. 106. 0. 0. 0. 3. 0. 0. 70. 125.
    0. 0. 87. 0. 0. 0. 2. 2. 1. 99. 39. 5. 15. 53. 69. 29. 13. 51. 30.
    84. 27. 25. 23. 19. 28. 21. 6. 15. 2. 2. 76. 81. 3. 5. 104. 59. 1.
    1. 2. 4. 0. 2. 38. 25. 19. 15. 44. 76. 20. 12. 59. 31. 20. 29. 14.
    16. 24. 68. 13. 6. 4. 123. 55. 2. 1. 4. 87. 76. 0. 0. 0. 0. 0. 1.
    123. 78. 0. 2. 15. 38. 49. 19. 12. 0. 0. 117. 123. 22. 55. 35. 0. 0.
    0. 122. 58. 0. 0. 1. 72. 10. 0. 0. 0. 0. 0. 63. 123. 26. 14. 8. 36.
    2. 1. 82. 18. 3. 9. 53. 123. 51. 1. 2. 0. 0. 0. 19. 54. 21. 0. 0.
    53. 0. 0. 5. 4. 0. 0. 123. 42. 30. 60. 62. 19. 1. 0. 52. 11. 52. 35.
    11. 97. 67. 0. 0. 0. 0. 0. 0. 69. 57. 0. 0. 19. 4. 0. 0. 0. 0. 0. 3.
    103. 73. 4. 0. 0. 2. 14. 38. 15. 84. 49. 1. 1. 62. 72. 10. 0. 26.
    23. 0. 0. 118. 89. 0. 37. 0. 0. 0. 0. 0. 0. 7. 136. 13. 2. 0. 12.
    19. 14. 87. 14. 55. 72. 14. 113. 58. 13. 17. 1. 136. 121. 4. 11. 16.
    11. 0. 50. 1. 0. 0. 0. 0. 0. 0. 136. 15. 0. 0. 29. 7. 1. 9. 38. 4.
    2. 2. 136. 47. 3. 4. 4. 27. 18. 2. 41. 8. 17. 60. 34. 2. 0. 0. 0. 0.
    0. 0. 136. 16. 0. 0. 12. 5. 1. 3. 43. 2. 0. 0. 115. 80. 39. 16. 0.
    0. 4. 15. 11. 15. 64. 127. 7. 5. 87. 114. 1. 0. 6. 8. 134. 61. 53.
    23. 11. 0. 0. 7. 35. 11. 2. 38. 134. 0. 0. 2. 0. 0. 0. 11. 65. 0. 0.
    0. 30. 2. 16. 30. 5. 72. 24. 6. 134. 12. 3. 7. 23. 3. 4. 26. 44. 4.
    1. 51. 134. 0. 0. 4. 0. 0. 0. 11. 59. 0. 0. 0. 8. 39. 13. 0. 0. 134.
    75. 5. 116. 38. 15. 26. 15. 76. 50. 16. 13. 14. 15. 122. 134. 6. 0.
    0. 0. 0. 0. 11. 28. 0. 0. 0. 0. 134. 55. 0. 0. 23. 10. 0. 1. 64. 53.
    20. 43. 93. 20. 1. 0. 1. 7. 44. 104. 35. 0. 0. 0. 0. 0. 3. 8. 0. 0.
    0. 0. 0. 0. 0. 0. 0. 0. 2. 0. 0. 0. 0. 0. 2. 26. 16. 0. 0. 0. 0. 0.
    15. 29. 2. 0. 0. 0. 0. 0. 3. 3. 0. 27. 0. 0. 0. 0. 0. 0. 14. 114. 2.
    1. 1. 0. 17. 104. 138. 8. 1. 4. 6. 3. 138. 138. 26. 0. 0. 1. 0. 0.
    114. 102. 0. 61. 4. 0. 0. 0. 0. 0. 2. 138. 43. 7. 23. 14. 4. 10. 34.
    29. 40. 115. 99. 50. 59. 46. 8. 3. 80. 79. 2. 1. 108. 90. 0. 36. 4.
    0. 0. 0. 0. 0. 0. 138. 32. 0. 5. 42. 3. 0. 0. 29. 18. 30. 32. 138.
    26. 8. 13. 31. 76. 44. 4. 6. 4. 16. 79. 51. 0. 0. 0. 0. 0. 0. 1.
    140. 0. 0. 2. 47. 5. 0. 12. 24. 12. 12. 22. 140. 33. 26. 16. 14. 60.
    29. 5. 7. 5. 43. 85. 66. 2. 0. 0. 0. 0. 0. 1. 140. 31. 9. 3. 16. 21.
    6. 23. 31. 8. 40. 65. 54. 101. 107. 38. 0. 0. 83. 129. 1. 3. 70. 80.
    27. 16. 0. 0. 0. 0. 0. 0. 114. 140. 105. 16. 0. 1. 1. 2. 8. 26. 140.
    140. 3. 6. 4. 1. 0. 0. 78. 120. 0. 0. 1. 0. 0. 3. 0. 0. 0. 0. 0. 0.
    0. 15. 25. 2. 0. 0. 0. 0. 0. 1. 28. 15. 0. 0. 0. 0. 0. 0. 2. 3. 0.
    0. 0. 0. 18. 0. 0. 0. 0. 0. 0. 2. 151. 0. 0. 1. 12. 0. 0. 33. 91. 0.
    0. 25. 151. 6. 4. 16. 2. 0. 0. 5. 67. 7. 48. 105. 33. 0. 0. 0. 0. 0.
    0. 3. 151. 20. 2. 9. 18. 0. 0. 28. 94. 20. 10. 71. 151. 7. 4. 22.
    44. 40. 83. 30. 25. 5. 22. 115. 22. 5. 0. 0. 0. 0. 0. 0. 151. 123.
    58. 26. 4. 0. 0. 1. 18. 41. 87. 151. 63. 0. 0. 0. 4. 26. 120. 44. 5.
    0. 0. 0. 1. 2. 0. 0. 0. 0. 0. 0. 3. 23. 28. 4. 0. 0. 0. 0. 0. 3. 29.
    25. 0. 0. 0. 0. 0. 0. 4. 3. 0. 0. 0. 0.</data></descriptors>
</opencv_storage>
