<?xml version="1.0"?>
<opencv_storage>
<keypoints type_id="opencv-matrix">
  <rows>18</rows>
  <cols>7</cols>
  <dt>d</dt>
  <data>
    1.4222611427307129e+01 2.6340930938720703e+01 3.7965011596679688e+00
    2.2702514648437500e+01 5.8618374168872833e-02 3997952. -1.
    1.6022329330444336e+01 3.6865840911865234e+01 2.4130258560180664e+00
    1.6153411865234375e+01 6.7242421209812164e-02 4653823. -1.
    1.6022329330444336e+01 3.6865840911865234e+01 2.4130258560180664e+00
    2.7731994628906250e+02 6.7242421209812164e-02 4653823. -1.
    2.0323972702026367e+01 1.8722196578979492e+01 3.2728793621063232e+00
    3.1133291625976563e+02 6.3277684152126312e-02 9962495. -1.
    2.1816749572753906e+01 2.9628429412841797e+01 1.8660963773727417e+00
    1.3747009277343750e+01 1.0390061140060425e-01 2753023. -1.
    2.1816749572753906e+01 2.9628429412841797e+01 1.8660963773727417e+00
    2.0058575439453125e+02 1.0390061140060425e-01 2753023. -1.
    2.5716657638549805e+01 3.2225727081298828e+01 1.2266839027404785e+01
    3.1390411376953125e+01 7.9432234168052673e-02 5309185. -1.
    2.5716657638549805e+01 3.2225727081298828e+01 1.2266839027404785e+01
    1.4909745788574219e+02 7.9432234168052673e-02 5309185. -1.
    2.9205423355102539e+01 1.5028479576110840e+01 1.9620918035507202e+00
    8.4063568115234375e+01 9.0939790010452271e-02 6423039. -1.
    2.9205423355102539e+01 1.5028479576110840e+01 1.9620918035507202e+00
    2.3768200683593750e+02 9.0939790010452271e-02 6423039. -1.
    2.9378376007080078e+01 2.9555006027221680e+01 1.9622688293457031e+00
    1.6627764892578125e+02 1.0353713482618332e-01 6423039. -1.
    2.9378376007080078e+01 2.9555006027221680e+01 1.9622688293457031e+00
    3.4373962402343750e+02 1.0353713482618332e-01 6423039. -1.
    3.0674558639526367e+01 1.8964462280273438e+01 2.8752341270446777e+00
    1.1975650024414063e+02 6.0842268168926239e-02 590847. -1.
    3.0674558639526367e+01 1.8964462280273438e+01 2.8752341270446777e+00
    2.2714974975585938e+02 6.0842268168926239e-02 590847. -1.
    3.1457460403442383e+01 2.4567199707031250e+01 3.2106587886810303e+00
    1.4932205200195313e+02 8.3750367164611816e-02 8586239. -1.
    3.5263832092285156e+01 3.6798614501953125e+01 2.4032285213470459e+00
    1.6630984497070313e+02 6.6100470721721649e-02 4326143. -1.
    3.5263832092285156e+01 3.6798614501953125e+01 2.4032285213470459e+00
    2.6288342285156250e+02 6.6100470721721649e-02 4326143. -1.
    3.7220161437988281e+01 2.6353322982788086e+01 3.8713157176971436e+00
    1.5804724121093750e+02 5.9727206826210022e-02 5439744. -1.</data></keypoints>
<descriptors type_id="opencv-matrix">
  <rows>18</rows>
  <cols>128</cols>
  <dt>f</dt>
  <data>
    0. 0. 0. 2. 2. 0. 0. 0. 8. 10. 12. 39. 25. 0. 0. 4. 82. 70. 48. 17.
    6. 1. 12. 126. 17. 17. 15. 9. 7. 7. 60. 86. 0. 0. 0. 4. 13. 1. 0. 0.
    63. 2. 1. 43. 79. 7. 1. 10. 163. 8. 1. 8. 14. 12. 15. 162. 60. 1. 0.
    0. 18. 33. 55. 87. 0. 0. 0. 0. 9. 5. 0. 0. 52. 1. 0. 3. 36. 45. 18.
    20. 163. 48. 0. 0. 4. 9. 12. 37. 107. 19. 15. 9. 5. 16. 53. 68. 0.
    0. 0. 0. 0. 1. 0. 0. 19. 3. 0. 0. 0. 5. 5. 4. 163. 111. 22. 1. 0. 0.
    2. 6. 58. 66. 159. 78. 0. 0. 2. 4. 41. 1. 0. 0. 0. 17. 22. 16. 153.
    44. 0. 0. 1. 2. 4. 17. 92. 14. 1. 0. 8. 41. 46. 12. 8. 0. 6. 3. 0.
    7. 41. 45. 47. 2. 0. 0. 0. 0. 1. 5. 153. 52. 15. 1. 0. 0. 0. 37.
    112. 29. 130. 51. 0. 0. 2. 8. 0. 0. 153. 109. 0. 0. 2. 1. 22. 13. 0.
    0. 0. 0. 0. 0. 98. 150. 104. 6. 0. 0. 0. 2. 10. 36. 153. 109. 0. 0.
    0. 0. 0. 0. 153. 114. 0. 0. 0. 0. 0. 2. 0. 0. 0. 0. 0. 0. 0. 11. 20.
    1. 0. 0. 0. 0. 0. 1. 31. 9. 0. 0. 0. 0. 0. 0. 6. 4. 0. 0. 0. 0. 0.
    0. 0. 0. 0. 0. 0. 2. 0. 0. 0. 0. 0. 1. 21. 13. 0. 0. 0. 0. 0. 9. 32.
    2. 0. 0. 0. 15. 10. 9. 9. 0. 20. 0. 0. 0. 0. 0. 0. 11. 101. 1. 0. 0.
    0. 7. 96. 151. 12. 0. 0. 0. 0. 99. 155. 38. 0. 0. 0. 3. 7. 58. 155.
    1. 44. 5. 0. 0. 0. 0. 0. 2. 155. 47. 0. 0. 0. 1. 13. 43. 115. 14. 0.
    1. 3. 35. 134. 26. 0. 0. 16. 38. 22. 17. 155. 1. 18. 6. 0. 0. 0. 0.
    0. 0. 155. 71. 0. 0. 0. 0. 0. 0. 155. 32. 0. 1. 8. 2. 0. 0. 1. 0. 8.
    31. 72. 50. 10. 0. 0. 1. 19. 1. 0. 0. 0. 0. 2. 4. 16. 0. 0. 0. 0. 2.
    5. 2. 1. 0. 0. 6. 23. 17. 0. 0. 0. 0. 1. 15. 11. 1. 1. 7. 94. 7. 0.
    2. 64. 23. 34. 33. 85. 0. 0. 18. 71. 13. 131. 33. 7. 0. 6. 46. 65.
    90. 9. 3. 0. 0. 50. 131. 35. 10. 0. 1. 17. 23. 4. 17. 131. 131. 18.
    3. 10. 23. 36. 131. 131. 29. 131. 67. 25. 5. 13. 39. 35. 52. 13. 41.
    62. 19. 83. 109. 2. 2. 0. 0. 35. 67. 25. 21. 59. 43. 1. 0. 14. 45.
    47. 55. 61. 31. 5. 10. 26. 21. 62. 91. 29. 11. 8. 29. 99. 33. 45.
    20. 1. 0. 118. 0. 0. 1. 19. 3. 2. 110. 27. 1. 0. 12. 134. 10. 3. 10.
    134. 3. 0. 3. 33. 18. 0. 13. 19. 11. 1. 0. 66. 107. 0. 6. 134. 4. 0.
    8. 39. 1. 0. 22. 32. 5. 1. 59. 134. 14. 3. 6. 134. 17. 1. 10. 26. 6.
    2. 19. 42. 2. 0. 0. 58. 96. 1. 3. 134. 22. 0. 1. 24. 12. 0. 1. 12.
    1. 0. 7. 104. 117. 69. 26. 108. 2. 0. 1. 6. 15. 60. 128. 25. 0. 0.
    0. 6. 24. 4. 11. 134. 24. 0. 0. 0. 3. 1. 4. 11. 2. 0. 0. 1. 20. 32.
    4. 1. 0. 1. 1. 0. 2. 29. 23. 1. 0. 4. 2. 0. 0. 1. 3. 0. 0. 1. 3. 0.
    0. 6. 5. 0. 2. 29. 25. 1. 0. 1. 1. 1. 21. 31. 4. 20. 8. 0. 0. 0. 2.
    0. 1. 130. 59. 0. 0. 1. 12. 4. 12. 25. 1. 0. 0. 5. 17. 61. 125. 109.
    6. 0. 1. 107. 124. 66. 24. 13. 3. 0. 3. 25. 12. 0. 0. 130. 50. 0. 1.
    31. 109. 6. 1. 33. 6. 0. 0. 20. 8. 2. 15. 130. 56. 0. 5. 130. 21. 2.
    5. 38. 13. 1. 22. 53. 3. 0. 13. 130. 13. 0. 3. 48. 130. 0. 2. 8. 18.
    2. 0. 16. 37. 1. 8. 130. 27. 0. 1. 130. 33. 2. 4. 47. 10. 0. 2. 35.
    13. 4. 83. 107. 0. 0. 0. 8. 0. 0. 0. 0. 0. 2. 10. 8. 0. 0. 0. 0. 30.
    68. 32. 0. 0. 0. 0. 1. 48. 30. 0. 0. 0. 0. 0. 0. 1. 1. 0. 79. 11. 1.
    0. 0. 0. 1. 14. 140. 32. 10. 10. 7. 71. 140. 140. 9. 5. 9. 50. 124.
    140. 140. 22. 0. 0. 0. 3. 31. 26. 2. 0. 57. 22. 0. 0. 0. 0. 0. 1.
    140. 140. 140. 50. 7. 7. 9. 26. 9. 25. 120. 140. 123. 42. 9. 6. 0.
    0. 0. 10. 32. 4. 0. 0. 1. 4. 0. 0. 0. 0. 0. 0. 2. 33. 28. 2. 0. 0.
    0. 0. 0. 3. 14. 5. 0. 0. 0. 0. 0. 0. 0. 0. 0. 0. 0. 0. 0. 0. 0. 0.
    0. 0. 0. 2. 1. 0. 0. 0. 0. 1. 25. 25. 0. 0. 0. 0. 0. 4. 14. 3. 0. 0.
    0. 0. 0. 0. 0. 0. 45. 1. 0. 0. 0. 0. 0. 16. 140. 24. 8. 6. 5. 44.
    140. 140. 10. 6. 9. 40. 115. 140. 128. 30. 0. 0. 0. 6. 36. 12. 0. 0.
    74. 13. 0. 0. 0. 0. 0. 9. 140. 140. 140. 66. 6. 10. 10. 35. 11. 25.
    140. 140. 125. 55. 11. 6. 0. 0. 3. 39. 40. 4. 0. 0. 8. 10. 1. 0. 0.
    0. 0. 0. 10. 38. 63. 31. 0. 0. 0. 0. 0. 1. 33. 55. 2. 1. 0. 0. 0. 0.
    1. 3. 0. 0. 0. 0. 1. 0. 0. 0. 0. 0. 0. 2. 1. 0. 0. 0. 0. 4. 25. 17.
    0. 0. 1. 18. 9. 16. 18. 2. 2. 0. 11. 78. 3. 0. 0. 8. 24. 1. 0. 0. 0.
    0. 0. 9. 132. 7. 0. 0. 5. 37. 70. 121. 12. 1. 1. 21. 132. 132. 70.
    21. 35. 2. 5. 45. 30. 32. 50. 85. 40. 2. 0. 0. 0. 0. 0. 18. 132. 28.
    0. 1. 20. 11. 5. 114. 48. 7. 0. 6. 132. 118. 34. 23. 23. 11. 1. 1.
    48. 54. 99. 39. 89. 3. 1. 2. 1. 1. 0. 50. 132. 4. 1. 16. 40. 4. 5.
    132. 12. 6. 10. 62. 132. 6. 4. 19. 17. 14. 13. 25. 53. 5. 4. 12. 26.
    25. 43. 44. 36. 27. 2. 17. 57. 20. 17. 15. 7. 5. 3. 84. 62. 4. 28.
    49. 4. 5. 22. 135. 3. 1. 22. 135. 74. 14. 21. 26. 40. 67. 89. 92.
    13. 2. 13. 18. 135. 81. 27. 16. 12. 0. 1. 80. 52. 8. 52. 135. 98. 0.
    0. 44. 0. 0. 43. 135. 19. 1. 1. 0. 30. 7. 4. 5. 0. 0. 62. 51. 135.
    127. 68. 35. 7. 0. 4. 25. 11. 23. 59. 135. 86. 0. 0. 1. 0. 0. 1. 25.
    13. 0. 0. 0. 1. 2. 0. 0. 0. 0. 5. 3. 2. 21. 23. 4. 0. 0. 0. 0. 0. 3.
    19. 21. 1. 0. 0. 0. 0. 0. 0. 1. 0. 0. 0. 0. 137. 10. 0. 1. 0. 0. 0.
    11. 21. 3. 20. 15. 1. 0. 1. 2. 0. 16. 25. 2. 0. 1. 3. 0. 0. 3. 1. 0.
    0. 4. 8. 0. 137. 2. 0. 6. 13. 0. 0. 33. 17. 16. 56. 111. 98. 4. 0.
    2. 94. 119. 69. 24. 10. 1. 0. 2. 25. 12. 5. 23. 5. 0. 0. 0. 137. 25.
    0. 1. 23. 3. 0. 5. 27. 5. 3. 16. 137. 47. 1. 4. 137. 21. 4. 8. 41.
    13. 1. 16. 48. 2. 3. 92. 56. 0. 0. 2. 135. 123. 2. 2. 10. 1. 0. 0.
    22. 19. 4. 13. 137. 16. 0. 1. 137. 9. 4. 16. 46. 5. 0. 4. 26. 3. 3.
    98. 61. 0. 0. 13. 56. 0. 1. 17. 20. 2. 3. 109. 38. 3. 0. 11. 137. 6.
