<?xml version="1.0"?>
<opencv_storage>
<keypoints type_id="opencv-matrix">
  <rows>90</rows>
  <cols>7</cols>
  <dt>d</dt>
  <data>
    7.9157295227050781e+00 1.6037347793579102e+01 3.0585896968841553e+00
    3.5887298583984375e+01 3.5145975649356842e-02 5112831. -1.
    9.8213453292846680e+00 1.2461876869201660e+01 1.8549712896347046e+00
    1.0244180297851563e+02 4.9294020980596542e-02 2359807. -1.
    9.8213453292846680e+00 1.2461876869201660e+01 1.8549712896347046e+00
    3.2098464965820313e+02 4.9294020980596542e-02 2359807. -1.
    9.8396263122558594e+00 1.9459192276000977e+01 2.0377049446105957e+00
    3.6410522460937500e+01 8.5229970514774323e-02 9110015. -1.
    9.8396263122558594e+00 1.9459192276000977e+01 2.0377049446105957e+00
    2.5887481689453125e+02 8.5229970514774323e-02 9110015. -1.
    1.1714113235473633e+01 9.0064907073974609e+00 3.3155906200408936e+00
    1.9808166503906250e+01 2.5472451001405716e-02 10945535. -1.
    1.1714113235473633e+01 9.0064907073974609e+00 3.3155906200408936e+00
    1.0063903808593750e+02 2.5472451001405716e-02 10945535. -1.
    1.1887957572937012e+01 2.3010786056518555e+01 3.0537543296813965e+00
    3.5044949340820313e+02 4.0717776864767075e-02 4981759. -1.
    1.2998787879943848e+01 1.1938547134399414e+01 1.9474798440933228e+00
    1.2514404296875000e+02 3.0994111672043800e-02 5833215. -1.
    1.2998787879943848e+01 1.1938547134399414e+01 1.9474798440933228e+00
    3.5476388549804688e+02 3.0994111672043800e-02 5833215. -1.
    1.3172290802001953e+01 2.0029748916625977e+01 1.8773199319839478e+00
    1.7642547607421875e+01 4.7988452017307281e-02 3211775. -1.
    1.3276347160339355e+01 7.4963979721069336e+00 2.1449897289276123e+00
    2.2066528320312500e+01 2.0970348268747330e-02 12845567. -1.
    1.3693432807922363e+01 5.1773567199707031e+01 4.3056988716125488e+00
    3.4548886108398438e+02 1.7961379140615463e-02 13107456. -1.
    1.5661840438842773e+01 9.7201499938964844e+00 2.4716849327087402e+00
    1.5795104980468750e+01 4.1365962475538254e-02 6357759. -1.
    1.5661840438842773e+01 9.7201499938964844e+00 2.4716849327087402e+00
    1.6044418334960938e+02 4.1365962475538254e-02 6357759. -1.
    1.8348308563232422e+01 1.2103278160095215e+01 1.8495031595230103e+00
    8.6200836181640625e+01 2.4642899632453918e-02 2097663. -1.
    1.8348308563232422e+01 1.2103278160095215e+01 1.8495031595230103e+00
    1.7767546081542969e+02 2.4642899632453918e-02 2097663. -1.
    1.8381969451904297e+01 2.0075130462646484e+01 1.9536329507827759e+00
    1.5906791687011719e+02 5.1679920405149460e-02 6095359. -1.
    1.8418952941894531e+01 4.6952651977539063e+01 2.6080129146575928e+00
    2.1163330078125000e+00 5.0759740173816681e-02 10289919. -1.
    1.9614503860473633e+01 8.7816162109375000e+00 3.1759457588195801e+00
    1.5789152526855469e+02 2.5441296398639679e-02 7799807. -1.
    2.1587228775024414e+01 1.9565120697021484e+01 1.8013590574264526e+00
    1.2534391784667969e+02 7.6516419649124146e-02 197119. -1.
    2.1789009094238281e+01 1.2149084091186523e+01 2.0542769432067871e+00
    7.7940673828125000e+01 3.9818558841943741e-02 9699839. -1.
    2.1789009094238281e+01 1.2149084091186523e+01 2.0542769432067871e+00
    2.0969041442871094e+02 3.9818558841943741e-02 9699839. -1.
    2.3327409744262695e+01 5.8000122070312500e+01 3.2998280525207520e+00
    3.3434930419921875e+02 3.2330501824617386e-02 10552319. -1.
    2.3417736053466797e+01 1.5913650512695313e+01 3.1465306282043457e+00
    3.2632202148437500e+01 3.4287177026271820e-02 7144447. -1.
    2.3417736053466797e+01 1.5913650512695313e+01 3.1465306282043457e+00
    1.3095526123046875e+02 3.4287177026271820e-02 7144447. -1.
    2.4005346298217773e+01 7.5590034484863281e+01 2.8850693702697754e+00
    5.4080810546875000e+00 2.0701199769973755e-02 852991. -1.
    2.4611061096191406e+01 6.9757324218750000e+01 4.3588533401489258e+00
    3.2181985473632813e+02 3.6130573600530624e-02 14024960. -1.
    2.4708971023559570e+01 4.2704208374023438e+01 5.4771099090576172e+00
    9.0101654052734375e+01 4.0221266448497772e-02 13828608. -1.
    2.5198266983032227e+01 4.4438190460205078e+01 2.0620210170745850e+00
    1.4191363525390625e+02 5.3144954144954681e-02 9961983. -1.
    2.5214618682861328e+01 1.2096653938293457e+01 9.3127403259277344e+00
    6.3862060546875000e+01 1.7043191939592361e-02 2032129. -1.
    2.6439882278442383e+01 8.6136840820312500e+01 1.9302107095718384e+00
    2.2825346374511719e+02 3.5392470657825470e-02 5243391. -1.
    2.6937179565429688e+01 6.5858894348144531e+01 2.6722636222839355e+00
    3.2072427368164063e+02 4.5447442680597305e-02 12059391. -1.
    3.0876695632934570e+01 8.6164733886718750e+01 2.1214807033538818e+00
    2.3691366577148438e+02 4.3974045664072037e-02 12059135. -1.
    3.1181503295898438e+01 5.8231815338134766e+01 1.3909193992614746e+01
    3.3296093750000000e+02 6.4350478351116180e-02 14353153. -1.
    3.1396755218505859e+01 7.8382415771484375e+01 6.5317034721374512e+00
    2.5270326232910156e+02 2.2413602098822594e-02 9831168. -1.
    3.1668603897094727e+01 3.8797199249267578e+01 3.3353493213653564e+00
    3.3983432006835938e+02 1.7423348501324654e-02 11338751. -1.
    3.4525341033935547e+01 7.4943786621093750e+01 2.5183672904968262e+00
    1.8911578369140625e+02 3.5757467150688171e-02 7734015. -1.
    3.5481391906738281e+01 8.4459396362304688e+01 3.4653706550598145e+00
    2.4824633789062500e+02 3.9763495326042175e-02 14091263. -1.
    3.5749290466308594e+01 1.4086558341979980e+01 2.4483535289764404e+00
    7.5272583007812500e+01 3.4843638539314270e-02 5702399. -1.
    3.5982620239257813e+01 7.1243530273437500e+01 4.6661500930786133e+00
    2.5968579101562500e+02 3.9279796183109283e-02 2228736. -1.
    3.7448467254638672e+01 5.2019115447998047e+01 1.8384100198745728e+00
    1.4876354980468750e+02 4.4259380549192429e-02 1704447. -1.
    3.7517044067382813e+01 2.0384038925170898e+01 5.4685187339782715e+00
    7.7713287353515625e+01 2.8938971459865570e-02 13697536. -1.
    3.7711116790771484e+01 1.1527651786804199e+01 1.9044231176376343e+00
    8.9353912353515625e+01 5.7951904833316803e-02 4260351. -1.
    3.7892024993896484e+01 4.0447074890136719e+01 2.5749228000640869e+00
    3.2907147216796875e+02 1.7495432868599892e-02 9372415. -1.
    3.8497428894042969e+01 3.4928562164306641e+01 2.6682047843933105e+00
    2.0859408569335938e+02 1.7431501299142838e-02 11928319. -1.
    3.8497428894042969e+01 3.4928562164306641e+01 2.6682047843933105e+00
    3.3093832397460938e+02 1.7431501299142838e-02 11928319. -1.
    3.8918128967285156e+01 1.4569580078125000e+01 2.4129309654235840e+00
    9.7478759765625000e+01 2.9319381341338158e-02 4653823. -1.
    4.0683116912841797e+01 5.0993274688720703e+01 2.8985834121704102e+00
    1.4187322998046875e+02 7.3607034981250763e-02 1180671. -1.
    4.1261280059814453e+01 4.1103641510009766e+01 3.1692285537719727e+01
    4.5060485839843750e+01 5.4228056222200394e-02 7078147. -1.
    4.1281551361083984e+01 4.6946834564208984e+01 2.3926768302917480e+00
    2.9932180786132813e+02 6.3077293336391449e-02 4063999. -1.
    4.3704135894775391e+01 1.6866069793701172e+01 2.4474358558654785e+00
    1.1890136718750000e+02 3.5354003310203552e-02 5702399. -1.
    4.3704135894775391e+01 1.6866069793701172e+01 2.4474358558654785e+00
    3.4900653076171875e+02 3.5354003310203552e-02 5702399. -1.
    4.4492877960205078e+01 3.4335479736328125e+01 2.7193014621734619e+00
    3.1125183105468750e+01 2.0755080506205559e-02 13304575. -1.
    4.4492877960205078e+01 3.4335479736328125e+01 2.7193014621734619e+00
    2.1029457092285156e+02 2.0755080506205559e-02 13304575. -1.
    4.4492877960205078e+01 3.4335479736328125e+01 2.7193014621734619e+00
    3.2984542846679688e+02 2.0755080506205559e-02 13304575. -1.
    4.5586994171142578e+01 7.7961021423339844e+01 1.8765226602554321e+00
    2.3264752197265625e+02 4.9986459314823151e-02 3146239. -1.
    4.5883697509765625e+01 1.2366397857666016e+01 3.5546290874481201e+00
