<?xml version="1.0"?>
<opencv_storage>
<keypoints type_id="opencv-matrix">
  <rows>63</rows>
  <cols>7</cols>
  <dt>d</dt>
  <data>
    7.0644068717956543e+00 1.6617958068847656e+01 2.2150204181671143e+00
    3.3756838989257813e+02 3.0773989856243134e-02 15139327. -1.
    8.3784513473510742e+00 1.1521328926086426e+01 2.2415833473205566e+00
    5.0536254882812500e+01 2.6956483721733093e-02 16056831. -1.
    9.3507795333862305e+00 2.0569929122924805e+01 3.7219200134277344e+00
    3.3184799194335938e+02 3.5509213805198669e-02 2556160. -1.
    9.7552690505981445e+00 9.2356529235839844e+00 3.8321850299835205e+00
    5.3918426513671875e+01 2.3384232074022293e-02 4653312. -1.
    1.0139006614685059e+01 1.6042739868164063e+01 2.5251936912536621e+00
    3.2708410644531250e+02 5.2862759679555893e-02 7930623. -1.
    1.0914384841918945e+01 5.8782173156738281e+01 2.0722351074218750e+00
    1.7720812988281250e+02 2.0596547052264214e-02 10355199. -1.
    1.1874567031860352e+01 6.0330852508544922e+01 5.2596011161804199e+00
    1.6434115600585938e+02 2.0410662516951561e-02 10879488. -1.
    1.1874567031860352e+01 6.0330852508544922e+01 5.2596011161804199e+00
    3.4575842285156250e+02 2.0410662516951561e-02 10879488. -1.
    1.1908585548400879e+01 7.9981179237365723e+00 2.4984581470489502e+00
    4.6301239013671875e+01 2.5164736434817314e-02 7144191. -1.
    1.2142601013183594e+01 7.9017906188964844e+01 1.9829027652740479e+00
    2.2849717712402344e+02 4.8675127327442169e-02 7143935. -1.
    1.2721458435058594e+01 2.3993650436401367e+01 1.9459263086318970e+00
    3.1901345825195313e+02 3.6061633378267288e-02 5833215. -1.
    1.3101166725158691e+01 1.3817878723144531e+01 1.8510122299194336e+00
    1.1953446960449219e+02 5.5152945220470428e-02 2163199. -1.
    1.3902463912963867e+01 4.5986148834228516e+01 3.0546939373016357e+00
    3.5914819335937500e+02 1.6705367714166641e-02 4981759. -1.
    1.3951395034790039e+01 3.3543994903564453e+01 1.0784671783447266e+01
    1.5585601806640625e+01 2.1987888962030411e-02 12648961. -1.
    1.4353332519531250e+01 7.2295776367187500e+01 2.3362460136413574e+00
    1.7537182617187500e+02 7.7923372387886047e-02 2294527. -1.
    1.4419275283813477e+01 1.0986103057861328e+01 1.9026764631271362e+00
    1.4687614440917969e+02 3.9680715650320053e-02 4194815. -1.
    1.5118991851806641e+01 7.6380462646484375e+01 2.0744626522064209e+00
    1.7937460327148438e+02 6.2311813235282898e-02 10420735. -1.
    1.5118991851806641e+01 7.6380462646484375e+01 2.0744626522064209e+00
    2.6642950439453125e+02 6.2311813235282898e-02 10420735. -1.
    1.5745849609375000e+01 4.9789787292480469e+01 2.2656626701354980e+00
    7.4726867675781250e+00 1.7848188057541847e-02 66303. -1.
    1.7429416656494141e+01 7.3385528564453125e+01 2.4286429882049561e+00
    1.7781900024414063e+02 4.4885355979204178e-02 5112575. -1.
    1.7448932647705078e+01 2.5464117050170898e+01 2.1780412197113037e+00
    2.3048364257812500e+02 2.6816902682185173e-02 13959679. -1.
    2.0503135681152344e+01 1.6254096984863281e+01 1.8957891464233398e+00
    1.8514263916015625e+02 4.6350911259651184e-02 3932671. -1.
    2.3322284698486328e+01 2.1256322860717773e+01 3.9218120574951172e+00
    2.1056210327148438e+02 3.2316915690898895e-02 6357248. -1.
    2.4500991821289063e+01 1.3852524757385254e+01 2.0533652305603027e+00
    1.8796188354492188e+02 4.4409323483705521e-02 9699839. -1.
    2.5941564559936523e+01 6.8075950622558594e+01 2.0510892868041992e+00
    3.3990637207031250e+02 1.9798444584012032e-02 9634303. -1.
    2.6456565856933594e+01 5.7563228607177734e+01 3.4928658008575439e+00
    3.3242587280273438e+02 1.6304692253470421e-02 14681087. -1.
    2.7653787612915039e+01 2.1731407165527344e+01 8.5559749603271484e+00
    9.0017639160156250e+01 3.6117549985647202e-02 12648705. -1.
    3.4276805877685547e+01 7.2112831115722656e+01 2.3219213485717773e+00
    3.2741229248046875e+02 5.2398756146430969e-02 1835775. -1.
    3.5056533813476563e+01 5.9380992889404297e+01 2.0969369411468506e+00
    8.9460388183593750e+01 4.8642192035913467e-02 11207167. -1.
    3.8045406341552734e+01 5.4478549957275391e+01 3.2288582324981689e+00
    8.5776245117187500e+01 5.9386443346738815e-02 8979455. -1.
    3.9887176513671875e+01 2.6125837326049805e+01 4.9073596000671387e+00
    1.0463743591308594e+02 3.8124434649944305e-02 5833216. -1.
    4.0162178039550781e+01 5.7901912689208984e+01 2.0391147136688232e+00
    7.5839019775390625e+01 6.0548759996891022e-02 9175551. -1.
    4.4957721710205078e+01 8.5680778503417969e+01 1.8109617233276367e+00
    2.9752987670898438e+02 3.1493358314037323e-02 590335. -1.
    4.5473098754882813e+01 6.3264045715332031e+01 3.2121670246124268e+00
    8.4155517578125000e+01 2.5787239894270897e-02 8651775. -1.
    4.8586959838867188e+01 6.6813217163085938e+01 2.4017777442932129e+00
    1.8597473144531250e+02 1.8652241677045822e-02 4326143. -1.
    4.8827770233154297e+01 8.3443450927734375e+01 2.3034362792968750e+00
    2.7306283569335938e+02 4.5719455927610397e-02 1311487. -1.
    5.0217922210693359e+01 3.2139984130859375e+01 2.4825441837310791e+00
    1.3903013610839844e+02 4.1726425290107727e-02 6685439. -1.
    5.0354663848876953e+01 5.8373794555664063e+01 2.9940421581268311e+00
    8.1243347167968750e+01 3.1918339431285858e-02 3539967. -1.
    5.0855373382568359e+01 2.8530162811279297e+01 2.2657675743103027e+00
    2.6762313842773438e+02 2.3238644003868103e-02 66303. -1.
    5.1059299468994141e+01 4.2935401916503906e+01 3.9670162200927734e+00
    1.4440138244628906e+02 4.1533924639225006e-02 7209216. -1.
    5.1462512969970703e+01 4.3210483551025391e+01 2.2154612541198730e+00
    1.4445390319824219e+02 4.3796733021736145e-02 15204863. -1.
    5.2065258026123047e+01 3.9190604686737061e+00 2.7351534366607666e+00
    1.2031222534179688e+02 3.5078104585409164e-02 13697791. -1.
    5.4812210083007813e+01 5.7595737457275391e+01 2.3714039325714111e+00
    9.0294372558593750e+01 4.9805432558059692e-02 3408639. -1.
    5.8240470886230469e+01 2.7105655670166016e+01 2.6120038032531738e+00
    9.2557189941406250e+01 3.1163966283202171e-02 10355455. -1.
    5.8964332580566406e+01 4.7980529785156250e+01 2.4270200729370117e+00
    1.3153739929199219e+02 5.5922746658325195e-02 5047039. -1.
    6.0685405731201172e+01 3.2199134826660156e+01 4.2894721031188965e+00
    1.2654437255859375e+02 5.4900415241718292e-02 12845312. -1.
    6.0685405731201172e+01 3.2199134826660156e+01 4.2894721031188965e+00
    2.6398150634765625e+02 5.4900415241718292e-02 12845312. -1.
    6.5031372070312500e+01 7.1186157226562500e+01 1.9219362735748291e+00
    1.9884558105468750e+02 2.6390695944428444e-02 4915711. -1.
    6.5031372070312500e+01 7.1186157226562500e+01 1.9219362735748291e+00
    3.3929617309570313e+02 2.6390695944428444e-02 4915711. -1.
    6.7834129333496094e+01 7.1951293945312500e+01 1.8679889440536499e+00
    1.8631864929199219e+02 1.7852272838354111e-02 2818559. -1.
    6.8156097412109375e+01 3.6169719696044922e+01 2.1047574996948242e+01
    1.4939605712890625e+02 2.9757402837276459e-02 10879490. -1.
    6.8802360534667969e+01 2.7542499542236328e+01 5.5011773109436035e+00
    1.3022561645507813e+02 2.2161979228258133e-02 14090752. -1.
    7.2056884765625000e+01 5.6114574432373047e+01 3.3911049365997314e+00
    1.4559281921386719e+02 2.1342372521758080e-02 12583935. -1.
    7.2502975463867188e+01 2.5070156097412109e+01 9.7107019424438477e+00
    1.6081575012207031e+02 2.8286643326282501e-02 5112321. -1.
    7.5896530151367188e+01 4.5337486267089844e+01 3.3552289009094238e+00
    1.2617022705078125e+02 1.4036976732313633e-02 11797503. -1.
    7.6382629394531250e+01 2.3094404220581055e+01 2.1064591407775879e+00
    3.3957714843750000e+02 1.9197436049580574e-02 11534847. -1.
    7.7393470764160156e+01 4.5783336639404297e+01 2.5326032638549805e+00
    1.3247958374023438e+02 1.3564012944698334e-02 8127231. -1.
    8.2092346191406250e+01 7.4146385192871094e+01 3.0017507076263428e+00
