<?xml version="1.0"?>
<opencv_storage>
<keypoints type_id="opencv-matrix">
  <rows>23</rows>
  <cols>7</cols>
  <dt>d</dt>
  <data>
    2.0518804550170898e+01 1.3721243858337402e+01 3.3533399105072021e+00
    7.8940155029296875e+01 6.4845591783523560e-02 11731967. -1.
    2.0737726211547852e+01 1.4304409980773926e+01 4.3045835494995117e+00
    8.0354431152343750e+01 6.4521946012973785e-02 13107456. -1.
    2.2142745971679688e+01 2.6252933502197266e+01 1.8818845748901367e+01
    8.3234405517578125e+01 1.1750168353319168e-01 2818562. -1.
    3.3928985595703125e+01 2.7047819137573242e+01 2.6940095424652100e+00
    7.4044464111328125e+01 1.3468836247920990e-01 12649215. -1.
    3.3928985595703125e+01 2.7047819137573242e+01 2.6940095424652100e+00
    1.6985742187500000e+02 1.3468836247920990e-01 12649215. -1.
    3.3928985595703125e+01 2.7047819137573242e+01 2.6940095424652100e+00
    2.3978578186035156e+02 1.3468836247920990e-01 12649215. -1.
    3.3928985595703125e+01 2.7047819137573242e+01 2.6940095424652100e+00
    2.8419714355468750e+02 1.3468836247920990e-01 12649215. -1.
    3.7166881561279297e+01 2.5704862594604492e+01 1.8221575021743774e+00
    2.3333264160156250e+02 4.9967866390943527e-02 1049087. -1.
    3.7166881561279297e+01 2.5704862594604492e+01 1.8221575021743774e+00
    3.0597100830078125e+02 4.9967866390943527e-02 1049087. -1.
    4.0311092376708984e+01 2.7029066085815430e+01 2.6358160972595215e+00
    6.9327636718750000e+01 1.3116952776908875e-01 11010815. -1.
    4.0311092376708984e+01 2.7029066085815430e+01 2.6358160972595215e+00
    1.1350756835937500e+02 1.3116952776908875e-01 11010815. -1.
    4.0311092376708984e+01 2.7029066085815430e+01 2.6358160972595215e+00
    2.4752261352539063e+02 1.3116952776908875e-01 11010815. -1.
    4.0311092376708984e+01 2.7029066085815430e+01 2.6358160972595215e+00
    2.9322814941406250e+02 1.3116952776908875e-01 11010815. -1.
    4.3500751495361328e+01 2.8813653945922852e+01 1.9675811529159546e+00
    5.7186676025390625e+01 4.6859931200742722e-02 6619647. -1.
    4.3500751495361328e+01 2.8813653945922852e+01 1.9675811529159546e+00
    1.2360719299316406e+02 4.6859931200742722e-02 6619647. -1.
    4.3540615081787109e+01 2.5499731063842773e+01 1.8399862051010132e+00
    2.3307437133789063e+02 4.8700541257858276e-02 1769983. -1.
    4.3540615081787109e+01 2.5499731063842773e+01 1.8399862051010132e+00
    3.1278863525390625e+02 4.8700541257858276e-02 1769983. -1.
    4.6859397888183594e+01 2.7038139343261719e+01 2.7404322624206543e+00
    4.7583312988281250e+00 1.3412910699844360e-01 13828863. -1.
    4.6859397888183594e+01 2.7038139343261719e+01 2.7404322624206543e+00
    3.3287078857421875e+01 1.3412910699844360e-01 13828863. -1.
    4.6859397888183594e+01 2.7038139343261719e+01 2.7404322624206543e+00
    7.1276794433593750e+01 1.3412910699844360e-01 13828863. -1.
    4.6859397888183594e+01 2.7038139343261719e+01 2.7404322624206543e+00
    1.0701248168945313e+02 1.3412910699844360e-01 13828863. -1.
    4.6859397888183594e+01 2.7038139343261719e+01 2.7404322624206543e+00
    2.5301409912109375e+02 1.3412910699844360e-01 13828863. -1.
    4.6859397888183594e+01 2.7038139343261719e+01 2.7404322624206543e+00
    2.8377575683593750e+02 1.3412910699844360e-01 13828863. -1.</data></keypoints>
<descriptors type_id="opencv-matrix">
  <rows>23</rows>
  <cols>128</cols>
  <dt>f</dt>
  <data>
    6. 0. 0. 0. 0. 0. 0. 2. 156. 0. 0. 0. 0. 0. 0. 80. 156. 0. 0. 0. 0.
    0. 0. 65. 3. 0. 0. 0. 2. 1. 0. 1. 23. 0. 0. 0. 0. 0. 0. 4. 156. 8.
    0. 0. 0. 0. 0. 85. 156. 4. 0. 0. 0. 0. 0. 42. 1. 0. 0. 0. 0. 0. 0.
    0. 22. 4. 0. 0. 0. 0. 0. 1. 156. 108. 0. 0. 0. 0. 0. 7. 156. 62. 0.
    0. 0. 0. 0. 2. 1. 1. 0. 0. 0. 0. 0. 0. 6. 2. 0. 0. 0. 0. 0. 0. 156.
    89. 1. 0. 0. 0. 0. 0. 156. 153. 6. 0. 0. 0. 0. 0. 2. 18. 5. 0. 0. 0.
    0. 0. 8. 0. 0. 0. 0. 0. 0. 2. 158. 0. 0. 0. 0. 0. 0. 73. 158. 0. 0.
    0. 1. 0. 0. 52. 2. 0. 0. 7. 39. 23. 6. 1. 25. 0. 0. 0. 0. 0. 0. 4.
    158. 8. 0. 0. 0. 0. 0. 76. 158. 3. 0. 0. 0. 0. 0. 35. 1. 0. 0. 0. 1.
    9. 5. 0. 24. 4. 0. 0. 0. 0. 0. 1. 158. 111. 0. 0. 0. 0. 0. 6. 158.
    69. 0. 0. 0. 0. 0. 2. 1. 1. 0. 0. 0. 0. 0. 0. 6. 2. 0. 0. 0. 0. 0.
    0. 143. 128. 4. 0. 0. 0. 0. 0. 82. 158. 43. 0. 0. 0. 0. 0. 0. 42.
    60. 1. 0. 0. 0. 0. 8. 0. 0. 0. 0. 0. 0. 8. 153. 0. 0. 0. 6. 17. 21.
    153. 22. 0. 0. 1. 88. 153. 33. 61. 0. 0. 0. 0. 5. 13. 0. 0. 41. 7.
    0. 0. 0. 0. 0. 5. 153. 70. 15. 20. 27. 5. 3. 91. 57. 11. 17. 99.
    153. 38. 4. 19. 0. 0. 0. 2. 7. 3. 0. 0. 23. 24. 0. 0. 0. 0. 0. 0.
    153. 153. 91. 51. 4. 0. 0. 1. 10. 32. 121. 153. 27. 0. 0. 0. 0. 0.
    0. 2. 0. 0. 0. 0. 0. 0. 0. 0. 0. 0. 0. 0. 3. 6. 4. 3. 0. 0. 0. 0. 0.
    1. 6. 10. 0. 0. 0. 0. 0. 0. 0. 0. 0. 0. 0. 0. 0. 0. 0. 2. 5. 0. 0.
    0. 0. 0. 5. 76. 123. 38. 4. 0. 92. 45. 36. 65. 80. 52. 45. 94. 119.
    20. 1. 0. 0. 0. 2. 61. 0. 0. 0. 18. 30. 2. 0. 0. 7. 18. 45. 123.
    123. 45. 9. 5. 123. 93. 47. 43. 23. 32. 42. 114. 62. 4. 0. 0. 0. 0.
    2. 55. 0. 0. 0. 3. 31. 18. 0. 0. 6. 4. 5. 31. 123. 123. 114. 26.
    123. 22. 5. 6. 7. 32. 119. 123. 36. 1. 0. 0. 0. 0. 0. 23. 0. 0. 0.
    0. 0. 3. 0. 0. 0. 0. 0. 0. 0. 23. 33. 2. 1. 0. 0. 0. 0. 3. 34. 22.
    0. 0. 0. 0. 0. 0. 0. 3. 0. 37. 93. 15. 0. 0. 0. 0. 0. 30. 60. 8. 0.
    0. 0. 0. 0. 22. 36. 2. 0. 0. 0. 0. 0. 3. 0. 0. 0. 0. 0. 0. 39. 114.
    124. 57. 27. 41. 49. 45. 32. 107. 124. 113. 43. 38. 17. 26. 121.
    124. 124. 24. 5. 6. 7. 31. 35. 22. 0. 0. 0. 0. 0. 3. 10. 3. 1. 2. 9.
    76. 124. 65. 13. 7. 8. 20. 41. 124. 124. 57. 115. 26. 6. 4. 5. 30.
    124. 124. 33. 2. 0. 0. 0. 0. 0. 23. 0. 0. 0. 0. 0. 3. 12. 1. 0. 0.
    0. 0. 0. 16. 33. 2. 0. 0. 0. 0. 0. 3. 31. 17. 0. 0. 0. 0. 0. 0. 0.
    3. 0. 0. 0. 3. 0. 0. 0. 0. 0. 3. 32. 23. 0. 0. 0. 0. 0. 24. 31. 2.
    0. 0. 0. 0. 0. 3. 0. 0. 0. 0. 0. 0. 0. 0. 0. 30. 31. 0. 0. 0. 7. 31.
    111. 121. 120. 16. 6. 6. 116. 121. 108. 26. 6. 4. 6. 32. 29. 19. 0.
    0. 0. 0. 0. 3. 0. 2. 30. 121. 59. 1. 0. 0. 48. 42. 62. 102. 121. 61.
    64. 54. 121. 29. 5. 5. 6. 13. 67. 121. 26. 2. 0. 0. 0. 0. 0. 20. 3.
    6. 28. 98. 121. 31. 18. 8. 121. 43. 31. 30. 25. 21. 48. 121. 70. 3.
    0. 0. 0. 0. 6. 65. 0. 0. 0. 0. 0. 0. 0. 2. 0. 0. 0. 3. 0. 0. 0. 0.
    0. 3. 34. 22. 0. 0. 0. 0. 1. 21. 30. 2. 0. 0. 0. 0. 0. 2. 0. 0. 0.
    0. 0. 0. 0. 0. 1. 23. 35. 3. 0. 0. 7. 31. 124. 124. 118. 29. 5. 5.
    124. 124. 113. 26. 6. 5. 4. 22. 30. 18. 0. 0. 0. 0. 0. 1. 0. 0. 0.
    3. 37. 22. 0. 0. 9. 7. 12. 50. 124. 124. 44. 23. 124. 117. 39. 27.
    17. 36. 40. 103. 54. 41. 1. 0. 0. 0. 0. 4. 0. 0. 0. 0. 10. 4. 0. 0.
    0. 1. 7. 47. 124. 83. 6. 1. 107. 112. 45. 45. 62. 56. 31. 50. 105.
    52. 1. 0. 0. 0. 0. 16. 0. 0. 3. 28. 43. 1. 0. 0. 0. 4. 31. 119. 119.
    31. 7. 2. 82. 112. 65. 31. 14. 11. 16. 43. 95. 51. 1. 0. 0. 0. 0.
    22. 0. 12. 104. 114. 27. 2. 0. 0. 22. 45. 49. 20. 82. 85. 72. 15.
    45. 4. 0. 1. 6. 27. 119. 119. 48. 1. 0. 0. 0. 0. 5. 92. 15. 27. 57.
    101. 89. 36. 22. 16. 119. 88. 30. 4. 1. 3. 21. 84. 63. 3. 0. 0. 0.
    0. 30. 62. 1. 0. 0. 0. 0. 0. 2. 13. 18. 11. 5. 3. 23. 50. 97. 46.
    51. 0. 0. 0. 0. 2. 55. 119. 19. 0. 0. 0. 0. 0. 0. 26. 0. 0. 0. 0. 0.
    0. 0. 0. 1. 21. 105. 100. 14. 0. 0. 0. 34. 117. 74. 6. 0. 0. 0. 0.
    17. 31. 0. 0. 0. 0. 0. 0. 0. 0. 0. 0. 0. 0. 0. 0. 10. 15. 28. 63.
    95. 94. 43. 18. 117. 98. 24. 5. 1. 7. 29. 82. 81. 56. 20. 0. 0. 0.
    0. 4. 0. 10. 2. 0. 0. 0. 0. 0. 0. 0. 0. 1. 23. 117. 99. 11. 31. 11.
    61. 73. 63. 24. 62. 55. 36. 117. 117. 28. 5. 0. 0. 3. 37. 98. 8. 0.
    0. 0. 0. 0. 0. 0. 0. 1. 40. 27. 3. 0. 0. 1. 9. 40. 117. 114. 20. 1.
    81. 55. 28. 17. 18. 35. 53. 65. 110. 51. 12. 0. 0. 0. 1. 21. 0. 0.
    0. 2. 2. 0. 0. 0. 0. 0. 4. 64. 116. 17. 1. 0. 50. 40. 48. 71. 88.
    44. 37. 61. 104. 41. 6. 0. 0. 0. 4. 56. 0. 0. 0. 19. 28. 1. 0. 0. 6.
    15. 47. 116. 116. 24. 4. 4. 116. 70. 42. 36. 24. 28. 40. 95. 52. 2.
    0. 0. 0. 0. 5. 72. 0. 0. 4. 60. 50. 2. 0. 0. 20. 23. 37. 94. 116.
    79. 42. 35. 116. 28. 7. 6. 7. 16. 45. 116. 34. 1. 0. 0. 0. 0. 0. 20.
