<?xml version="1.0"?>
<opencv_storage>
<keypoints type_id="opencv-matrix">
  <rows>46</rows>
  <cols>7</cols>
  <dt>d</dt>
  <data>
    1.7681108474731445e+01 6.3080093383789063e+01 4.8837332725524902e+00
    2.7600732421875000e+02 7.8059777617454529e-02 5505536. -1.
    1.7681108474731445e+01 6.3080093383789063e+01 4.8837332725524902e+00
    3.5449002075195313e+02 7.8059777617454529e-02 5505536. -1.
    1.7780170440673828e+01 1.7110578536987305e+01 4.6265773773193359e+00
    8.3725585937500000e+01 1.1340664327144623e-01 1573376. -1.
    2.4098001480102539e+01 4.0144401550292969e+01 2.5051496028900146e+00
    1.4311367797851563e+02 7.6170228421688080e-02 7340799. -1.
    2.4098001480102539e+01 4.0144401550292969e+01 2.5051496028900146e+00
    2.1834886169433594e+02 7.6170228421688080e-02 7340799. -1.
    2.4189661026000977e+01 5.6609565734863281e+01 2.5955719947814941e+00
    2.7525427246093750e+02 6.2843427062034607e-02 9896703. -1.
    2.4189661026000977e+01 5.6609565734863281e+01 2.5955719947814941e+00
    3.5610070800781250e+02 6.2843427062034607e-02 9896703. -1.
    2.4703712463378906e+01 2.4141857147216797e+01 3.0633077621459961e+00
    1.4387207031250000e+00 8.4470972418785095e-02 5178367. -1.
    2.4703712463378906e+01 2.4141857147216797e+01 3.0633077621459961e+00
    9.0405944824218750e+01 8.4470972418785095e-02 5178367. -1.
    2.6250211715698242e+01 2.5487026214599609e+01 1.7018310546875000e+01
    8.9391448974609375e+01 7.6271459460258484e-02 12255490. -1.
    2.6374011993408203e+01 5.3689987182617188e+01 1.6335908889770508e+01
    2.7125140380859375e+02 5.3880445659160614e-02 9306370. -1.
    2.6374011993408203e+01 5.3689987182617188e+01 1.6335908889770508e+01
    3.5228427124023438e+02 5.3880445659160614e-02 9306370. -1.
    2.9048473358154297e+01 2.8331087112426758e+01 6.8571166992187500e+00
    1.1071351623535156e+02 7.9779095947742462e-02 13370112. -1.
    2.9048473358154297e+01 2.8331087112426758e+01 6.8571166992187500e+00
    3.2995816040039063e+02 7.9779095947742462e-02 13370112. -1.
    2.9272644042968750e+01 5.1505920410156250e+01 7.0204043388366699e+00
    2.5167749023437500e+02 5.9405177831649780e-02 15074048. -1.
    3.3645145416259766e+01 4.0093158721923828e+01 4.0043845176696777e+00
    1.4770829772949219e+02 7.6664507389068604e-02 7864576. -1.
    3.3645145416259766e+01 4.0093158721923828e+01 4.0043845176696777e+00
    2.1507611083984375e+02 7.6664507389068604e-02 7864576. -1.
    3.4628475189208984e+01 4.0154239654541016e+01 3.4741649627685547e+00
    1.4034294128417969e+02 7.4559144675731659e-02 14287871. -1.
    3.4628475189208984e+01 4.0154239654541016e+01 3.4741649627685547e+00
    2.2159620666503906e+02 7.4559144675731659e-02 14287871. -1.
    3.5799926757812500e+01 2.8971597671508789e+01 3.9341442584991455e+00
    1.2661393737792969e+02 6.2551982700824738e-02 6553856. -1.
    3.6870048522949219e+01 4.0097812652587891e+01 2.0121607780456543e+00
    1.2746743774414063e+02 7.8930869698524475e-02 8192511. -1.
    3.6870048522949219e+01 4.0097812652587891e+01 2.0121607780456543e+00
    2.3113052368164063e+02 7.8930869698524475e-02 8192511. -1.
    4.0780570983886719e+01 5.6774036407470703e+01 2.5122201442718506e+00
    1.2879972839355469e+02 6.4136236906051636e-02 7537407. -1.
    4.0817886352539063e+01 3.5678966522216797e+01 2.3842570781707764e+00
    2.2141046142578125e+02 7.9955957829952240e-02 3801855. -1.
    4.0831851959228516e+01 4.7136238098144531e+01 3.9544174671173096e+00
    5.4591583251953125e+01 7.2895497083663940e-02 6947072. -1.
    4.0831851959228516e+01 4.7136238098144531e+01 3.9544174671173096e+00
    1.2446389770507813e+02 7.2895497083663940e-02 6947072. -1.
    4.0832042694091797e+01 3.2963356018066406e+01 3.9983322620391846e+00
    2.3960894775390625e+02 8.0545589327812195e-02 7733504. -1.
    4.0832042694091797e+01 3.2963356018066406e+01 3.9983322620391846e+00
    3.0097399902343750e+02 8.0545589327812195e-02 7733504. -1.
    4.0849090576171875e+01 4.4184162139892578e+01 2.1519324779510498e+00
    3.8415588378906250e+01 7.4633054435253143e-02 13107711. -1.
    4.0849090576171875e+01 4.4184162139892578e+01 2.1519324779510498e+00
    1.4470568847656250e+02 7.4633054435253143e-02 13107711. -1.
    4.0898811340332031e+01 2.3318494796752930e+01 2.5384409427642822e+00
    2.3239712524414063e+02 8.1084810197353363e-02 8323839. -1.
    4.4857940673828125e+01 4.0145423889160156e+01 2.1264581680297852e+00
    5.1726470947265625e+01 7.9534091055393219e-02 12190207. -1.
    4.5823333740234375e+01 2.8938676834106445e+01 3.9388597011566162e+00
    5.3441680908203125e+01 6.3396520912647247e-02 6684928. -1.
    4.7923801422119141e+01 4.0066272735595703e+01 3.9741394519805908e+00
    3.2773559570312500e+01 7.8243002295494080e-02 7340288. -1.
    4.7923801422119141e+01 4.0066272735595703e+01 3.9741394519805908e+00
    3.2419345092773438e+02 7.8243002295494080e-02 7340288. -1.
    5.3604091644287109e+01 3.9874897003173828e+01 2.6042172908782959e+00
    2.1780606079101563e+02 8.8708899915218353e-02 10158847. -1.
    5.5039569854736328e+01 2.5529811859130859e+01 1.6644697189331055e+01
    9.1325134277343750e+01 7.6408185064792633e-02 10617090. -1.
    5.6721466064453125e+01 2.4211278915405273e+01 3.1880218982696533e+00
    8.8053466796875000e+01 8.0156877636909485e-02 8061951. -1.
    5.6945049285888672e+01 5.6207183837890625e+01 3.0595357418060303e+00
    1.8255354309082031e+02 6.0512434691190720e-02 5112831. -1.
    5.6945049285888672e+01 5.6207183837890625e+01 3.0595357418060303e+00
    2.6639373779296875e+02 6.0512434691190720e-02 5112831. -1.
    5.7517040252685547e+01 4.0093338012695313e+01 2.5210194587707520e+00
    3.6046691894531250e+01 7.2946660220623016e-02 7799551. -1.
    6.2834732055664063e+01 4.6165683746337891e+01 3.7043156623840332e+00
    1.5384666442871094e+02 8.3929494023323059e-02 2228480. -1.
    6.3882175445556641e+01 1.7174661636352539e+01 4.5762410163879395e+00
    9.5835906982421875e+01 1.1578801274299622e-01 786944. -1.
    6.3882175445556641e+01 1.7174661636352539e+01 4.5762410163879395e+00
    1.7374360656738281e+02 1.1578801274299622e-01 786944. -1.
    6.3939662933349609e+01 6.3074104309082031e+01 4.8397045135498047e+00
    1.8648634338378906e+02 7.9230099916458130e-02 4850176. -1.
    6.3939662933349609e+01 6.3074104309082031e+01 4.8397045135498047e+00
    2.6459671020507813e+02 7.9230099916458130e-02 4850176. -1.</data></keypoints>
