<?xml version="1.0"?>
<opencv_storage>
<keypoints type_id="opencv-matrix">
  <rows>91</rows>
  <cols>7</cols>
  <dt>d</dt>
  <data>
    2.5082378387451172e+00 5.3896869659423828e+01 2.4352269172668457e+00
    1.1785992431640625e+02 2.8637498617172241e-02 5309183. -1.
    3.8671348094940186e+00 1.8164802551269531e+01 2.5144214630126953e+00
    1.8122396850585938e+02 1.8143955618143082e-02 7602943. -1.
    7.1569981575012207e+00 1.8618560791015625e+01 2.0920877456665039e+00
    1.8025167846679688e+02 4.0592700242996216e-02 11010559. -1.
    7.1569981575012207e+00 1.8618560791015625e+01 2.0920877456665039e+00
    3.3598635864257813e+02 4.0592700242996216e-02 11010559. -1.
    8.4904108047485352e+00 5.6500644683837891e+01 2.1062271595001221e+00
    9.2372161865234375e+01 2.6049496605992317e-02 11534847. -1.
    8.6571254730224609e+00 5.1394325256347656e+01 6.1916017532348633e+00
    2.6057489013671875e+02 2.6443146169185638e-02 5964544. -1.
    9.1012029647827148e+00 3.2508270263671875e+01 4.9793305397033691e+00
    3.9629821777343750e+01 4.3358068913221359e-02 6881792. -1.
    9.4348421096801758e+00 2.4965162277221680e+01 1.9064035415649414e+00
    1.0935890197753906e+02 3.8437809795141220e-02 4325887. -1.
    1.0324589729309082e+01 4.1128139495849609e+01 1.8876656293869019e+00
    1.0129376220703125e+02 6.2581077218055725e-02 3604991. -1.
    1.1860605239868164e+01 7.5235984802246094e+01 5.9456691741943359e+00
    1.1725585937500000e+01 4.3748207390308380e-02 3015424. -1.
    1.3021134376525879e+01 3.5548545837402344e+01 2.1517009735107422e+00
    2.2713940429687500e+02 3.4379214048385620e-02 13042175. -1.
    1.4468557357788086e+01 7.8294944763183594e+01 2.7834975719451904e+00
    2.3554949951171875e+02 2.7485892176628113e-02 15008511. -1.
    1.4850394248962402e+01 5.8759742736816406e+01 2.0916404724121094e+00
    1.6019425964355469e+02 4.9401350319385529e-02 11010559. -1.
    1.4850394248962402e+01 5.8759742736816406e+01 2.0916404724121094e+00
    3.5733605957031250e+02 4.9401350319385529e-02 11010559. -1.
    1.5241671562194824e+01 2.3572963714599609e+01 2.0763323307037354e+00
    4.9138671875000000e+01 2.9189560562372208e-02 10486271. -1.
    1.5241671562194824e+01 2.3572963714599609e+01 2.0763323307037354e+00
    3.3902291870117188e+02 2.9189560562372208e-02 10486271. -1.
    1.5245486259460449e+01 8.2065818786621094e+01 2.0043683052062988e+00
    2.3006182861328125e+02 7.3875166475772858e-02 7930367. -1.
    1.7186452865600586e+01 2.0136430740356445e+01 1.9179772138595581e+00
    3.7747222900390625e+01 2.9701417312026024e-02 4784639. -1.
    1.7632198333740234e+01 3.0917043685913086e+01 1.8642681837081909e+00
    1.7880065917968750e+01 1.5745105221867561e-02 2687487. -1.
    1.8230726242065430e+01 6.5303463935852051e+00 2.0980386734008789e+00
    2.6940270996093750e+02 2.2474611178040504e-02 11272703. -1.
    1.9199213027954102e+01 7.4338951110839844e+00 2.9342739582061768e+00
    1.3514028930664063e+02 2.2151190787553787e-02 2098175. -1.
    1.9199213027954102e+01 7.4338951110839844e+00 2.9342739582061768e+00
    2.5735470581054688e+02 2.2151190787553787e-02 2098175. -1.
    1.9992246627807617e+01 8.2396095275878906e+01 2.3475110530853271e+00
    3.1153244018554688e+02 3.0698858201503754e-02 2687743. -1.
    2.1861589431762695e+01 5.1952919006347656e+01 4.5269293785095215e+00
    3.3902270507812500e+02 1.4754452742636204e-02 512. -1.
    2.2854564666748047e+01 1.1540015220642090e+01 2.7119679450988770e+00
    1.2950793457031250e+02 2.5216015055775642e-02 13107967. -1.
    2.3158012390136719e+01 2.1528350830078125e+01 4.1896605491638184e+00
    2.7035369873046875e+01 3.2447800040245056e-02 11141376. -1.
    2.3451557159423828e+01 1.2590692520141602e+01 8.3138046264648438e+00
    4.1528289794921875e+01 2.9911184683442116e-02 10551553. -1.
    2.3470968246459961e+01 1.9934879302978516e+01 2.1393027305603027e+00
    2.2866638183593750e+01 2.8607629239559174e-02 12648959. -1.
    2.4153434753417969e+01 1.6821949005126953e+01 1.8696981668472290e+00
    1.7760681152343750e+01 3.8045290857553482e-02 2884095. -1.
    2.6461559295654297e+01 7.6312232971191406e+01 6.6397814750671387e+00
    3.2934396362304688e+02 5.2776396274566650e-02 11010816. -1.
    2.6579763412475586e+01 3.4729187011718750e+01 2.0033092498779297e+00
    1.7540991210937500e+02 3.5822644829750061e-02 7930367. -1.
    2.6579763412475586e+01 3.4729187011718750e+01 2.0033092498779297e+00
    3.0793621826171875e+02 3.5822644829750061e-02 7930367. -1.
    2.8155460357666016e+01 8.6013954162597656e+01 1.8464380502700806e+00
    3.0176193237304688e+02 1.5864683315157890e-02 2032127. -1.
    2.8729068756103516e+01 6.2160339355468750e+01 3.3580818176269531e+00
    3.3898257446289063e+02 1.8457654863595963e-02 11863039. -1.
    2.9028930664062500e+01 2.1667968750000000e+01 3.7554535865783691e+00
    2.2239532470703125e+01 2.5325525552034378e-02 3211520. -1.
    2.9314008712768555e+01 7.2969741821289063e+01 1.9397531747817993e+00
    1.2210029602050781e+02 5.4444059729576111e-02 5571071. -1.
    3.0922369003295898e+01 8.4529098510742188e+01 2.7920596599578857e+00
    1.8650241088867188e+02 3.9073698222637177e-02 15205119. -1.
    3.0974756240844727e+01 6.9751838684082031e+01 3.3014118671417236e+00
    1.2005740356445313e+02 4.1945111006498337e-02 10617855. -1.
    3.1780851364135742e+01 4.7389019012451172e+01 1.9299408197402954e+00
    2.6221691894531250e+02 6.4114935696125031e-02 5177855. -1.
    3.4047737121582031e+01 7.7941017150878906e+00 2.5161778926849365e+00
    6.1497985839843750e+01 1.9526472315192223e-02 7668479. -1.
    3.5974346160888672e+01 3.1718452453613281e+01 1.9678386449813843e+00
    2.5371105957031250e+02 1.6757290810346603e-02 6619647. -1.
    3.7185157775878906e+01 1.0094839096069336e+01 2.3038320541381836e+00
    6.8740142822265625e+01 3.6164589226245880e-02 1311487. -1.
    3.7896701812744141e+01 6.2266242980957031e+01 7.9910302162170410e+00
    6.5189849853515625e+01 4.8036858439445496e-02 7733505. -1.
    4.1462280273437500e+01 4.8360218048095703e+01 3.2777364253997803e+00
    3.1702499389648438e+02 1.4513790607452393e-02 10093567. -1.
    4.3553134918212891e+01 5.3897619247436523e+00 2.5103847980499268e+00
    1.3647399902343750e+01 2.7281990274786949e-02 7537407. -1.
    4.3971843719482422e+01 2.3145412445068359e+01 2.1892547607421875e+01
    4.8423461914062500e+01 4.5791886746883392e-02 13763074. -1.
    4.4390361785888672e+01 3.1278053283691406e+01 2.2199182510375977e+00
    2.6330908203125000e+02 1.4735121279954910e-02 15335935. -1.
    4.5510608673095703e+01 7.7905471801757813e+01 2.7006728649139404e+00
    1.5034346008300781e+02 6.5958872437477112e-02 12780287. -1.
    4.6022937774658203e+01 5.9153366088867188e+01 3.4218308925628662e+00
    8.3356292724609375e+01 4.0315579622983932e-02 13173759. -1.
    4.7402626037597656e+01 3.0396142959594727e+01 2.5048077106475830e+00
    2.5313336181640625e+02 1.5675349161028862e-02 7340799. -1.
    4.8211387634277344e+01 7.4356788635253906e+01 3.8182942867279053e+00
    2.5655438232421875e+02 6.9097742438316345e-02 4391168. -1.
    4.9772544860839844e+01 1.2511005401611328e+01 2.3432428836822510e+00
    8.9678558349609375e+01 1.9452603533864021e-02 2556671. -1.
    5.1642265319824219e+01 5.3467533111572266e+01 3.0242707729339600e+00
    1.3354342651367188e+02 5.6983675807714462e-02 4260863. -1.
    5.1701618194580078e+01 8.0923095703125000e+01 2.2538774013519287e+00
    1.6179016113281250e+02 9.0366661548614502e-02 16450047. -1.
    5.1949371337890625e+01 7.4825775146484375e+01 6.5966110229492188e+00
    1.4997052001953125e+02 7.0781238377094269e-02 10552064. -1.
    5.1949371337890625e+01 7.4825775146484375e+01 6.5966110229492188e+00
    2.7604620361328125e+02 7.0781238377094269e-02 10552064. -1.
    5.3257755279541016e+01 7.1492477416992188e+01 2.3037872314453125e+00
    2.5397969055175781e+02 6.1475012451410294e-02 1311487. -1.
    5.3466697692871094e+01 8.4472412109375000e+01 2.5678012371063232e+00
