<?xml version="1.0"?>
<opencv_storage>
<keypoints type_id="opencv-matrix">
  <rows>28</rows>
  <cols>7</cols>
  <dt>d</dt>
  <data>
    2.1689451217651367e+01 3.5566471099853516e+01 1.9404630661010742e+00
    3.2005523681640625e+02 8.5731156170368195e-02 5571071. -1.
    2.2237642288208008e+01 5.0865776062011719e+01 8.7267961502075195e+00
    1.4573516845703125e+01 8.6212195456027985e-02 14090497. -1.
    2.2237642288208008e+01 5.0865776062011719e+01 8.7267961502075195e+00
    3.3963024902343750e+02 8.6212195456027985e-02 14090497. -1.
    2.4210754394531250e+01 2.8298267364501953e+01 6.6986527442932129e+00
    7.1216552734375000e+01 1.1798863857984543e-01 11666176. -1.
    2.5018651962280273e+01 3.8325611114501953e+01 3.6833393573760986e+00
    1.8115608215332031e+02 8.2207866013050079e-02 1835264. -1.
    2.9111930847167969e+01 5.6147090911865234e+01 2.6895844936370850e+00
    2.0094358825683594e+02 4.9993988126516342e-02 12518143. -1.
    2.9936164855957031e+01 3.1794448852539063e+01 3.3760437965393066e+00
    1.9068215942382813e+02 8.7144970893859863e-02 12256255. -1.
    3.1171911239624023e+01 4.4203060150146484e+01 2.9465913772583008e+00
    6.9901611328125000e+01 8.1773318350315094e-02 2360319. -1.
    3.6086936950683594e+01 2.6348768234252930e+01 2.9850256443023682e+00
    3.0966986083984375e+02 5.1273085176944733e-02 3343359. -1.
    3.6179195404052734e+01 3.8406593322753906e+01 3.1470198631286621e+00
    2.2507629394531250e+01 5.7261820882558823e-02 7144447. -1.
    3.7184940338134766e+01 5.8849754333496094e+01 3.2259297370910645e+00
    3.4545620727539063e+02 4.5156504958868027e-02 8913919. -1.
    4.0592899322509766e+01 3.8008251190185547e+01 6.6219949722290039e+00
    1.7608947753906250e+01 7.7705442905426025e-02 10814208. -1.
    4.0592899322509766e+01 3.8008251190185547e+01 6.6219949722290039e+00
    1.6267240905761719e+02 7.7705442905426025e-02 10814208. -1.
    4.0593971252441406e+01 6.1441852569580078e+01 6.4586958885192871e+00
    2.1098437500000000e+02 7.9168178141117096e-02 9044736. -1.
    4.0593971252441406e+01 6.1441852569580078e+01 6.4586958885192871e+00
    3.2902032470703125e+02 7.9168178141117096e-02 9044736. -1.
    4.0690200805664063e+01 1.9060615539550781e+01 1.0805563926696777e+01
    4.4378631591796875e+01 1.2934823334217072e-01 12845569. -1.
    4.0690200805664063e+01 1.9060615539550781e+01 1.0805563926696777e+01
    1.3840568542480469e+02 1.2934823334217072e-01 12845569. -1.
    4.4447601318359375e+01 5.8488967895507813e+01 2.7410125732421875e+00
    1.9279527282714844e+02 4.6917248517274857e-02 13894399. -1.
    4.5469585418701172e+01 3.8590747833251953e+01 2.6891849040985107e+00
    1.5470834350585938e+02 6.0484524816274643e-02 12518143. -1.
    4.9987751007080078e+01 4.4269035339355469e+01 3.0061848163604736e+00
    1.8358184814453125e+01 8.3356581628322601e-02 3867647. -1.
    4.9987751007080078e+01 4.4269035339355469e+01 3.0061848163604736e+00
    1.9890158081054688e+02 8.3356581628322601e-02 3867647. -1.
    5.2004116058349609e+01 5.6137474060058594e+01 2.6001949310302734e+00
    7.7875061035156250e+00 4.9335367977619171e-02 10027775. -1.
    5.2004116058349609e+01 5.6137474060058594e+01 2.6001949310302734e+00
    3.3914761352539063e+02 4.9335367977619171e-02 10027775. -1.
    5.6416519165039063e+01 5.7709350585937500e+01 7.0715289115905762e+00
    2.1183543395996094e+02 7.8622423112392426e-02 15598336. -1.
    5.7020992279052734e+01 2.8315471649169922e+01 6.7013611793518066e+00
    1.0708825683593750e+02 1.1840586364269257e-01 11666176. -1.
    5.9110553741455078e+01 5.0500053405761719e+01 8.5526142120361328e+00
    1.7084988403320313e+02 8.5710480809211731e-02 12583169. -1.
    5.9110553741455078e+01 5.0500053405761719e+01 8.5526142120361328e+00
    2.0046438598632813e+02 8.5710480809211731e-02 12583169. -1.
    5.9421707153320313e+01 3.5621829986572266e+01 2.0066850185394287e+00
    2.2294261169433594e+02 8.4735400974750519e-02 7995903. -1.</data></keypoints>
<descriptors type_id="opencv-matrix">
  <rows>28</rows>
  <cols>128</cols>
  <dt>f</dt>
  <data>
    8. 0. 0. 0. 0. 0. 0. 5. 125. 33. 0. 0. 0. 0. 2. 46. 92. 125. 8. 0.
    0. 0. 5. 58. 6. 64. 4. 0. 0. 0. 9. 13. 33. 1. 0. 0. 0. 0. 0. 11.
    125. 16. 0. 0. 0. 7. 33. 105. 20. 125. 10. 0. 2. 78. 50. 23. 19.
    125. 6. 0. 2. 12. 0. 0. 33. 2. 0. 0. 0. 0. 23. 30. 125. 23. 0. 0. 0.
    4. 15. 81. 73. 11. 0. 1. 30. 125. 22. 26. 48. 107. 0. 1. 45. 79. 0.
    0. 2. 0. 0. 0. 0. 0. 125. 100. 37. 1. 3. 4. 0. 0. 66. 125. 24. 0. 4.
    84. 32. 17. 3. 36. 12. 25. 15. 81. 68. 23. 0. 0. 52. 18. 0. 0. 0. 0.
    0. 13. 127. 115. 11. 18. 5. 2. 15. 101. 81. 56. 38. 52. 17. 10. 11.
    32. 29. 21. 20. 25. 49. 63. 5. 10. 38. 14. 0. 0. 0. 0. 0. 2. 127.
    99. 4. 4. 2. 5. 9. 56. 97. 54. 15. 20. 24. 24. 28. 40. 27. 53. 24.
    40. 57. 22. 2. 6. 17. 10. 0. 0. 0. 0. 0. 0. 127. 127. 18. 1. 1. 1.
    1. 9. 21. 127. 118. 125. 36. 6. 2. 3. 0. 102. 108. 108. 33. 0. 0. 0.
    0. 1. 0. 0. 0. 0. 0. 0. 3. 58. 13. 0. 0. 0. 0. 0. 0. 51. 91. 42. 0.
    0. 0. 0. 0. 26. 63. 33. 2. 0. 0. 0. 0. 0. 0. 0. 0. 0. 0. 1. 76. 0.
    0. 0. 0. 0. 1. 63. 124. 16. 17. 9. 1. 6. 85. 124. 52. 39. 25. 16. 4.
    8. 69. 96. 17. 0. 0. 0. 0. 0. 0. 9. 124. 4. 0. 1. 1. 1. 10. 124. 84.
    14. 18. 16. 15. 30. 31. 124. 45. 24. 23. 27. 43. 6. 9. 86. 33. 5. 0.
    0. 0. 0. 0. 2. 124. 111. 33. 12. 2. 1. 2. 33. 83. 88. 82. 58. 14. 8.
    6. 20. 48. 38. 26. 64. 24. 4. 3. 16. 5. 4. 0. 0. 0. 0. 0. 0. 28. 82.
    54. 3. 0. 0. 0. 0. 51. 124. 102. 21. 0. 0. 0. 0. 24. 79. 96. 64. 0.
    0. 0. 1. 117. 88. 1. 0. 0. 0. 0. 13. 94. 123. 58. 16. 3. 5. 7. 26.
    3. 30. 66. 77. 47. 48. 18. 3. 3. 44. 24. 8. 8. 27. 94. 11. 30. 57.
    1. 0. 0. 0. 0. 1. 123. 123. 37. 8. 2. 5. 6. 46. 36. 46. 50. 49. 71.
    85. 18. 26. 19. 111. 43. 5. 13. 21. 18. 10. 18. 9. 0. 0. 0. 0. 0. 0.
    123. 123. 71. 6. 1. 0. 0. 9. 18. 95. 123. 51. 23. 15. 6. 5. 29. 113.
    36. 3. 4. 10. 41. 21. 0. 1. 0. 0. 0. 0. 0. 0. 1. 24. 23. 0. 0. 0. 0.
    0. 2. 44. 64. 2. 0. 0. 0. 0. 10. 123. 70. 2. 0. 0. 1. 0. 6. 6. 13.
    15. 27. 24. 4. 3. 73. 46. 9. 13. 18. 11. 0. 2. 34. 22. 4. 111. 39.
    2. 0. 1. 0. 0. 0. 111. 83. 4. 0. 0. 8. 8. 40. 90. 89. 7. 1. 4. 111.
    29. 29. 29. 16. 0. 1. 20. 36. 6. 2. 111. 111. 18. 0. 5. 0. 0. 0. 79.
    63. 14. 0. 0. 28. 1. 2. 77. 80. 2. 19. 71. 91. 14. 4. 5. 9. 10. 83.
    100. 12. 7. 4. 11. 111. 107. 36. 1. 0. 0. 0. 1. 77. 104. 2. 0. 80.
    11. 1. 8. 17. 47. 25. 55. 52. 38. 19. 3. 0. 16. 79. 42. 0. 2. 15.
    51. 52. 85. 68. 0. 0. 0. 0. 43. 111. 59. 2. 0. 21. 0. 0. 0. 2. 31.
    0. 4. 135. 0. 0. 0. 0. 1. 1. 54. 66. 0. 0. 0. 0. 73. 23. 29. 0. 0.
    0. 0. 0. 135. 23. 0. 30. 0. 0. 0. 44. 135. 2. 7. 135. 17. 0. 0. 2.
    7. 2. 45. 83. 12. 0. 0. 0. 4. 7. 23. 0. 0. 0. 0. 0. 79. 22. 3. 9. 0.
    0. 0. 108. 129. 29. 7. 127. 108. 0. 0. 4. 40. 57. 18. 42. 135. 0. 0.
    0. 5. 2. 4. 6. 22. 0. 0. 0. 3. 9. 7. 9. 2. 0. 0. 65. 59. 13. 7. 30.
    25. 0. 0. 4. 97. 56. 15. 7. 135. 0. 0. 0. 103. 12. 0. 14. 135. 0. 0.
    0. 4. 1. 1. 0. 2. 5. 20. 90. 40. 1. 0. 43. 17. 30. 62. 56. 4. 3. 14.
    112. 40. 10. 8. 29. 10. 1. 13. 2. 2. 5. 16. 84. 78. 0. 0. 5. 1. 0.
    86. 112. 5. 0. 1. 90. 4. 0. 32. 60. 3. 32. 112. 44. 25. 14. 3. 2.
    13. 112. 55. 0. 3. 11. 9. 28. 57. 106. 4. 11. 3. 0. 26. 103. 100.
    37. 6. 112. 49. 3. 6. 14. 50. 49. 36. 50. 75. 39. 3. 0. 6. 63. 16.
    0. 2. 31. 73. 29. 12. 57. 3. 1. 0. 0. 0. 1. 60. 38. 6. 9. 19. 8. 3.
    43. 112. 38. 3. 4. 61. 112. 19. 45. 22. 0. 0. 0. 4. 112. 101. 3. 0.
    0. 0. 21. 116. 14. 1. 10. 18. 2. 0. 6. 116. 112. 3. 0. 0. 0. 1. 1.
    10. 116. 7. 1. 1. 2. 1. 0. 17. 66. 2. 1. 9. 3. 0. 19. 60. 10. 6. 68.
    67. 31. 6. 116. 104. 46. 0. 0. 4. 18. 41. 16. 19. 73. 6. 1. 18. 63.
    22. 0. 21. 61. 18. 8. 24. 16. 0. 7. 11. 12. 1. 6. 116. 116. 14. 65.
    55. 21. 0. 0. 94. 81. 17. 9. 35. 116. 20. 1. 7. 76. 6. 0. 0. 65. 53.
    8. 12. 63. 2. 11. 116. 64. 2. 0. 21. 7. 1. 15. 52. 1. 0. 0. 59. 97.
    3. 0. 2. 4. 1. 1. 9. 116. 4. 0. 0. 1. 1. 2. 11. 116. 3. 6. 9. 1. 12.
