<?xml version="1.0"?>
<opencv_storage>
<keypoints type_id="opencv-matrix">
  <rows>19</rows>
  <cols>7</cols>
  <dt>d</dt>
  <data>
    1.3417175292968750e+01 1.5629797935485840e+01 2.5707116127014160e+00
    2.2851370239257813e+02 7.2513565421104431e-02 9241343. -1.
    1.6314737319946289e+01 3.2858592987060547e+01 2.8990046977996826e+00
    3.0345434570312500e+02 7.4934698641300201e-02 1180671. -1.
    1.7384023666381836e+01 1.1850498199462891e+01 3.7280805110931396e+00
    1.1537298583984375e+02 7.4493661522865295e-02 2687232. -1.
    1.7384023666381836e+01 1.1850498199462891e+01 3.7280805110931396e+00
    2.7891571044921875e+02 7.4493661522865295e-02 2687232. -1.
    1.8777538299560547e+01 2.9185100555419922e+01 3.0370492935180664e+00
    5.4392822265625000e+01 1.0020329058170319e-01 4588543. -1.
    2.0775714874267578e+01 1.5300925254821777e+01 2.3444077968597412e+00
    3.0281530761718750e+02 7.7587686479091644e-02 2556671. -1.
    2.2259159088134766e+01 2.3849142074584961e+01 3.8100419044494629e+00
    4.3170013427734375e+01 6.8807490170001984e-02 4260096. -1.
    2.3654811859130859e+01 1.5037987709045410e+01 1.8351325988769531e+00
    1.6064195251464844e+02 8.3592176437377930e-02 1573375. -1.
    2.3654811859130859e+01 1.5037987709045410e+01 1.8351325988769531e+00
    3.4341101074218750e+02 8.3592176437377930e-02 1573375. -1.
    2.4438604354858398e+01 3.9178684234619141e+01 2.6444861888885498e+00
    2.7102233886718750e+02 6.3770391047000885e-02 11272959. -1.
    2.5172222137451172e+01 2.8131465911865234e+01 1.7988706827163696e+00
    2.6367105102539063e+02 1.1241611093282700e-01 131583. -1.
    2.5211257934570313e+01 3.1972269058227539e+01 9.9309368133544922e+00
    1.6098712158203125e+02 6.7448712885379791e-02 6685185. -1.
    2.5412029266357422e+01 3.3618358612060547e+01 6.4447245597839355e+00
    2.7117303466796875e+02 7.1584098041057587e-02 8848128. -1.
    2.5665906906127930e+01 1.1866286277770996e+01 2.6985309123992920e+00
    1.6330247497558594e+02 8.6447767913341522e-02 12714751. -1.
    2.5665906906127930e+01 1.1866286277770996e+01 2.6985309123992920e+00
    3.4392156982421875e+02 8.6447767913341522e-02 12714751. -1.
    3.1536983489990234e+01 2.9142646789550781e+01 3.0429370403289795e+00
    1.2680200195312500e+02 9.9110543727874756e-02 4719615. -1.
    3.1983663558959961e+01 2.1163825988769531e+01 2.4416902065277100e+00
    1.3812501525878906e+02 7.3794975876808167e-02 5505791. -1.
    3.2257705688476563e+01 1.7616933822631836e+01 2.0836410522460938e+00
    2.4695071411132813e+02 9.7464978694915771e-02 10748415. -1.
    3.3949256896972656e+01 3.2885906219482422e+01 2.9015882015228271e+00
    2.3601062011718750e+02 7.4986830353736877e-02 1246207. -1.</data></keypoints>
<descriptors type_id="opencv-matrix">
  <rows>19</rows>
  <cols>128</cols>
  <dt>f</dt>
  <data>
    64. 8. 4. 11. 62. 6. 0. 4. 123. 8. 0. 0. 8. 37. 13. 35. 1. 0. 0. 0.
    17. 54. 4. 1. 0. 0. 0. 0. 0. 1. 0. 0. 87. 10. 0. 12. 85. 1. 1. 2.
    123. 22. 1. 1. 8. 41. 11. 24. 14. 2. 1. 2. 77. 123. 8. 7. 0. 0. 0.
    0. 14. 16. 0. 0. 38. 1. 0. 4. 42. 18. 123. 69. 123. 23. 2. 3. 5. 5.
    84. 123. 17. 9. 3. 11. 99. 123. 46. 15. 0. 0. 0. 2. 45. 68. 1. 0.
    10. 46. 33. 0. 1. 12. 110. 57. 4. 20. 123. 18. 1. 2. 90. 85. 0. 0.
    80. 123. 37. 41. 35. 9. 0. 0. 5. 54. 55. 23. 0. 0. 6. 0. 0. 0. 0. 0.
    0. 4. 41. 0. 0. 0. 1. 12. 18. 51. 5. 1. 2. 4. 17. 122. 55. 13. 1. 6.
    15. 2. 3. 60. 107. 2. 28. 0. 0. 0. 0. 0. 0. 10. 124. 1. 0. 0. 5. 15.
    19. 124. 16. 5. 8. 24. 114. 116. 43. 37. 87. 25. 12. 13. 15. 28. 66.
    42. 40. 7. 0. 0. 0. 0. 0. 1. 124. 58. 0. 0. 3. 11. 5. 25. 69. 16. 0.
    1. 47. 124. 91. 15. 59. 12. 1. 1. 12. 89. 114. 50. 7. 8. 2. 2. 2. 0.
    0. 0. 124. 124. 6. 3. 2. 0. 0. 0. 98. 124. 0. 0. 1. 20. 16. 2. 3. 8.
    1. 4. 43. 85. 14. 1. 69. 33. 2. 0. 0. 0. 1. 41. 52. 47. 24. 19. 12.
    7. 21. 77. 11. 58. 71. 60. 75. 13. 7. 7. 3. 106. 125. 57. 26. 1. 0.
    0. 46. 53. 2. 0. 0. 0. 0. 1. 125. 77. 18. 4. 21. 14. 5. 50. 23. 7.
    21. 36. 125. 125. 21. 19. 0. 61. 93. 17. 32. 118. 57. 0. 32. 15. 0.
    0. 0. 0. 0. 0. 125. 125. 81. 10. 6. 2. 0. 6. 10. 23. 125. 58. 46.
    72. 11. 1. 0. 1. 47. 43. 23. 115. 43. 0. 1. 4. 0. 0. 0. 0. 0. 0. 2.
    29. 38. 1. 0. 0. 0. 0. 0. 3. 88. 9. 0. 0. 0. 0. 0. 0. 33. 16. 1. 0.
    0. 0. 15. 18. 2. 0. 0. 2. 42. 16. 2. 1. 0. 0. 0. 28. 101. 4. 0. 0.
    0. 0. 1. 34. 40. 0. 0. 0. 0. 0. 1. 5. 1. 0. 46. 124. 13. 0. 1. 24.
    21. 13. 109. 95. 1. 4. 8. 46. 124. 32. 6. 0. 0. 22. 124. 124. 82. 6.
    0. 0. 0. 3. 37. 15. 0. 0. 57. 52. 3. 0. 1. 124. 99. 56. 124. 57. 12.
    44. 23. 13. 19. 82. 11. 3. 5. 121. 124. 50. 5. 3. 0. 0. 0. 8. 39. 8.
    0. 0. 11. 3. 3. 11. 45. 124. 54. 27. 31. 10. 30. 28. 14. 27. 25. 53.
    1. 2. 21. 76. 98. 69. 11. 4. 0. 0. 0. 10. 37. 10. 0. 0. 119. 47. 50.
    24. 4. 1. 0. 6. 119. 30. 34. 35. 5. 1. 1. 36. 13. 3. 14. 77. 45. 13.
    10. 35. 11. 0. 0. 3. 12. 16. 83. 84. 119. 41. 8. 4. 19. 5. 0. 1. 82.
    67. 119. 67. 9. 5. 4. 6. 119. 58. 47. 25. 3. 1. 2. 61. 38. 1. 2. 60.
    12. 0. 4. 44. 119. 18. 1. 1. 22. 9. 6. 29. 77. 24. 12. 15. 12. 18.
    49. 82. 119. 24. 45. 36. 1. 2. 21. 119. 20. 2. 36. 119. 15. 0. 0. 4.
    35. 12. 5. 0. 2. 5. 11. 35. 34. 37. 74. 6. 0. 0. 2. 23. 8. 24. 119.
    65. 0. 0. 1. 12. 0. 0. 41. 99. 3. 0. 0. 0. 4. 64. 113. 3. 1. 2. 10.
    12. 89. 58. 47. 6. 3. 5. 11. 18. 43. 5. 0. 18. 120. 27. 5. 14. 0. 0.
    0. 7. 97. 12. 1. 0. 30. 50. 66. 0. 0. 8. 11. 6. 120. 74. 23. 11. 2.
    0. 1. 16. 62. 12. 6. 115. 120. 2. 4. 9. 0. 0. 0. 18. 59. 27. 60. 25.
    23. 1. 0. 0. 0. 93. 120. 29. 120. 17. 15. 26. 1. 11. 26. 62. 30. 7.
    13. 88. 17. 0. 4. 113. 10. 0. 4. 46. 39. 25. 41. 92. 10. 2. 0. 0. 3.
    113. 65. 11. 10. 3. 4. 4. 8. 95. 30. 28. 20. 9. 46. 39. 3. 3. 4. 73.
    4. 1. 40. 120. 8. 3. 1. 11. 20. 6. 17. 22. 4. 9. 58. 38. 16. 17. 28.
    14. 9. 40. 23. 17. 4. 1. 1. 3. 35. 84. 83. 26. 1. 0. 2. 8. 35. 78.
    75. 6. 16. 19. 85. 120. 46. 4. 9. 3. 120. 66. 62. 20. 2. 1. 3. 44.
    50. 13. 23. 33. 43. 40. 45. 62. 4. 0. 0. 9. 86. 72. 82. 37. 52. 9.
    9. 55. 120. 1. 0. 9. 120. 74. 51. 4. 5. 1. 4. 21. 102. 70. 87. 21.
    4. 2. 6. 52. 27. 2. 5. 47. 11. 10. 70. 68. 25. 2. 2. 11. 32. 11. 10.
    29. 78. 23. 12. 1. 1. 1. 17. 86. 86. 27. 60. 20. 0. 0. 13. 99. 21.
    2. 57. 120. 2. 0. 0. 9. 35. 4. 20. 31. 3. 1. 5. 67. 15. 7. 11. 14.
    72. 10. 15. 45. 19. 12. 43. 22. 42. 17. 4. 12. 0. 1. 79. 59. 46. 22.
    1. 0. 113. 0. 1. 2. 18. 1. 3. 117. 34. 1. 0. 29. 128. 6. 5. 27. 128.
    2. 0. 8. 52. 57. 11. 34. 4. 0. 1. 4. 97. 128. 5. 4. 128. 27. 4. 6.
    29. 1. 0. 32. 33. 6. 3. 29. 128. 11. 0. 4. 128. 35. 0. 3. 29. 24. 3.
    11. 24. 6. 0. 0. 45. 128. 10. 4. 35. 89. 48. 17. 5. 0. 0. 0. 7. 16.
    38. 97. 62. 0. 0. 0. 113. 105. 2. 10. 8. 1. 0. 0. 39. 55. 1. 0. 10.
    56. 2. 1. 5. 44. 1. 0. 40. 77. 1. 0. 12. 1. 0. 0. 92. 112. 2. 12.
    73. 1. 0. 0. 5. 17. 41. 95. 5. 0. 0. 0. 40. 94. 43. 13. 29. 130. 11.
    4. 29. 10. 0. 0. 31. 23. 3. 8. 130. 50. 0. 3. 130. 21. 0. 3. 32. 7.
    2. 20. 27. 2. 0. 30. 130. 26. 3. 4. 79. 130. 7. 4. 4. 0. 0. 2. 48.
    65. 11. 28. 130. 5. 0. 6. 130. 10. 5. 25. 37. 2. 0. 18. 19. 2. 3.
    108. 121. 0. 1. 2. 48. 30. 1. 0. 0. 0. 65. 61. 43. 23. 5. 11. 20.
    10. 43. 23. 75. 12. 12. 38. 16. 7. 14. 12. 3. 2. 6. 61. 38. 5. 18.
    31. 0. 0. 0. 1. 0. 0. 0. 0. 26. 5. 4. 6. 0. 0. 0. 8. 178. 4. 1. 0.
    0. 1. 0. 156. 51. 0. 0. 20. 113. 64. 5. 66. 0. 0. 0. 6. 8. 1. 0. 0.
    90. 19. 12. 45. 26. 7. 1. 5. 178. 18. 4. 3. 0. 1. 0. 65. 59. 0. 0.
    2. 42. 71. 2. 18. 0. 0. 0. 1. 7. 6. 0. 0. 92. 3. 1. 5. 23. 42. 14.
    24. 178. 46. 0. 0. 0. 2. 4. 29. 60. 12. 1. 32. 40. 5. 0. 1. 0. 0. 0.
    0. 0. 0. 0. 0. 33. 9. 0. 0. 0. 3. 3. 4. 178. 141. 0. 0. 0. 0. 1. 3.
    54. 52. 2. 73. 82. 9. 0. 0. 1. 0. 0. 0. 43. 75. 0. 1. 2. 0. 1. 5.
    51. 122. 53. 13. 37. 0. 1. 1. 1. 29. 60. 122. 9. 0. 0. 0. 13. 42.
    23. 113. 0. 0. 0. 13. 45. 11. 0. 0. 10. 15. 19. 113. 122. 55. 12. 4.
    122. 52. 17. 17. 6. 11. 24. 81. 30. 2. 0. 1. 32. 9. 4. 49. 0. 0. 5.
