<?xml version="1.0"?>
<opencv_storage>
<keypoints type_id="opencv-matrix">
  <rows>36</rows>
  <cols>7</cols>
  <dt>d</dt>
  <data>
    1.8863248825073242e+01 4.9401679992675781e+01 5.9318785667419434e+00
    7.4438781738281250e+00 1.0247801244258881e-01 2884352. -1.
    1.8863248825073242e+01 4.9401679992675781e+01 5.9318785667419434e+00
    1.5680007934570313e+02 1.0247801244258881e-01 2884352. -1.
    2.0254804611206055e+01 5.8777885437011719e+01 9.7108259201049805e+00
    3.5268130493164063e+02 9.3546777963638306e-02 5112321. -1.
    2.0471181869506836e+01 2.0438348770141602e+01 8.2466068267822266e+00
    6.4846801757812500e-01 1.2468235939741135e-01 9961729. -1.
    2.0471181869506836e+01 2.0438348770141602e+01 8.2466068267822266e+00
    8.9232025146484375e+01 1.2468235939741135e-01 9961729. -1.
    2.2967123031616211e+01 3.4883296966552734e+01 3.5477712154388428e+00
    3.0262170410156250e+02 7.5948007404804230e-02 15795199. -1.
    2.3621910095214844e+01 3.4939430236816406e+01 3.9322395324707031e+00
    3.0564743041992188e+02 7.6004207134246826e-02 6553856. -1.
    3.4696819305419922e+01 4.6084152221679688e+01 4.3317999839782715e+00
    2.1929333496093750e+02 7.4515454471111298e-02 13566208. -1.
    3.4696819305419922e+01 4.6084152221679688e+01 4.3317999839782715e+00
    3.2046655273437500e+02 7.4515454471111298e-02 13566208. -1.
    3.4869922637939453e+01 2.3390716552734375e+01 3.5931160449981689e+00
    1.3712670898437500e+02 7.8825786709785461e-02 256. -1.
    3.4875381469726563e+01 2.2713638305664063e+01 3.2984941005706787e+00
    1.4576739501953125e+02 7.8820623457431793e-02 10552319. -1.
    3.5208225250244141e+01 3.4692909240722656e+01 1.2101985931396484e+01
    1.1201470947265625e+02 1.0556813329458237e-01 4326145. -1.
    3.5208225250244141e+01 3.4692909240722656e+01 1.2101985931396484e+01
    3.2792257690429688e+02 1.0556813329458237e-01 4326145. -1.
    4.3740249633789063e+01 2.1361543655395508e+01 3.3638179302215576e+00
    3.8644104003906250e+01 1.1776641756296158e-01 11994111. -1.
    4.3740249633789063e+01 2.1361543655395508e+01 3.3638179302215576e+00
    2.3379568481445313e+02 1.1776641756296158e-01 11994111. -1.
    4.5269763946533203e+01 3.4641597747802734e+01 4.6667289733886719e+00
    1.3437211608886719e+02 8.2899712026119232e-02 2228736. -1.
    4.5269763946533203e+01 3.4641597747802734e+01 4.6667289733886719e+00
    2.3056033325195313e+02 8.2899712026119232e-02 2228736. -1.
    4.5885158538818359e+01 5.0403247833251953e+01 3.4229977130889893e+00
    4.9720306396484375e+01 9.0217620134353638e-02 13239295. -1.
    4.8085872650146484e+01 6.2379722595214844e+01 4.8301272392272949e+00
    2.7940213012695313e+02 8.1423327326774597e-02 4719104. -1.
    5.1440429687500000e+01 5.8032577514648438e+01 1.9782457351684570e+00
    3.1334634399414063e+02 4.7642633318901062e-02 7012863. -1.
    5.4514026641845703e+01 6.1729251861572266e+01 2.2963395118713379e+00
    2.7895263671875000e+01 4.5642729848623276e-02 1049343. -1.
    5.4514026641845703e+01 6.1729251861572266e+01 2.2963395118713379e+00
    1.5106141662597656e+02 4.5642729848623276e-02 1049343. -1.
    5.4553730010986328e+01 5.7573604583740234e+01 2.1589844226837158e+00
    2.2876142883300781e+02 3.4946959465742111e-02 13304319. -1.
    5.4553730010986328e+01 5.7573604583740234e+01 2.1589844226837158e+00
    3.1038433837890625e+02 3.4946959465742111e-02 13304319. -1.
    5.4710369110107422e+01 3.9175640106201172e+01 3.4287097454071045e+00
    3.1997964477539063e+02 1.0308565199375153e-01 13370367. -1.
    5.7740322113037109e+01 5.7963771820068359e+01 2.0717792510986328e+00
    4.2374420166015625e+01 4.8871163278818130e-02 10355199. -1.
    5.7740322113037109e+01 5.7963771820068359e+01 2.0717792510986328e+00
    2.2617111206054688e+02 4.8871163278818130e-02 10355199. -1.
    5.8059551239013672e+01 5.8997241973876953e+01 1.2458722114562988e+01
    1.7779035949707031e+02 6.9621585309505463e-02 6423297. -1.
    5.8059551239013672e+01 5.8997241973876953e+01 1.2458722114562988e+01
    2.7354101562500000e+02 6.9621585309505463e-02 6423297. -1.
    6.0034217834472656e+01 2.1104675292968750e+01 9.2053041458129883e+00
    1.7665042114257813e+02 1.2990510463714600e-01 1245697. -1.
    6.1968700408935547e+01 3.0675745010375977e+01 5.9735598564147949e+00
    1.8975808715820313e+02 1.1321132630109787e-01 3343104. -1.
    6.2021869659423828e+01 5.4667175292968750e+01 1.9851388931274414e+00
    5.9477416992187500e+01 4.7946546226739883e-02 7275007. -1.
    6.2021869659423828e+01 5.4667175292968750e+01 1.9851388931274414e+00
    3.0423297119140625e+02 4.7946546226739883e-02 7275007. -1.
    6.2090095520019531e+01 6.1902919769287109e+01 5.9447450637817383e+00
    1.8350619506835938e+02 8.0083705484867096e-02 3015424. -1.
    6.2090095520019531e+01 6.1902919769287109e+01 5.9447450637817383e+00
    2.6695495605468750e+02 8.0083705484867096e-02 3015424. -1.
    6.3596305847167969e+01 4.8882995605468750e+01 3.9175031185150146e+00
    1.6821371459960938e+02 8.3937838673591614e-02 6291712. -1.</data></keypoints>
