<?xml version="1.0"?>
<opencv_storage>
<keypoints type_id="opencv-matrix">
  <rows>15</rows>
  <cols>7</cols>
  <dt>d</dt>
  <data>
    1.4346112251281738e+01 1.5190632820129395e+01 2.0788497924804688e+00
    8.4327514648437500e+01 9.4959378242492676e-02 10551807. -1.
    1.4346112251281738e+01 1.5190632820129395e+01 2.0788497924804688e+00
    2.8701623535156250e+02 9.4959378242492676e-02 10551807. -1.
    1.4439414024353027e+01 1.0078540802001953e+01 2.1010084152221680e+00
    8.6316284179687500e+01 9.2728540301322937e-02 11338239. -1.
    1.5057271957397461e+01 2.2448009490966797e+01 3.3489747047424316e+00
    2.7239379882812500e+00 8.7957829236984253e-02 11666431. -1.
    2.2060331344604492e+01 3.6834602355957031e+01 2.0591790676116943e+00
    3.5341979980468750e+02 6.8098641932010651e-02 9896447. -1.
    2.4109155654907227e+01 9.1906690597534180e+00 3.0398247241973877e+00
    7.9947692871093750e+01 7.8232683241367340e-02 4654079. -1.
    2.8457212448120117e+01 2.5679924011230469e+01 1.8604553222656250e+01
    1.1304901123046875e+01 8.7661936879158020e-02 1966594. -1.
    2.9449562072753906e+01 4.4839664459228516e+01 3.0948469638824463e+00
    3.0039309692382813e+02 1.0087815672159195e-01 5964799. -1.
    3.0452032089233398e+01 9.1814765930175781e+00 3.0780832767486572e+00
    1.0012988281250000e+02 7.6818257570266724e-02 5571583. -1.
    3.1564210891723633e+01 1.4984033584594727e+01 1.8435316085815430e+00
    9.9240509033203125e+01 5.9093367308378220e-02 1901055. -1.
    3.1564210891723633e+01 1.4984033584594727e+01 1.8435316085815430e+00
    1.3755496215820313e+02 5.9093367308378220e-02 1901055. -1.
    3.6032089233398438e+01 4.5764030456542969e+01 2.5041282176971436e+00
    2.7728778076171875e+02 6.3436426222324371e-02 7340799. -1.
    3.8902923583984375e+01 4.3760520935058594e+01 5.5553555488586426e+00
    1.8458200073242188e+02 8.2428589463233948e-02 14811648. -1.
    3.9441955566406250e+01 1.2341359138488770e+01 4.8399653434753418e+00
    9.9532806396484375e+01 9.6458517014980316e-02 4850176. -1.
    4.0913375854492188e+01 2.2110240936279297e+01 2.6157405376434326e+00
    1.7285791015625000e+02 6.3373990356922150e-02 10486527. -1.</data></keypoints>
<descriptors type_id="opencv-matrix">
  <rows>15</rows>
  <cols>128</cols>
  <dt>f</dt>
  <data>
    108. 4. 0. 14. 88. 0. 0. 11. 118. 1. 0. 14. 85. 0. 0. 24. 100. 3.
    13. 84. 3. 0. 0. 12. 0. 0. 42. 118. 1. 0. 7. 7. 102. 18. 11. 43.
    100. 0. 0. 9. 118. 22. 5. 33. 77. 0. 0. 18. 72. 11. 11. 118. 95. 0.
    0. 12. 38. 6. 9. 86. 12. 0. 23. 118. 18. 44. 89. 59. 15. 0. 0. 0.
    59. 107. 80. 43. 13. 0. 0. 1. 25. 48. 89. 118. 47. 0. 0. 3. 63. 108.
    76. 8. 5. 0. 1. 32. 0. 2. 13. 2. 0. 0. 0. 0. 0. 10. 22. 2. 0. 0. 0.
    0. 0. 7. 28. 8. 0. 0. 0. 0. 0. 23. 41. 0. 0. 0. 0. 0. 0. 0. 0. 0. 0.
    0. 3. 2. 0. 0. 0. 0. 0. 1. 21. 12. 3. 0. 0. 0. 0. 4. 29. 30. 2. 0.
    0. 0. 3. 24. 55. 29. 7. 0. 0. 0. 4. 36. 90. 26. 62. 3. 0. 0. 6. 36.
    92. 115. 57. 8. 0. 0. 35. 106. 73. 55. 80. 18. 0. 0. 43. 69. 42. 46.
    14. 1. 0. 42. 106. 67. 68. 16. 115. 17. 0. 7. 42. 31. 9. 62. 65. 17.
    0. 0. 115. 115. 6. 12. 115. 68. 0. 0. 57. 38. 0. 0. 25. 1. 22. 115.
    40. 1. 2. 46. 113. 0. 0. 7. 11. 5. 1. 115. 17. 3. 0. 0. 115. 90. 2.
    16. 90. 51. 0. 0. 55. 37. 1. 0. 20. 3. 0. 0. 0. 0. 0. 1. 145. 24. 0.
    2. 14. 0. 0. 14. 107. 6. 0. 21. 145. 0. 0. 7. 145. 2. 2. 11. 23. 0.
    0. 18. 33. 1. 0. 0. 0. 0. 0. 2. 145. 22. 4. 8. 21. 0. 0. 21. 131.
    12. 5. 51. 145. 0. 0. 8. 145. 19. 5. 48. 48. 0. 0. 11. 17. 6. 0. 0.
    0. 0. 0. 0. 113. 118. 69. 18. 4. 0. 0. 1. 39. 63. 99. 119. 54. 0. 0.
    0. 65. 101. 94. 58. 23. 0. 0. 1. 0. 1. 0. 0. 0. 0. 0. 0. 1. 12. 20.
    1. 0. 0. 0. 0. 0. 8. 31. 8. 0. 0. 0. 0. 0. 13. 38. 5. 0. 0. 0. 0.
    22. 3. 0. 0. 0. 0. 0. 2. 106. 51. 5. 0. 0. 0. 8. 38. 19. 82. 18. 0.
    0. 1. 74. 38. 5. 20. 9. 0. 0. 0. 118. 14. 31. 1. 0. 0. 0. 0. 0. 4.
    140. 24. 3. 0. 4. 16. 24. 81. 45. 131. 12. 1. 49. 62. 27. 20. 86.
    94. 1. 0. 3. 1. 5. 2. 39. 2. 0. 0. 0. 0. 0. 0. 140. 16. 0. 0. 17. 7.
    2. 12. 113. 13. 0. 0. 140. 40. 2. 4. 140. 25. 0. 0. 16. 2. 0. 0. 25.
    2. 0. 0. 0. 0. 0. 0. 140. 17. 0. 0. 12. 1. 0. 0. 97. 6. 0. 0. 140.
    12. 0. 0. 140. 11. 0. 0. 19. 1. 0. 0. 8. 0. 0. 29. 137. 0. 0. 1.
    137. 0. 0. 11. 64. 0. 0. 34. 104. 0. 0. 0. 0. 0. 0. 19. 0. 0. 0. 0.
    0. 1. 0. 0. 12. 1. 0. 39. 137. 0. 0. 1. 137. 31. 4. 10. 55. 0. 0.
    25. 86. 32. 43. 0. 0. 0. 0. 9. 0. 6. 36. 0. 0. 0. 0. 0. 6. 3. 0. 40.
    137. 0. 0. 3. 76. 101. 34. 8. 38. 2. 19. 25. 11. 78. 137. 2. 2. 15.
    19. 3. 1. 42. 137. 1. 1. 2. 2. 3. 17. 0. 0. 29. 137. 0. 0. 11. 80.
    3. 2. 2. 20. 10. 53. 105. 6. 3. 21. 4. 75. 87. 59. 17. 19. 9. 34. 1.
    18. 18. 24. 64. 11. 0. 0. 0. 0. 0. 0. 4. 133. 0. 0. 0. 1. 0. 0. 109.
    73. 0. 2. 29. 91. 4. 3. 82. 43. 0. 7. 22. 25. 1. 17. 111. 34. 1. 0.
    0. 0. 0. 0. 5. 133. 14. 1. 4. 8. 0. 0. 58. 116. 4. 1. 46. 133. 0. 0.
    30. 133. 0. 0. 4. 15. 0. 0. 64. 30. 5. 0. 0. 0. 0. 0. 1. 133. 68. 3.
    9. 8. 0. 0. 7. 130. 22. 4. 50. 81. 0. 0. 22. 133. 4. 13. 13. 3. 0.
    0. 39. 23. 1. 0. 0. 0. 0. 0. 4. 133. 14. 4. 8. 8. 0. 0. 25. 108. 16.
    10. 26. 31. 0. 0. 13. 64. 12. 39. 87. 1. 0. 1. 11. 1. 0. 0. 0. 0. 0.
    0. 0. 4. 0. 0. 0. 0. 4. 7. 8. 0. 0. 0. 0. 0. 12. 14. 2. 0. 0. 0. 0.
    0. 0. 0. 0. 49. 1. 0. 0. 0. 0. 0. 22. 168. 27. 2. 2. 5. 51. 124.
    168. 25. 8. 2. 12. 47. 168. 168. 65. 0. 0. 0. 0. 1. 2. 0. 0. 44. 13.
    0. 0. 0. 0. 0. 6. 168. 168. 28. 16. 9. 13. 15. 70. 46. 98. 44. 123.
    133. 72. 24. 18. 0. 0. 0. 5. 6. 1. 0. 0. 2. 2. 0. 0. 0. 0. 0. 0. 22.
    35. 2. 1. 0. 0. 0. 0. 2. 10. 3. 4. 3. 0. 0. 0. 0. 0. 0. 0. 0. 0. 0.
    0. 81. 64. 34. 6. 0. 0. 4. 39. 25. 21. 38. 54. 32. 25. 60. 57. 80.
    103. 5. 29. 33. 21. 22. 11. 75. 93. 0. 0. 0. 0. 1. 4. 50. 103. 18.
    0. 0. 0. 0. 2. 110. 86. 62. 33. 8. 6. 29. 62. 64. 26. 8. 37. 50. 62.
    71. 41. 115. 43. 0. 1. 5. 5. 2. 29. 23. 26. 0. 0. 0. 0. 0. 0. 111.
    115. 50. 9. 1. 1. 2. 14. 79. 37. 52. 54. 25. 5. 3. 115. 92. 0. 1. 3.
    2. 0. 0. 115. 1. 3. 0. 0. 0. 0. 0. 0. 68. 60. 4. 0. 0. 0. 0. 2. 115.
    115. 7. 1. 0. 0. 0. 65. 18. 22. 38. 45. 0. 0. 0. 33. 23. 4. 0. 0. 0.
    0. 0. 0. 132. 50. 3. 3. 1. 0. 0. 10. 60. 24. 15. 126. 28. 2. 4. 12.
    37. 0. 0. 62. 33. 2. 1. 95. 29. 1. 0. 0. 0. 0. 0. 4. 132. 12. 1. 2.
    9. 5. 1. 49. 91. 8. 4. 49. 99. 30. 2. 37. 104. 6. 0. 9. 5. 2. 0.
    120. 30. 5. 0. 0. 0. 0. 0. 1. 132. 57. 0. 0. 8. 4. 0. 8. 111. 26. 0.
    0. 130. 42. 1. 4. 132. 39. 0. 0. 13. 4. 0. 3. 9. 4. 0. 0. 0. 0. 0.
    0. 132. 106. 0. 0. 1. 0. 0. 0. 66. 81. 5. 6. 82. 13. 0. 0. 117. 40.
    1. 5. 22. 3. 0. 0. 25. 10. 19. 101. 9. 0. 0. 0. 1. 0. 19. 134. 26.
    0. 2. 28. 35. 0. 0. 41. 21. 0. 3. 134. 47. 0. 0. 0. 0. 0. 0. 109.
    24. 2. 4. 75. 134. 17. 1. 9. 86. 1. 7. 63. 38. 5. 4. 134. 33. 0. 0.
    2. 0. 0. 10. 134. 6. 0. 0. 0. 0. 0. 0. 38. 18. 1. 0. 0. 134. 51. 1.
    6. 134. 34. 0. 0. 62. 17. 0. 27. 111. 17. 0. 0. 0. 0. 0. 27. 1. 0.
    0. 0. 0. 0. 0. 2. 17. 4. 0. 0. 134. 36. 0. 0. 134. 41. 0. 0. 77. 20.
    0. 0. 123. 32. 0. 0. 0. 0. 0. 0. 2. 0. 0. 0. 0. 0. 0. 0. 5. 0. 0. 9.
    135. 39. 0. 1. 135. 10. 0. 2. 41. 11. 0. 13. 112. 6. 0. 0. 0. 0. 0.
    5. 1. 0. 0. 0. 0. 0. 0. 0. 10. 1. 1. 57. 135. 9. 0. 1. 135. 28. 0.
    11. 39. 3. 0. 36. 103. 24. 0. 0. 0. 0. 0. 16. 1. 1. 0. 0. 0. 0. 0.
    0. 12. 18. 2. 10. 87. 129. 5. 1. 79. 135. 1. 1. 11. 102. 8. 1. 24.
    135. 9. 0. 0. 3. 0. 0. 0. 48. 3. 0. 0. 0. 0. 0. 47. 64. 0. 0. 1. 63.
    7. 1. 1. 23. 1. 0. 0. 135. 15. 0. 0. 135. 10. 0. 0. 92. 5. 0. 0.
    135. 10. 0. 0. 3. 0. 0. 38. 14. 0. 0. 0. 0. 0. 3. 110. 107. 45. 6.
    0. 0. 8. 36. 8. 17. 70. 101. 25. 13. 28. 38. 61. 0. 1. 22. 17. 5. 3.
    127. 21. 7. 0. 0. 0. 0. 0. 4. 127. 47. 18. 1. 0. 0. 19. 121. 22. 6.
    24. 14. 0. 0. 130. 130. 11. 0. 0. 2. 0. 0. 28. 130. 31. 4. 0. 0. 0.
    0. 0. 1. 130. 47. 0. 0. 0. 0. 2. 34. 106. 28. 18. 2. 0. 0. 23. 40.
    0. 0. 37. 7. 0. 0. 6. 9. 11. 4. 0. 0. 0. 0. 0. 0. 124. 110. 22. 0.
    0. 0. 0. 0. 35. 75. 130. 18. 0. 0. 0. 0. 0. 0. 130. 41. 0. 0. 0. 0.
