<?xml version="1.0"?>
<opencv_storage>
<keypoints type_id="opencv-matrix">
  <rows>11</rows>
  <cols>7</cols>
  <dt>d</dt>
  <data>
    8.5030231475830078e+00 1.4084281921386719e+01 2.0728452205657959e+00
    8.5328613281250000e+01 8.7648518383502960e-02 10355199. -1.
    8.5104198455810547e+00 1.9400066375732422e+01 2.0800607204437256e+00
    2.7464648437500000e+02 8.7086454033851624e-02 10617343. -1.
    1.0896996498107910e+01 1.6692785263061523e+01 5.6358847618103027e+00
    7.4955078125000000e+01 1.1464367061853409e-01 15860224. -1.
    1.0896996498107910e+01 1.6692785263061523e+01 5.6358847618103027e+00
    2.8427639770507813e+02 1.1464367061853409e-01 15860224. -1.
    1.7265117645263672e+01 2.8846323013305664e+01 1.9837840795516968e+00
    2.3420405578613281e+02 1.0843273252248764e-01 7209471. -1.
    1.8973917007446289e+01 7.2530798912048340e+00 3.3998401165008545e+00
    1.2677737426757813e+02 1.0636483132839203e-01 12715007. -1.
    1.8973917007446289e+01 7.2530798912048340e+00 3.3998401165008545e+00
    3.5489572143554688e+02 1.0636483132839203e-01 12715007. -1.
    2.1208019256591797e+01 1.6803369522094727e+01 1.1269714355468750e+01
    5.8352691650390625e+01 1.3952741026878357e-01 15860225. -1.
    2.1208019256591797e+01 1.6803369522094727e+01 1.1269714355468750e+01
    1.2671084594726563e+02 1.3952741026878357e-01 15860225. -1.
    2.1208019256591797e+01 1.6803369522094727e+01 1.1269714355468750e+01
    2.3310964965820313e+02 1.3952741026878357e-01 15860225. -1.
    2.1208019256591797e+01 1.6803369522094727e+01 1.1269714355468750e+01
    3.0002374267578125e+02 1.3952741026878357e-01 15860225. -1.</data></keypoints>
<descriptors type_id="opencv-matrix">
  <rows>11</rows>
  <cols>128</cols>
  <dt>f</dt>
  <data>
    19. 0. 4. 0. 0. 0. 0. 2. 144. 1. 0. 0. 0. 0. 0. 36. 136. 0. 0. 0. 1.
    0. 0. 16. 1. 0. 0. 10. 82. 0. 0. 0. 35. 0. 0. 0. 0. 0. 0. 3. 144.
    28. 3. 0. 0. 0. 0. 31. 123. 31. 39. 1. 1. 0. 0. 9. 0. 1. 24. 33.
    112. 0. 0. 0. 30. 2. 0. 0. 0. 0. 0. 3. 144. 109. 22. 0. 0. 0. 8. 41.
    26. 86. 144. 0. 0. 3. 44. 12. 0. 7. 144. 78. 44. 14. 19. 0. 24. 5.
    0. 0. 0. 0. 0. 4. 109. 72. 37. 0. 0. 0. 13. 54. 9. 36. 142. 0. 0. 6.
    79. 17. 0. 4. 84. 35. 36. 39. 40. 0. 23. 4. 0. 0. 0. 0. 0. 5. 109.
    52. 12. 0. 0. 0. 37. 73. 10. 17. 76. 8. 0. 0. 143. 38. 0. 0. 40. 40.
    36. 34. 84. 4. 29. 3. 0. 0. 0. 0. 0. 2. 143. 41. 8. 0. 0. 0. 21.
    108. 27. 13. 43. 4. 0. 0. 143. 85. 0. 0. 18. 15. 45. 77. 143. 7. 34.
    3. 0. 0. 0. 0. 0. 0. 143. 31. 0. 0. 0. 0. 3. 28. 125. 9. 0. 0. 1. 1.
    39. 31. 0. 0. 0. 0. 113. 33. 24. 1. 18. 2. 0. 0. 0. 0. 5. 1. 143.
    35. 0. 0. 0. 0. 1. 1. 137. 16. 0. 0. 1. 0. 0. 0. 1. 0. 0. 0. 83. 10.
    0. 0. 29. 30. 8. 0. 0. 0. 8. 80. 48. 79. 12. 1. 0. 0. 41. 131. 10.
    11. 11. 20. 63. 97. 38. 52. 0. 0. 4. 7. 122. 131. 0. 0. 40. 62. 26.
    0. 0. 0. 0. 8. 131. 131. 28. 19. 8. 0. 0. 27. 45. 18. 93. 131. 79.
    7. 0. 3. 0. 4. 103. 79. 108. 39. 0. 0. 53. 6. 0. 0. 0. 0. 0. 4. 131.
    87. 44. 55. 9. 0. 0. 11. 11. 14. 43. 131. 105. 0. 0. 1. 0. 3. 44.
    32. 12. 0. 0. 0. 5. 2. 0. 0. 0. 0. 0. 0. 10. 23. 19. 15. 1. 0. 0. 0.
    0. 2. 10. 45. 11. 0. 0. 0. 0. 0. 0. 2. 1. 0. 0. 0. 5. 0. 0. 0. 0. 0.
    0. 2. 13. 0. 0. 0. 0. 12. 18. 24. 0. 0. 0. 0. 12. 48. 13. 3. 0. 0.
    0. 0. 2. 2. 0. 0. 43. 3. 0. 0. 0. 0. 0. 5. 132. 11. 0. 0. 6. 43. 38.
    87. 17. 1. 0. 0. 111. 132. 42. 20. 0. 0. 0. 0. 16. 32. 46. 4. 40. 8.
    0. 0. 0. 0. 22. 62. 132. 24. 0. 0. 6. 14. 29. 132. 54. 3. 0. 6. 81.
    132. 78. 26. 0. 0. 0. 41. 99. 80. 112. 5. 38. 81. 5. 0. 0. 0. 6. 25.
    47. 132. 40. 0. 0. 0. 12. 76. 10. 62. 42. 88. 54. 20. 10. 13. 0. 0.
    1. 132. 122. 8. 4. 0. 1. 0. 0. 0. 0. 0. 0. 2. 2. 0. 0. 0. 0. 4. 22.
    23. 0. 0. 0. 0. 0. 25. 22. 3. 0. 0. 0. 0. 0. 3. 0. 0. 18. 1. 0. 0.
    0. 0. 0. 7. 143. 4. 0. 0. 0. 25. 54. 109. 20. 0. 0. 0. 19. 163. 68.
    28. 0. 0. 0. 0. 6. 71. 1. 0. 25. 2. 0. 0. 0. 0. 0. 1. 163. 29. 0. 0.
    0. 7. 7. 19. 136. 6. 0. 0. 12. 163. 27. 22. 0. 0. 0. 0. 13. 163. 10.
    4. 17. 1. 0. 0. 0. 0. 0. 0. 163. 19. 0. 0. 0. 0. 0. 2. 163. 11. 0.
    0. 2. 52. 4. 5. 1. 0. 0. 0. 11. 163. 38. 7. 27. 0. 0. 0. 0. 0. 0. 3.
    161. 0. 0. 0. 0. 0. 0. 33. 117. 2. 9. 3. 0. 0. 1. 10. 0. 3. 6. 11.
    23. 8. 3. 0. 49. 0. 0. 0. 0. 0. 0. 4. 161. 15. 8. 17. 0. 0. 0. 31.
    82. 44. 111. 160. 1. 0. 0. 5. 11. 151. 63. 14. 10. 12. 0. 0. 43. 4.
    0. 0. 0. 0. 0. 1. 161. 75. 51. 76. 1. 0. 0. 1. 16. 51. 67. 161. 7.
    0. 0. 0. 41. 161. 30. 14. 0. 0. 0. 0. 4. 3. 0. 0. 0. 0. 0. 0. 10.
    25. 40. 24. 0. 0. 0. 0. 0. 4. 13. 43. 1. 0. 0. 0. 7. 82. 5. 1. 0. 0.
    0. 0. 6. 0. 0. 0. 0. 0. 0. 6. 10. 0. 0. 0. 0. 21. 30. 28. 0. 0. 0.
    0. 0. 38. 10. 1. 0. 0. 0. 0. 0. 1. 0. 0. 40. 3. 0. 0. 0. 0. 5. 6.
    153. 11. 0. 0. 0. 66. 56. 64. 16. 0. 0. 0. 2. 153. 48. 11. 0. 0. 0.
    0. 3. 71. 1. 0. 17. 1. 0. 0. 0. 16. 153. 20. 153. 12. 0. 0. 0. 14.
    99. 111. 64. 1. 0. 0. 8. 153. 19. 28. 0. 0. 0. 0. 10. 153. 2. 0. 7.
    11. 29. 0. 0. 11. 153. 16. 14. 9. 13. 0. 0. 3. 111. 65. 9. 1. 0. 1.
    1. 39. 4. 20. 0. 0. 1. 10. 15. 153. 3. 0. 0. 0. 0. 0. 0. 0. 0. 0. 0.
    0. 0. 0. 0. 0. 12. 11. 0. 0. 0. 0. 0. 0. 4. 5. 0. 0. 0. 0. 0. 0. 0.
    0. 21. 5. 0. 0. 0. 0. 2. 7. 131. 15. 3. 6. 11. 22. 144. 144. 8. 2.
    3. 22. 144. 102. 117. 62. 0. 0. 0. 1. 26. 3. 0. 0. 83. 11. 0. 0. 0.
    0. 0. 10. 144. 106. 128. 110. 14. 9. 19. 68. 15. 15. 138. 144. 144.
    45. 17. 13. 0. 0. 1. 7. 38. 4. 0. 0. 7. 1. 0. 0. 0. 0. 0. 2. 20. 16.
    48. 61. 0. 0. 0. 2. 0. 1. 50. 65. 1. 0. 0. 0. 0. 0. 0. 1. 0. 0. 0.
    0. 0. 0. 0. 0. 0. 0. 0. 0. 0. 0. 0. 0. 0. 5. 8. 0. 0. 0. 0. 0. 0.
    15. 24. 0. 0. 0. 0. 0. 0. 0. 1. 0. 17. 1. 0. 0. 0. 0. 0. 1. 142. 30.
    5. 2. 5. 42. 114. 89. 18. 11. 7. 10. 142. 142. 142. 31. 0. 0. 0. 3.
    47. 18. 3. 0. 23. 2. 0. 0. 0. 0. 0. 2. 142. 142. 139. 8. 7. 7. 11.
    31. 20. 132. 142. 80. 142. 71. 16. 10. 0. 0. 1. 8. 109. 25. 0. 0. 0.
    0. 0. 0. 0. 0. 0. 0. 0. 28. 40. 1. 0. 0. 0. 0. 0. 55. 61. 8. 8. 1.
    0. 0. 0. 0. 1. 1. 4. 1. 0. 0. 0. 0. 0. 0. 0. 0. 0. 0. 1. 0. 0. 0. 0.
    1. 55. 47. 0. 0. 0. 2. 12. 12. 63. 57. 0. 0. 0. 2. 5. 1. 0. 0. 39.
    2. 0. 0. 0. 0. 0. 6. 142. 35. 18. 11. 14. 11. 142. 142. 14. 9. 20.
    79. 142. 84. 142. 107. 0. 0. 0. 19. 86. 7. 0. 0. 23. 1. 0. 0. 0. 0.
    0. 2. 142. 84. 136. 55. 8. 2. 4. 25. 11. 20. 142. 142. 141. 10. 4.
    6. 0. 0. 2. 7. 28. 4. 0. 0. 0. 0. 0. 0. 0. 0. 0. 0. 0. 0. 6. 4. 0.
    0. 0. 0. 0. 0. 16. 8. 0. 0. 0. 0. 0. 0. 0. 0. 0. 0. 0. 0. 8. 2. 0.
    0. 0. 0. 0. 1. 16. 1. 0. 0. 0. 61. 43. 13. 0. 0. 0. 0. 0. 47. 38. 0.
    0. 0. 0. 0. 0. 0. 0. 0. 107. 11. 0. 0. 0. 0. 0. 13. 142. 60. 15. 11.
    19. 139. 142. 104. 8. 8. 10. 43. 142. 142. 125. 9. 0. 0. 0. 4. 20.
    2. 0. 0. 35. 18. 4. 0. 0. 0. 0. 6. 142. 142. 142. 33. 18. 10. 6. 15.
    5. 46. 93. 107. 142. 24. 4. 2. 0. 0. 0. 3. 18. 0. 0. 0. 0. 0. 1. 0.
    0. 0. 0. 0. 0. 17. 15. 0. 0. 0. 0. 0. 0. 4. 4. 0. 0. 0. 0. 0. 0. 0.
    0. 0. 0. 0. 0. 0.</data></descriptors>
</opencv_storage>
