<?xml version="1.0"?>
<opencv_storage>
<keypoints type_id="opencv-matrix">
  <rows>30</rows>
  <cols>7</cols>
  <dt>d</dt>
  <data>
    1.1828111648559570e+01 3.2532730102539063e+01 3.1478106975555420e+00
    2.9702209472656250e+01 8.5538126528263092e-02 7144447. -1.
    1.1828111648559570e+01 3.2532730102539063e+01 3.1478106975555420e+00
    3.3446566772460938e+02 8.5538126528263092e-02 7144447. -1.
    2.2355766296386719e+01 3.8922382354736328e+01 3.1056249141693115e+00
    1.5325964355468750e+02 7.2768516838550568e-02 6161407. -1.
    2.2790103912353516e+01 2.4100160598754883e+01 1.9838542938232422e+00
    2.3732116699218750e+01 1.0233534127473831e-01 7209471. -1.
    2.2790103912353516e+01 2.4100160598754883e+01 1.9838542938232422e+00
    2.2154792785644531e+02 1.0233534127473831e-01 7209471. -1.
    2.3456110000610352e+01 3.3264167785644531e+01 2.4817264080047607e+00
    3.4859667968750000e+02 3.1543031334877014e-02 6685439. -1.
    2.7744575500488281e+01 3.3320964813232422e+01 1.8669956922531128e+00
    4.7881958007812500e+01 6.6632159054279327e-02 2818559. -1.
    2.8358150482177734e+01 3.6511516571044922e+01 1.9702476263046265e+00
    4.2644195556640625e+01 4.2156457901000977e-02 6685183. -1.
    2.8358150482177734e+01 3.6511516571044922e+01 1.9702476263046265e+00
    3.3692529296875000e+02 4.2156457901000977e-02 6685183. -1.
    2.9466295242309570e+01 4.4300376892089844e+01 3.2980945110321045e+00
    1.0518252563476563e+02 7.7371373772621155e-02 10552319. -1.
    2.9466295242309570e+01 4.4300376892089844e+01 3.2980945110321045e+00
    3.0970727539062500e+02 7.7371373772621155e-02 10552319. -1.
    3.0327919006347656e+01 1.3755322456359863e+01 1.8055397272109985e+00
    7.4029479980468750e+01 6.0643833130598068e-02 393727. -1.
    3.1189994812011719e+01 2.1428050994873047e+01 2.5006361007690430e+00
    5.4488708496093750e+01 1.7992023378610611e-02 7209727. -1.
    3.1189994812011719e+01 2.1428050994873047e+01 2.5006361007690430e+00
    2.8712084960937500e+02 1.7992023378610611e-02 7209727. -1.
    3.2475368499755859e+01 1.1358635902404785e+01 2.5124895572662354e+00
    1.0672669982910156e+02 7.6997846364974976e-02 7602943. -1.
    3.2624416351318359e+01 3.8747505187988281e+01 5.4131503105163574e+00
    3.2139739990234375e+02 6.7041128873825073e-02 12976640. -1.
    3.3096355438232422e+01 5.0610771179199219e+01 5.3352570533752441e+00
    2.4772901916503906e+02 5.6451153010129929e-02 11928064. -1.
    3.3096355438232422e+01 5.0610771179199219e+01 5.3352570533752441e+00
    2.9549047851562500e+02 5.6451153010129929e-02 11928064. -1.
    3.3863471984863281e+01 2.8520998001098633e+01 2.2695592880249023e+01
    3.9461975097656250e+01 7.5994350016117096e-02 16384514. -1.
    3.3863471984863281e+01 2.8520998001098633e+01 2.2695592880249023e+01
    1.3072875976562500e+02 7.5994350016117096e-02 16384514. -1.
    3.3863471984863281e+01 2.8520998001098633e+01 2.2695592880249023e+01
    3.2478662109375000e+02 7.5994350016117096e-02 16384514. -1.
    3.5543296813964844e+01 3.5763378143310547e+01 2.0494248867034912e+00
    1.2069686889648438e+02 3.4646622836589813e-02 9568767. -1.
    3.5543296813964844e+01 3.5763378143310547e+01 2.0494248867034912e+00
    1.8816397094726563e+02 3.4646622836589813e-02 9568767. -1.
    3.7259277343750000e+01 4.5421398162841797e+01 2.4844439029693604e+00
    7.1455047607421875e+01 9.6555255353450775e-02 6750975. -1.
    3.7259277343750000e+01 4.5421398162841797e+01 2.4844439029693604e+00
    2.5239265441894531e+02 9.6555255353450775e-02 6750975. -1.
    3.9308311462402344e+01 3.7672435760498047e+01 3.1355760097503662e+00
    1.7189611816406250e+02 2.9922289773821831e-02 6882303. -1.
    3.9947322845458984e+01 2.9913694381713867e+01 2.8923482894897461e+00
    1.8352676391601563e+02 2.7973812073469162e-02 1049599. -1.
    3.9947322845458984e+01 2.9913694381713867e+01 2.8923482894897461e+00
    3.0067532348632813e+02 2.7973812073469162e-02 1049599. -1.
    4.6908226013183594e+01 3.5278976440429688e+01 1.9229484796524048e+00
    1.5597961425781250e+01 5.1095023751258850e-02 4915711. -1.
    5.1173763275146484e+01 3.2645824432373047e+01 4.4101638793945313e+00
    2.0114903259277344e+02 5.7797435671091080e-02 14876928. -1.</data></keypoints>
