<?xml version="1.0"?>
<opencv_storage>
<keypoints type_id="opencv-matrix">
  <rows>37</rows>
  <cols>7</cols>
  <dt>d</dt>
  <data>
    10.531352996826172 25.811899185180664 2.5327482223510742
    22.5556640625 0.036617379635572433 8127231. -1. 16.573318481445313
    30.069168090820313 2.184227466583252 175.83213806152344
    0.07772412896156311 14156287. -1. 18.862190246582031
    35.375705718994141 3.0613677501678467 148.17626953125
    0.074579536914825439 5178367. -1. 19.39799690246582
    20.514863967895508 1.8929389715194702 22.477081298828125
    0.10461804270744324 3801599. -1. 19.39799690246582
    20.514863967895508 1.8929389715194702 220.0037841796875
    0.10461804270744324 3801599. -1. 20.010509490966797
    29.788141250610352 2.4915282726287842 349.4346923828125
    0.028920382261276245 6947583. -1. 24.038637161254883
    29.837179183959961 2.3718678951263428 36.644256591796875
    0.052702274173498154 3408639. -1. 24.870334625244141
    33.205623626708984 2.0058572292327881 42.838470458984375
    0.04047500342130661 7995903. -1. 24.870334625244141
    33.205623626708984 2.0058572292327881 334.43502807617188
    0.04047500342130661 7995903. -1. 26.084115982055664
    53.575725555419922 2.731107234954834 314.98660278320313
    0.024041786789894104 13632255. -1. 26.105340957641602
    40.852180480957031 3.1541266441345215 108.82049560546875
    0.079382948577404022 7341055. -1. 26.105340957641602
    40.852180480957031 3.1541266441345215 310.368408203125
    0.079382948577404022 7341055. -1. 26.560567855834961
    36.455345153808594 2.1559751033782959 319.76077270507813
    0.043226204812526703 13238783. -1. 27.217605590820313
    18.110052108764648 2.471343994140625 57.940948486328125
    0.019988711923360825 6357759. -1. 27.22407341003418
    47.778045654296875 1.8004066944122314 283.50262451171875
    0.055281311273574829 197119. -1. 29.013956069946289
    38.935317993164063 2.0752859115600586 309.96588134765625
    0.057127837091684341 10486271. -1. 29.179752349853516
    35.272964477539063 5.4216799736022949 322.70294189453125
    0.066216573119163513 13042176. -1. 30.003040313720703
    51.230464935302734 3.4672443866729736 221.04559326171875
    0.081695407629013062 14156799. -1. 30.003040313720703
    51.230464935302734 3.4672443866729736 312.01214599609375
    0.081695407629013062 14156799. -1. 31.475759506225586
    32.622463226318359 2.7045032978057861 125.78677368164063
    0.031689159572124481 12911359. -1. 31.475759506225586
    32.622463226318359 2.7045032978057861 182.40518188476563
    0.031689159572124481 12911359. -1. 31.806533813476563
    27.374067306518555 22.857448577880859 44.68023681640625
    0.075181715190410614 131842. -1. 31.806533813476563
    27.374067306518555 22.857448577880859 129.06211853027344
    0.075181715190410614 131842. -1. 31.806533813476563
    27.374067306518555 22.857448577880859 228.03312683105469
    0.075181715190410614 131842. -1. 31.806533813476563
    27.374067306518555 22.857448577880859 321.78009033203125
    0.075181715190410614 131842. -1. 32.853412628173828
    47.848846435546875 1.8815020322799683 257.85934448242188
    0.056215535849332809 3342847. -1. 33.15435791015625
    12.669008255004883 2.4208340644836426 91.22161865234375
    0.064063064754009247 4915967. -1. 33.598720550537109
    41.992462158203125 2.4397242069244385 73.822052001953125
    0.095025420188903809 5440255. -1. 33.598720550537109
    41.992462158203125 2.4397242069244385 253.07099914550781
    0.095025420188903809 5440255. -1. 34.889629364013672
    53.247829437255859 3.3975281715393066 222.88265991210938
    0.02311219833791256 12715007. -1. 36.068538665771484
    34.372451782226563 3.2262115478515625 176.13861083984375
    0.030710360035300255 8979455. -1. 36.857524871826172
    26.611347198486328 2.8590991497039795 184.3624267578125
    0.025336349382996559 197631. -1. 43.434921264648438
    31.763069152832031 1.9894932508468628 16.5455322265625
    0.053717166185379028 7406079. -1. 48.817508697509766
    17.925714492797852 2.0046918392181396 131.95991516113281
    0.044994819909334183 7930367. -1. 48.861312866210938
    32.307712554931641 1.8964420557022095 196.75010681152344
    0.055981449782848358 3932671. -1. 48.868927001953125
    26.099246978759766 1.87956702709198 166.21145629882813
    0.058111954480409622 3277311. -1. 53.635158538818359
    37.652664184570313 7.0398011207580566 214.19212341308594
    0.022125726565718651 15270656. -1.</data></keypoints>
