<?xml version="1.0"?>
<opencv_storage>
<keypoints type_id="opencv-matrix">
  <rows>78</rows>
  <cols>7</cols>
  <dt>d</dt>
  <data>
    9.1852760314941406e+00 1.2852348327636719e+01 4.7912344932556152e+00
    4.7773803710937500e+01 2.6483960449695587e-02 4129280. -1.
    1.1244389533996582e+01 1.8600553512573242e+01 2.4016845226287842e+00
    6.4679229736328125e+01 5.5032432079315186e-02 4326143. -1.
    1.1244389533996582e+01 1.8600553512573242e+01 2.4016845226287842e+00
    3.4276818847656250e+02 5.5032432079315186e-02 4326143. -1.
    1.1244389533996582e+01 1.8600553512573242e+01 2.4016845226287842e+00
    3.5517156982421875e+02 5.5032432079315186e-02 4326143. -1.
    1.3102696418762207e+01 7.5102448463439941e+00 2.5701060295104980e+00
    3.5076965332031250e+01 2.2159218788146973e-02 9241343. -1.
    1.3102696418762207e+01 7.5102448463439941e+00 2.5701060295104980e+00
    2.5571388244628906e+02 2.2159218788146973e-02 9241343. -1.
    1.3630800247192383e+01 2.3691165924072266e+01 3.2262446880340576e+00
    2.8263031005859375e+02 2.6913803070783615e-02 8979455. -1.
    1.4245895385742188e+01 8.0042846679687500e+01 2.1159622669219971e+00
    2.5331390380859375e+02 3.8730908185243607e-02 11862527. -1.
    1.5211072921752930e+01 1.0315821647644043e+01 2.7123823165893555e+00
    3.2673004150390625e+01 2.6147715747356415e-02 13107967. -1.
    1.5552429199218750e+01 2.5417783737182617e+01 6.1652455329895020e+00
    3.0113159179687500e+01 2.1966500207781792e-02 5636864. -1.
    1.6691162109375000e+01 7.6827293395996094e+01 2.4825422763824463e+00
    2.5248866271972656e+02 2.4891186505556107e-02 6685439. -1.
    1.7917119979858398e+01 1.5454474449157715e+01 1.9809345006942749e+00
    3.5691589355468750e+01 4.1184034198522568e-02 7078399. -1.
    1.8165967941284180e+01 1.1846689224243164e+01 1.9045542478561401e+00
    1.2353912353515625e+02 2.8055096045136452e-02 4260351. -1.
    1.8992317199707031e+01 6.6424896240234375e+01 2.1261913776397705e+00
    1.5924288940429688e+02 3.4101385623216629e-02 12190207. -1.
    2.0824069976806641e+01 1.5701978683471680e+01 2.2714509963989258e+00
    1.8972456359863281e+02 4.4421400874853134e-02 262911. -1.
    2.1088882446289063e+01 5.3343219757080078e+01 2.4184081554412842e+00
    3.5817822265625000e+02 3.6088366061449051e-02 4784895. -1.
    2.1914529800415039e+01 4.4849517822265625e+01 2.0045409202575684e+00
    8.0521240234375000e+00 4.1097145527601242e-02 7930367. -1.
    2.2128511428833008e+01 7.4333000183105469e+01 2.9331438541412354e+00
    2.4528765869140625e+02 2.8559669852256775e-02 2032639. -1.
    2.3584844589233398e+01 6.7363670349121094e+01 2.7964856624603271e+00
    1.4634834289550781e+02 2.4680793285369873e-02 15336191. -1.
    2.3998914718627930e+01 1.8785791397094727e+01 3.3482463359832764e+00
    3.9940979003906250e+01 4.8732496798038483e-02 11600895. -1.
    2.7471197128295898e+01 6.5775131225585938e+01 3.5303826332092285e+00
    3.3094787597656250e+02 5.0753429532051086e-02 15467519. -1.
    2.8168674468994141e+01 4.0041336059570313e+01 3.1532714366912842e+00
    2.6276187133789063e+02 3.2337717711925507e-02 7275519. -1.
    2.9505817413330078e+01 7.5395141601562500e+01 2.8776204586029053e+00
    5.5330963134765625e+01 5.8139495551586151e-02 656383. -1.
    3.0035226821899414e+01 8.4210365295410156e+01 3.1566464900970459e+00
    8.6946105957031250e+00 5.0098642706871033e-02 7341055. -1.
    3.1055084228515625e+01 3.1603103637695313e+01 5.0879969596862793e+00
    8.1649475097656250e+00 1.6877289861440659e-02 8454656. -1.
    3.1609344482421875e+01 6.4310928344726563e+01 3.1541419029235840e+00
    3.2941369628906250e+02 3.4480292350053787e-02 7341055. -1.
    3.2105445861816406e+01 5.7809761047363281e+01 7.9129724502563477e+00
    3.3450033569335938e+02 4.4422730803489685e-02 7012609. -1.
    3.3265380859375000e+01 4.7512565612792969e+01 2.7153940200805664e+00
    3.1945034790039063e+02 6.3223056495189667e-02 13173503. -1.
    3.6565216064453125e+01 3.8321323394775391e+01 3.7796459197998047e+00
    3.4389898681640625e+02 2.4175891652703285e-02 3670272. -1.
    3.7787128448486328e+01 2.3595972061157227e+01 5.4825682640075684e+00
    3.6061828613281250e+01 1.7253099009394646e-02 13894144. -1.
    3.7935832977294922e+01 5.9199024200439453e+01 2.7401883602142334e+00
    7.5774169921875000e+01 1.7415245994925499e-02 13828863. -1.
    3.7935832977294922e+01 5.9199024200439453e+01 2.7401883602142334e+00
    1.7357153320312500e+02 1.7415245994925499e-02 13828863. -1.
    3.7935832977294922e+01 5.9199024200439453e+01 2.7401883602142334e+00
    3.3182745361328125e+02 1.7415245994925499e-02 13828863. -1.
    4.1504962921142578e+01 6.4563270568847656e+01 1.5658569335937500e+01
    2.0964079284667969e+02 5.1305193454027176e-02 6226178. -1.
    4.1504962921142578e+01 6.4563270568847656e+01 1.5658569335937500e+01
    3.4225814819335938e+02 5.1305193454027176e-02 6226178. -1.
    4.3129432678222656e+01 4.8402881622314453e+01 3.2307484149932861e+00
    6.7709777832031250e+01 3.1427487730979919e-02 9044991. -1.
    4.3688068389892578e+01 5.4499343872070313e+01 4.7305803298950195e+00
    8.1199340820312500e+01 3.1850993633270264e-02 3211776. -1.
    4.3688068389892578e+01 5.4499343872070313e+01 4.7305803298950195e+00
    1.5152508544921875e+02 3.1850993633270264e-02 3211776. -1.
    4.3868240356445313e+01 8.5297874450683594e+01 1.8898807764053345e+00
    2.0138327026367188e+02 8.9469596743583679e-02 3670527. -1.
    4.4599212646484375e+01 2.7947515487670898e+01 2.6311786174774170e+00
    2.3848846435546875e+01 1.9660644233226776e-02 10879743. -1.
    4.4599212646484375e+01 2.7947515487670898e+01 2.6311786174774170e+00
    3.4371557617187500e+02 1.9660644233226776e-02 10879743. -1.
    4.6010234832763672e+01 5.1056831359863281e+01 2.1395812034606934e+00
    6.2210418701171875e+01 4.0173079818487167e-02 12648959. -1.
    4.6114948272705078e+01 3.3227439880371094e+01 7.8424530029296875e+00
    3.1396978759765625e+02 1.5112950466573238e-02 6357249. -1.
    4.6735256195068359e+01 3.2250637054443359e+01 6.8263826370239258e+00
    3.2810595703125000e+02 1.5518591739237309e-02 13042432. -1.
    4.7777591705322266e+01 7.6723640441894531e+01 2.4806501865386963e+00
    2.5390919494628906e+02 1.6214415431022644e-02 6619903. -1.
    4.7901096343994141e+01 4.9087615013122559e+00 2.4262905120849609e+00
    7.4557983398437500e+01 3.6542102694511414e-02 5047039. -1.
    5.2059425354003906e+01 5.5116363525390625e+01 4.9300241470336914e+00
    1.2247648620605469e+02 7.9341545701026917e-02 6160896. -1.
    5.2059425354003906e+01 5.5116363525390625e+01 4.9300241470336914e+00
    2.9217401123046875e+02 7.9341545701026917e-02 6160896. -1.
    5.2714973449707031e+01 6.5052787780761719e+01 6.5646448135375977e+00
    2.1356927490234375e+02 5.2552647888660431e-02 10224384. -1.
    5.3109733581542969e+01 4.7010467529296875e+01 5.4470868110656738e+00
    2.8968359375000000e+02 3.5208463668823242e-02 13435392. -1.
    5.6187324523925781e+01 6.0425438880920410e+00 5.3175950050354004e+00
    7.9733032226562500e+01 3.4302294254302979e-02 11665920. -1.
    5.7467578887939453e+01 7.0991134643554688e+01 3.7061421871185303e+00
    2.1787133789062500e+02 7.3021724820137024e-02 2294016. -1.
    5.8929317474365234e+01 5.7771266937255859e+01 1.8513193130493164e+00
    3.0652011108398438e+02 9.4683535397052765e-02 2228735. -1.
    5.9343364715576172e+01 5.5050128936767578e+01 1.9733918905258179e+00
    3.0511230468750000e+02 6.7785806953907013e-02 6816255. -1.
    6.0083953857421875e+01 6.4295661926269531e+01 3.1625316143035889e+00
    1.9819461059570313e+02 7.7190950512886047e-02 7537663. -1.
    6.0146392822265625e+01 8.0676071166992188e+01 2.7396314144134521e+00
    1.4346597290039063e+02 4.5541476458311081e-02 13828863. -1.
    6.0600711822509766e+01 1.7627811431884766e+01 3.9639561176300049e+00
    1.3967115783691406e+02 1.4880209229886532e-02 7143680. -1.
    6.2150253295898438e+01 7.0988082885742188e+01 2.1592738628387451e+00
