<?xml version="1.0"?>
<opencv_storage>
<keypoints type_id="opencv-matrix">
  <rows>108</rows>
  <cols>7</cols>
  <dt>d</dt>
  <data>
    5.3422074317932129e+00 5.8047222137451172e+01 2.2261302471160889e+00
    2.8692062377929688e+02 7.2001151740550995e-02 15532543. -1.
    7.8922472000122070e+00 1.2538852691650391e+01 2.4926538467407227e+00
    3.7542114257812500e+00 4.7041997313499451e-02 7013119. -1.
    7.8922472000122070e+00 1.2538852691650391e+01 2.4926538467407227e+00
    5.8996795654296875e+01 4.7041997313499451e-02 7013119. -1.
    8.1191844940185547e+00 1.9329044342041016e+01 2.4932947158813477e+00
    3.0668902587890625e+02 4.2971141636371613e-02 7013119. -1.
    8.1191844940185547e+00 1.9329044342041016e+01 2.4932947158813477e+00
    3.2903048706054688e+02 4.2971141636371613e-02 7013119. -1.
    8.8563528060913086e+00 7.2522560119628906e+01 4.0059728622436523e+00
    1.3886294555664063e+02 2.4877365678548813e-02 7864576. -1.
    8.9339361190795898e+00 1.6050960540771484e+01 1.9869352579116821e+00
    3.0184350585937500e+02 6.2843650579452515e-02 7340543. -1.
    1.0061407089233398e+01 5.9956695556640625e+01 1.9092272520065308e+00
    2.7460217285156250e+02 5.9399958699941635e-02 4456959. -1.
    1.1285556793212891e+01 3.7801952362060547e+01 8.3576583862304688e+00
    3.5739160156250000e+02 1.5155482105910778e-02 10944769. -1.
    1.1839105606079102e+01 1.5917939186096191e+01 1.9248777627944946e+00
    6.2099975585937500e+01 7.3549807071685791e-02 5046783. -1.
    1.1839105606079102e+01 1.5917939186096191e+01 1.9248777627944946e+00
    3.2016253662109375e+02 7.3549807071685791e-02 5046783. -1.
    1.1849761009216309e+01 1.2123002052307129e+01 2.5392024517059326e+00
    9.1175476074218750e+01 5.3609199821949005e-02 8323839. -1.
    1.1889638900756836e+01 1.9857194900512695e+01 1.9944349527359009e+00
    2.8496450805664063e+02 6.3540764153003693e-02 7602687. -1.
    1.1889638900756836e+01 1.9857194900512695e+01 1.9944349527359009e+00
    3.1875744628906250e+02 6.3540764153003693e-02 7602687. -1.
    1.1889638900756836e+01 1.9857194900512695e+01 1.9944349527359009e+00
    3.4792150878906250e+02 6.3540764153003693e-02 7602687. -1.
    1.2077418327331543e+01 2.3444791793823242e+01 2.3699769973754883e+00
    3.0500805664062500e+02 4.0672250092029572e-02 3343103. -1.
    1.2281244277954102e+01 8.1644678115844727e+00 2.5139243602752686e+00
    6.4712280273437500e+01 4.0526408702135086e-02 7602943. -1.
    1.2281244277954102e+01 8.1644678115844727e+00 2.5139243602752686e+00
    8.9091613769531250e+01 4.0526408702135086e-02 7602943. -1.
    1.2944718360900879e+01 8.3170211791992188e+01 2.4846029281616211e+00
    1.3719256591796875e+02 5.4114844650030136e-02 6750975. -1.
    1.4050816535949707e+01 1.4307289123535156e+01 1.8612879514694214e+00
    1.2860771179199219e+02 4.3085046112537384e-02 2556415. -1.
    1.4050816535949707e+01 1.4307289123535156e+01 1.8612879514694214e+00
    3.2520910644531250e+02 4.3085046112537384e-02 2556415. -1.
    1.5379829406738281e+01 4.3094123840332031e+01 3.5993282794952393e+00
    3.4806326293945313e+02 1.4758226461708546e-02 131328. -1.
    1.5753471374511719e+01 1.2089552879333496e+01 2.0257925987243652e+00
    2.6856384277343750e+01 6.4006514847278595e-02 8716799. -1.
    1.5753471374511719e+01 1.2089552879333496e+01 2.0257925987243652e+00
    1.3248684692382813e+02 6.4006514847278595e-02 8716799. -1.
    1.5812061309814453e+01 2.2821205139160156e+01 1.8661504983901978e+00
    2.2560185241699219e+02 7.6798006892204285e-02 2753023. -1.
    1.5812061309814453e+01 2.2821205139160156e+01 1.8661504983901978e+00
    3.0748599243164063e+02 7.6798006892204285e-02 2753023. -1.
    1.5832556724548340e+01 1.9934438705444336e+01 2.0243380069732666e+00
    3.1966638183593750e+02 7.7160425484180450e-02 8651263. -1.
    1.6089624404907227e+01 4.2004718780517578e+00 1.9790220260620117e+00
    2.6981463623046875e+02 1.3501126319169998e-02 7012863. -1.
    1.6267105102539063e+01 7.7989425659179688e+01 6.1198720932006836e+00
    3.4751428222656250e+02 4.3266773223876953e-02 5112576. -1.
    1.8138212203979492e+01 6.9457496643066406e+01 1.8926905393600464e+00
    3.3680572509765625e+02 3.6911908537149429e-02 3801599. -1.
    1.8392271041870117e+01 7.2970306396484375e+01 3.7659356594085693e+00
    3.5221844482421875e+02 4.1036441922187805e-02 3408128. -1.
    1.9421079635620117e+01 2.3408842086791992e+01 2.3094325065612793e+00
    3.7900085449218750e+01 5.6281592696905136e-02 1508095. -1.
    1.9459823608398438e+01 8.3584537506103516e+00 2.4270043373107910e+00
    8.8694519042968750e+01 4.0605358779430389e-02 5047039. -1.
    1.9742298126220703e+01 1.2267364501953125e+01 2.4536354541778564e+00
    9.0662414550781250e+01 5.7614427059888840e-02 5833471. -1.
    1.9742298126220703e+01 1.2267364501953125e+01 2.4536354541778564e+00
    1.7210064697265625e+02 5.7614427059888840e-02 5833471. -1.
    1.9747850418090820e+01 1.5944090843200684e+01 1.9951275587081909e+00
    1.3120582580566406e+02 6.8245328962802887e-02 7602687. -1.
    2.0590351104736328e+01 2.6332941055297852e+01 2.0037791728973389e+00
    3.5735504150390625e+01 3.1879864633083344e-02 7930367. -1.
    2.1804792404174805e+01 5.7725898742675781e+01 2.3594176769256592e+00
    9.9183837890625000e+01 2.5609452277421951e-02 3015423. -1.
    2.1856973648071289e+01 2.9395172119140625e+01 5.0189700126647949e+00
    2.0183227539062500e+01 3.6003448069095612e-02 7471616. -1.
    2.2651435852050781e+01 7.7843597412109375e+01 3.7118155956268311e+00
    3.1280285644531250e+02 7.4936285614967346e-02 2359552. -1.
    2.2651435852050781e+01 7.7843597412109375e+01 3.7118155956268311e+00
    3.5154046630859375e+02 7.4936285614967346e-02 2359552. -1.
    2.3255548477172852e+01 1.9164640426635742e+01 2.5645596981048584e+00
    2.4466064453125000e+01 4.6954780817031860e-02 9044735. -1.
    2.3595718383789063e+01 1.2440445899963379e+01 2.4584627151489258e+00
    1.8410705566406250e+01 5.2731066942214966e-02 6030079. -1.
    2.5842382431030273e+01 8.0018074035644531e+01 2.4182600975036621e+00
    2.9886123657226563e+02 4.6042330563068390e-02 4784895. -1.
    2.6814388275146484e+01 2.0015829086303711e+01 2.8194420337677002e+00
    2.1812927246093750e+01 4.0996871888637543e-02 15926015. -1.
    2.9742406845092773e+01 5.9003955841064453e+01 5.0453519821166992e+00
    3.5139318847656250e+02 3.5753577947616577e-02 7864832. -1.
    3.0442319869995117e+01 2.7589109420776367e+01 2.8169257640838623e+00
    9.5446777343750000e-01 2.0322458818554878e-02 15860479. -1.
    3.0442319869995117e+01 2.7589109420776367e+01 2.8169257640838623e+00
    1.9326809692382813e+02 2.0322458818554878e-02 15860479. -1.
    3.1135000228881836e+01 1.2465826034545898e+01 5.5579204559326172e+00
    4.4102661132812500e+01 3.2743569463491440e-02 14877184. -1.
    3.4019294738769531e+01 2.0436815261840820e+01 2.5381925106048584e+00
    3.1735534667968750e+00 2.4063352495431900e-02 8323839. -1.
    3.5522266387939453e+01 7.9961036682128906e+01 3.3563194274902344e+00
    1.4535748291015625e+02 5.9288363903760910e-02 11797503. -1.
    3.5522266387939453e+01 7.9961036682128906e+01 3.3563194274902344e+00
    2.5946505737304688e+02 5.9288363903760910e-02 11797503. -1.
    3.6200466156005859e+01 4.4432193756103516e+01 5.0403809547424316e+00
    5.6407745361328125e+01 6.1065208166837692e-02 7799296. -1.
    3.7042396545410156e+01 7.5515411376953125e+01 3.1445662975311279e+00
    2.0307989501953125e+02 5.2956704050302505e-02 7078911. -1.
    3.7042396545410156e+01 7.5515411376953125e+01 3.1445662975311279e+00
    2.5844140625000000e+02 5.2956704050302505e-02 7078911. -1.
    3.7920036315917969e+01 5.4314762115478516e+01 8.2798910140991211e+00
    5.1398284912109375e+01 3.9204590022563934e-02 10289409. -1.
    3.9386436462402344e+01 4.6934037208557129e+00 2.0676248073577881e+00
    8.0039276123046875e+01 2.8691589832305908e-02 10158591. -1.
    3.9575702667236328e+01 1.7287549972534180e+01 2.5147411823272705e+00
