<?xml version="1.0"?>
<opencv_storage>
<keypoints type_id="opencv-matrix">
  <rows>23</rows>
  <cols>7</cols>
  <dt>d</dt>
  <data>
    1.3760089874267578e+01 3.8857509613037109e+01 3.4846699237823486e+00
    3.5849420166015625e+02 9.8370157182216644e-02 14550015. -1.
    1.4237938880920410e+01 3.3619472503662109e+01 3.2914218902587891e+00
    1.1616485595703125e+01 1.0086803883314133e-01 10421247. -1.
    2.0834383010864258e+01 2.4053064346313477e+01 6.4405856132507324e+00
    1.3482543945312500e+01 1.2585738301277161e-01 8782592. -1.
    2.0834383010864258e+01 2.4053064346313477e+01 6.4405856132507324e+00
    5.6505798339843750e+01 1.2585738301277161e-01 8782592. -1.
    2.3105579376220703e+01 5.5832263946533203e+01 1.6071508407592773e+01
    7.0161132812500000e+00 8.9839175343513489e-02 8126722. -1.
    2.3105579376220703e+01 5.5832263946533203e+01 1.6071508407592773e+01
    2.4743324279785156e+02 8.9839175343513489e-02 8126722. -1.
    2.9011020660400391e+01 1.5446494102478027e+01 3.5129590034484863e+00
    6.5952728271484375e+01 1.0769178718328476e-01 15074303. -1.
    3.2729228973388672e+01 2.3131662368774414e+01 3.2996566295623779e+00
    1.8639495849609375e+01 6.7365236580371857e-02 10552319. -1.
    3.2729228973388672e+01 2.3131662368774414e+01 3.2996566295623779e+00
    6.3506500244140625e+01 6.7365236580371857e-02 10552319. -1.
    3.8048400878906250e+01 2.6991565704345703e+01 8.7004795074462891e+00
    5.6594940185546875e+01 8.2844771444797516e-02 13828353. -1.
    3.8048400878906250e+01 2.6991565704345703e+01 8.7004795074462891e+00
    9.2416839599609375e+01 8.2844771444797516e-02 13828353. -1.
    4.2698101043701172e+01 6.3426231384277344e+01 3.7649345397949219e+00
    2.6000482177734375e+02 7.7192813158035278e-02 3408128. -1.
    4.3157672882080078e+01 2.3278799057006836e+01 4.1503891944885254e+00
    1.0117526245117188e+02 7.1392923593521118e-02 10486016. -1.
    4.3981811523437500e+01 2.9111156463623047e+01 3.1819493770599365e+00
    2.1906477355957031e+02 5.6144587695598602e-02 7930879. -1.
    4.4022647857666016e+01 2.2675769805908203e+01 3.2832856178283691e+00
    1.0816476440429688e+02 7.1991063654422760e-02 10224639. -1.
    4.5508338928222656e+01 5.2069053649902344e+01 5.0261225700378418e+00
    2.3733840942382813e+02 7.0965394377708435e-02 7602688. -1.
    4.7939899444580078e+01 1.5024316787719727e+01 3.4189774990081787e+00
    1.1201681518554688e+02 1.0924708843231201e-01 13173759. -1.
    5.3347770690917969e+01 5.1474456787109375e+01 1.3726249694824219e+01
    2.1449690246582031e+02 3.4548759460449219e-02 13435649. -1.
    5.3632347106933594e+01 3.1947217941284180e+01 5.1505370140075684e+00
    1.4224963378906250e+02 7.4829451739788055e-02 9372160. -1.
    5.3632347106933594e+01 3.1947217941284180e+01 5.1505370140075684e+00
    2.6080999755859375e+02 7.4829451739788055e-02 9372160. -1.
    5.5062522888183594e+01 4.2199420928955078e+01 3.3582234382629395e+00
    5.7059844970703125e+01 8.2850955426692963e-02 11863039. -1.
    5.5062522888183594e+01 4.2199420928955078e+01 3.3582234382629395e+00
    1.9549572753906250e+02 8.2850955426692963e-02 11863039. -1.
    6.3856582641601563e+01 4.2205352783203125e+01 3.4301452636718750e+00
    1.8784828186035156e+02 9.8747499287128448e-02 13370367. -1.</data></keypoints>
<descriptors type_id="opencv-matrix">
  <rows>23</rows>
  <cols>128</cols>
  <dt>f</dt>
  <data>
    12. 0. 0. 0. 0. 0. 0. 6. 108. 1. 0. 0. 4. 9. 23. 121. 72. 71. 0. 3.
    43. 52. 36. 40. 60. 69. 9. 53. 43. 1. 0. 2. 44. 1. 0. 0. 0. 0. 0. 6.
    127. 17. 3. 12. 23. 3. 2. 60. 116. 11. 4. 60. 127. 15. 3. 15. 127.
    11. 1. 12. 90. 6. 0. 4. 30. 10. 0. 0. 0. 0. 0. 0. 127. 123. 38. 25.
    7. 0. 0. 15. 67. 21. 31. 80. 52. 0. 13. 126. 76. 2. 0. 2. 34. 52.
    22. 77. 10. 2. 0. 0. 0. 0. 0. 8. 75. 24. 6. 1. 0. 0. 0. 127. 25. 4.
    5. 1. 0. 0. 16. 127. 3. 1. 5. 0. 0. 8. 12. 42. 5. 0. 0. 0. 0. 0. 0.
    2. 122. 61. 0. 0. 0. 0. 4. 29. 94. 128. 20. 1. 0. 1. 4. 10. 2. 44.
    20. 69. 66. 2. 0. 1. 24. 0. 0. 0. 0. 0. 0. 7. 128. 9. 0. 0. 2. 13.
    32. 121. 55. 123. 10. 1. 38. 72. 42. 32. 56. 84. 11. 24. 82. 11. 0.
    1. 36. 3. 0. 0. 0. 0. 0. 0. 128. 43. 1. 1. 11. 6. 3. 15. 90. 31. 3.
    13. 128. 37. 4. 6. 118. 49. 1. 2. 63. 20. 1. 2. 11. 5. 0. 0. 0. 0.
    0. 0. 120. 113. 15. 4. 2. 0. 0. 0. 44. 52. 37. 61. 72. 1. 0. 31. 97.
    8. 0. 5. 15. 10. 6. 76. 0. 0. 0. 0. 0. 0. 0. 3. 9. 0. 0. 0. 0. 0. 7.
    81. 28. 5. 2. 0. 0. 0. 52. 131. 3. 2. 4. 3. 1. 5. 123. 75. 31. 0. 0.
    0. 0. 0. 0. 21. 131. 11. 1. 1. 2. 8. 62. 131. 60. 11. 3. 5. 18. 61.
    100. 131. 52. 4. 3. 8. 8. 17. 74. 131. 78. 2. 0. 0. 0. 0. 0. 14.
    131. 95. 15. 7. 3. 3. 6. 67. 92. 64. 35. 46. 33. 24. 13. 23. 98. 30.
    35. 77. 9. 2. 2. 21. 62. 15. 0. 0. 0. 0. 0. 6. 131. 79. 7. 1. 0. 0.
    0. 30. 37. 38. 17. 4. 0. 5. 37. 38. 8. 21. 43. 31. 3. 12. 55. 8. 39.
    2. 0. 0. 0. 0. 0. 9. 129. 25. 6. 3. 0. 0. 2. 70. 129. 33. 6. 5. 1.
    1. 14. 84. 23. 16. 2. 3. 69. 46. 31. 35. 63. 5. 0. 0. 0. 0. 0. 6.
    129. 51. 6. 1. 1. 4. 31. 115. 90. 101. 14. 9. 24. 35. 56. 49. 16.
    90. 39. 47. 72. 3. 1. 2. 30. 19. 0. 0. 0. 0. 0. 1. 129. 129. 39. 2.
    1. 2. 3. 19. 30. 129. 103. 38. 30. 14. 6. 6. 22. 30. 43. 27. 8. 0.
    9. 43. 1. 3. 0. 0. 0. 0. 0. 0. 23. 101. 4. 0. 0. 0. 0. 0. 33. 129.
    64. 3. 0. 0. 0. 0. 71. 105. 34. 3. 0. 0. 1. 12. 20. 0. 0. 0. 0. 0.
    0. 16. 133. 1. 0. 0. 0. 0. 30. 138. 21. 2. 2. 14. 16. 43. 138. 91.
    0. 0. 0. 25. 79. 83. 65. 0. 45. 3. 0. 0. 0. 0. 0. 4. 138. 51. 12. 7.
    2. 0. 1. 49. 51. 14. 38. 138. 36. 4. 4. 18. 0. 0. 11. 138. 122. 3.
    0. 0. 10. 12. 0. 0. 0. 0. 0. 0. 87. 138. 78. 14. 0. 0. 0. 1. 7. 32.
    138. 138. 3. 0. 0. 1. 0. 0. 28. 134. 10. 0. 0. 0. 0. 1. 0. 0. 0. 0.
    0. 0. 0. 9. 3. 0. 0. 0. 0. 0. 0. 1. 4. 3. 0. 0. 0. 0. 0. 0. 0. 1. 0.
    0. 0. 0. 0. 0. 0. 0. 0. 0. 0. 0. 0. 0. 0. 0. 0. 0. 15. 6. 0. 0. 0.
    0. 0. 4. 15. 2. 0. 0. 0. 0. 0. 0. 0. 0. 6. 0. 0. 0. 0. 0. 0. 2. 72.
    2. 0. 0. 0. 13. 108. 132. 9. 1. 0. 0. 1. 133. 133. 35. 0. 0. 0. 0.
    11. 119. 23. 0. 47. 4. 0. 0. 0. 0. 0. 1. 133. 56. 0. 0. 0. 5. 11.
    41. 57. 41. 4. 9. 28. 133. 51. 15. 0. 0. 1. 19. 133. 133. 17. 0. 31.
    18. 0. 0. 0. 0. 0. 0. 127. 133. 2. 0. 0. 0. 0. 0. 28. 116. 49. 84.
    19. 2. 1. 1. 0. 1. 7. 133. 108. 5. 0. 0. 10. 0. 0. 0. 0. 0. 0. 5.
    124. 0. 0. 2. 4. 0. 0. 93. 69. 0. 0. 77. 99. 0. 0. 51. 86. 0. 0. 29.
    25. 0. 1. 100. 35. 1. 0. 0. 0. 0. 0. 4. 124. 14. 2. 10. 18. 0. 0.
    41. 94. 11. 3. 71. 124. 0. 0. 16. 124. 36. 2. 6. 13. 0. 0. 44. 24.
    7. 0. 0. 0. 0. 0. 0. 124. 105. 29. 20. 6. 0. 1. 10. 38. 35. 26. 79.
    64. 6. 67. 43. 59. 124. 22. 2. 4. 21. 47. 10. 4. 2. 0. 0. 0. 0. 0.
    0. 115. 27. 4. 0. 0. 0. 1. 54. 74. 10. 3. 1. 1. 8. 76. 124. 1. 10.
    3. 1. 22. 102. 60. 8. 40. 15. 21. 14. 0. 0. 10. 119. 2. 1. 60. 119.
    0. 0. 23. 79. 0. 0. 88. 95. 0. 0. 51. 61. 0. 0. 62. 24. 0. 6. 113.
    37. 29. 29. 57. 29. 4. 60. 54. 21. 63. 3. 52. 75. 2. 15. 15. 119.
    18. 0. 4. 8. 0. 0. 97. 119. 0. 0. 0. 0. 3. 10. 107. 52. 2. 0. 0. 6.
    63. 119. 58. 9. 119. 34. 0. 4. 46. 51. 8. 48. 100. 24. 2. 1. 0. 0.
    4. 34. 0. 1. 5. 12. 4. 1. 2. 2. 1. 12. 11. 52. 103. 8. 0. 1. 119.
    12. 0. 27. 69. 4. 0. 30. 93. 13. 5. 3. 0. 0. 0. 11. 0. 1. 5. 52. 12.
    0. 0. 0. 84. 0. 0. 40. 52. 0. 0. 63. 73. 0. 0. 76. 70. 0. 0. 76. 76.
    0. 0. 2. 1. 1. 8. 117. 1. 0. 0. 0. 8. 42. 24. 10. 86. 8. 4. 60. 116.
    0. 0. 17. 117. 29. 1. 31. 66. 0. 0. 53. 101. 29. 4. 1. 0. 0. 0. 39.
    1. 1. 1. 6. 15. 2. 0. 1. 31. 36. 34. 73. 40. 3. 33. 27. 95. 107. 9.
    19. 20. 18. 79. 20. 28. 117. 46. 0. 1. 9. 4. 1. 5. 51. 10. 7. 5. 0.
    0. 0. 68. 8. 4. 1. 0. 1. 46. 117. 3. 5. 2. 1. 14. 97. 117. 29. 20.
    103. 9. 0. 40. 106. 8. 0. 28. 117. 16. 4. 1. 3. 1. 0. 8. 0. 0. 0. 0.
    0. 2. 51. 26. 0. 0. 0. 0. 0. 47. 125. 45. 3. 4. 8. 10. 17. 49. 125.
    4. 5. 4. 5. 62. 99. 31. 9. 125. 3. 0. 0. 0. 0. 1. 109. 121. 7. 0. 0.
    2. 7. 61. 125. 24. 5. 5. 7. 51. 53. 70. 56. 2. 2. 4. 13. 63. 38. 23.
    5. 125. 23. 1. 0. 0. 0. 2. 49. 125. 68. 23. 12. 8. 6. 15. 73. 18.
