<?xml version="1.0"?>
<opencv_storage>
<keypoints type_id="opencv-matrix">
  <rows>79</rows>
  <cols>7</cols>
  <dt>d</dt>
  <data>
    4.0321950912475586e+00 3.2104000091552734e+01 2.1180715560913086e+00
    1.6997544860839844e+02 1.7542274668812752e-02 11928063. -1.
    9.5829315185546875e+00 6.3019062042236328e+01 3.6642169952392578e+00
    3.6812866210937500e+01 4.2259544134140015e-02 1442048. -1.
    1.0158481597900391e+01 2.0006958007812500e+01 2.2686853408813477e+00
    2.7544265747070313e+02 7.5443997979164124e-02 197375. -1.
    1.0158481597900391e+01 2.0006958007812500e+01 2.2686853408813477e+00
    3.3371243286132813e+02 7.5443997979164124e-02 197375. -1.
    1.2418050765991211e+01 5.4731872558593750e+01 1.8792383670806885e+00
    6.7816101074218750e+01 3.4613974392414093e-02 3277311. -1.
    1.4517444610595703e+01 5.6631919860839844e+01 2.7595441341400146e+00
    7.2639953613281250e+01 5.3759038448333740e-02 14353151. -1.
    1.4517444610595703e+01 5.6631919860839844e+01 2.7595441341400146e+00
    1.8980004882812500e+02 5.3759038448333740e-02 14353151. -1.
    1.5660587310791016e+01 5.1663032531738281e+01 2.8193900585174561e+00
    1.0692773437500000e+02 1.5667313709855080e-02 15926015. -1.
    1.5660587310791016e+01 5.1663032531738281e+01 2.8193900585174561e+00
    1.8189332580566406e+02 1.5667313709855080e-02 15926015. -1.
    1.6559806823730469e+01 8.3678407669067383e+00 4.0665330886840820e+00
    1.0069598388671875e+02 2.6634225621819496e-02 8978688. -1.
    1.7135095596313477e+01 5.9449466705322266e+01 2.7616989612579346e+00
    1.9023287963867188e+02 4.2327445000410080e-02 14418687. -1.
    1.7195741653442383e+01 6.9338874816894531e+01 2.1203546524047852e+00
    2.6999676513671875e+02 6.9794848561286926e-02 11993599. -1.
    1.7681768417358398e+01 1.2943431854248047e+01 1.8256584405899048e+00
    1.2013006591796875e+02 4.9358382821083069e-02 1180159. -1.
    1.8896793365478516e+01 8.1911140441894531e+01 4.2457785606384277e+00
    1.1510867309570313e+02 4.0118005126714706e-02 12124416. -1.
    1.9981456756591797e+01 4.1021305084228516e+01 3.2574875354766846e+00
    1.7579162597656250e+01 2.6679191738367081e-02 9634815. -1.
    2.0920785903930664e+01 6.1073066711425781e+01 2.1577126979827881e+00
    4.6965942382812500e+00 6.4817696809768677e-02 13304319. -1.
    2.0920785903930664e+01 6.1073066711425781e+01 2.1577126979827881e+00
    1.4743353271484375e+02 6.4817696809768677e-02 13304319. -1.
    2.2561017990112305e+01 5.5035343170166016e+01 7.3522119522094727e+00
    3.1123046875000000e+00 5.2303962409496307e-02 1704193. -1.
    2.3181013107299805e+01 8.4551780700683594e+01 2.0111014842987061e+00
    1.1983175659179688e+02 7.2936110198497772e-02 8192511. -1.
    2.3211978912353516e+01 8.1565155029296875e+01 1.9144581556320190e+00
    1.2262521362304688e+02 4.6148028224706650e-02 4653567. -1.
    2.4021953582763672e+01 5.9477279663085938e+01 2.5253038406372070e+00
    3.4609405517578125e+01 4.9970246851444244e-02 7930623. -1.
    2.4573965072631836e+01 1.4371840476989746e+01 2.0331561565399170e+00
    1.7886381530761719e+02 2.4690443649888039e-02 8978943. -1.
    2.4609104156494141e+01 3.0515712738037109e+01 1.2992247581481934e+01
    4.6073059082031250e+01 2.8170526027679443e-02 9437953. -1.
    2.5600887298583984e+01 4.1306915283203125e+01 4.4609036445617676e+00
    2.3168975830078125e+01 6.5035678446292877e-02 15663360. -1.
    2.9827400207519531e+01 7.1239677429199219e+01 3.2363324165344238e+00
    2.7617407226562500e+02 5.6404255330562592e-02 9176063. -1.
    2.9982929229736328e+01 2.9064125061035156e+01 2.5173020362854004e+00
    4.9741760253906250e+01 1.6140101477503777e-02 7734015. -1.
    3.1602594375610352e+01 4.1090217590332031e+01 1.8687601089477539e+00
    1.6524597167968750e+01 5.7941205799579620e-02 2884095. -1.
    3.4004367828369141e+01 9.9844484329223633e+00 5.2687678337097168e+00
    1.9020729064941406e+02 1.3513821177184582e-02 11010560. -1.
    3.4004367828369141e+01 9.9844484329223633e+00 5.2687678337097168e+00
    3.0309405517578125e+02 1.3513821177184582e-02 11010560. -1.
    3.5436199188232422e+01 7.2362159729003906e+01 1.8825212717056274e+00
    2.6966418457031250e+02 4.2153544723987579e-02 3408383. -1.
    3.6296901702880859e+01 3.6639457702636719e+01 4.6260390281677246e+00
    2.8721252441406250e+01 4.3632648885250092e-02 1573376. -1.
    3.8152145385742188e+01 3.1719268798828125e+01 3.3860738277435303e+00
    4.3226013183593750e+01 4.4736716896295547e-02 12452863. -1.
    4.0180732727050781e+01 8.2059318542480469e+01 2.1851892471313477e+00
    3.5604623413085938e+02 5.1492143422365189e-02 14221823. -1.
    4.0699707031250000e+01 7.9864524841308594e+01 3.3832123279571533e+00
    3.5677597045898438e+02 5.2420679479837418e-02 12387327. -1.
    4.3637260437011719e+01 2.4802745819091797e+01 2.4572732448577881e+00
    8.4470703125000000e+01 3.6585263907909393e-02 5964543. -1.
    4.5452404022216797e+01 3.7188472747802734e+01 1.8867076635360718e+00
    2.7181716918945313e+02 5.7897351682186127e-02 3539455. -1.
    4.5614574432373047e+01 6.6052185058593750e+01 1.9523080587387085e+00
    1.3041400146484375e+02 2.4542650207877159e-02 6029823. -1.
    4.6035949707031250e+01 4.0201675415039063e+01 2.7584054470062256e+00
    9.9039489746093750e+01 5.5628642439842224e-02 14353151. -1.
    4.6035949707031250e+01 4.0201675415039063e+01 2.7584054470062256e+00
    2.7123864746093750e+02 5.5628642439842224e-02 14353151. -1.
    4.6967460632324219e+01 7.1975662231445313e+01 6.3236622810363770e+00
    2.4150509643554688e+02 5.7964790612459183e-02 7471872. -1.
    4.7812767028808594e+01 7.5405830383300781e+01 2.2552058696746826e+00
    2.3464712524414063e+02 5.9135109186172485e-02 16450047. -1.
    4.7939174652099609e+01 5.9771255493164063e+01 2.9372107982635498e+00
    2.9672015380859375e+02 2.2852072492241859e-02 2163711. -1.
    4.9519554138183594e+01 2.5986892700195313e+01 2.1317143440246582e+00
    9.4373016357421875e+01 5.1684670150279999e-02 12386815. -1.
    5.0813533782958984e+01 6.5748092651367188e+01 2.9915971755981445e+00
    3.0179779052734375e+02 5.7721722871065140e-02 3474431. -1.
    5.1403129577636719e+01 3.1190448760986328e+01 6.2830533981323242e+00
    1.0957321166992188e+02 7.6071418821811676e-02 7013120. -1.
    5.2442584991455078e+01 4.7527408599853516e+01 2.0170154571533203e+00
    9.9935607910156250e+01 4.6212796121835709e-02 8389119. -1.
    5.2442584991455078e+01 4.7527408599853516e+01 2.0170154571533203e+00
    1.5434921264648438e+02 4.6212796121835709e-02 8389119. -1.
    5.3501930236816406e+01 3.4271675109863281e+01 2.5826094150543213e+00
    2.0461682128906250e+02 5.0633907318115234e-02 9569023. -1.
    5.3501930236816406e+01 3.4271675109863281e+01 2.5826094150543213e+00
    2.7100057983398438e+02 5.0633907318115234e-02 9569023. -1.
    5.5708183288574219e+01 2.7436204910278320e+01 2.0218334197998047e+00
    1.2400083923339844e+02 3.8175746798515320e-02 8585727. -1.
    5.6781543731689453e+01 7.9136520385742188e+01 2.6362121105194092e+00
    3.4992807006835938e+02 3.5382814705371857e-02 11076351. -1.
    5.6951309204101563e+01 6.4893310546875000e+01 3.1135337352752686e+00
    2.1983381652832031e+02 4.1212998330593109e-02 6358015. -1.
    5.7512870788574219e+01 1.6057922363281250e+01 1.9531749486923218e+00
    2.7284008789062500e+02 1.4628386124968529e-02 6095359. -1.
    5.7512870788574219e+01 1.6057922363281250e+01 1.9531749486923218e+00
    3.4714123535156250e+02 1.4628386124968529e-02 6095359. -1.
    5.7920223236083984e+01 3.4943428039550781e+01 3.6822769641876221e+00
    1.9820176696777344e+02 2.4885870516300201e-02 1769728. -1.
    6.0750141143798828e+01 7.6686253547668457e+00 3.9324977397918701e+00
    5.7161895751953125e+01 1.8523750826716423e-02 6553856. -1.
    6.1435317993164063e+01 7.6719276428222656e+01 2.6892802715301514e+00
    2.1254132080078125e+02 2.9522502794861794e-02 12518143. -1.
    6.1435317993164063e+01 7.6719276428222656e+01 2.6892802715301514e+00
