<?xml version="1.0"?>
<opencv_storage>
<keypoints type_id="opencv-matrix">
  <rows>15</rows>
  <cols>7</cols>
  <dt>d</dt>
  <data>
    1.6094377517700195e+01 1.5171139717102051e+01 2.0864665508270264e+00
    6.4705810546875000e+00 6.6385902464389801e-02 10813951. -1.
    1.6094377517700195e+01 1.5171139717102051e+01 2.0864665508270264e+00
    1.0278683471679688e+02 6.6385902464389801e-02 10813951. -1.
    1.9787767410278320e+01 2.0697528839111328e+01 8.0065755844116211e+00
    1.3581542968750000e+00 8.0615945160388947e-02 7864577. -1.
    2.0006292343139648e+01 3.1857835769653320e+01 8.5018701553344727e+00
    3.5805603027343750e+02 8.0304369330406189e-02 12189953. -1.
    2.4312381744384766e+01 1.8402738571166992e+01 2.5915360450744629e+00
    1.7639089965820313e+02 5.7974755764007568e-02 9831167. -1.
    2.4474395751953125e+01 3.8326942443847656e+01 2.2274463176727295e+00
    2.7735467529296875e+02 7.3931418359279633e-02 15598079. -1.
    2.5402717590332031e+01 1.0965625762939453e+01 2.4136145114898682e+00
    8.2625061035156250e+01 5.3350575268268585e-02 4653823. -1.
    2.7992000579833984e+01 3.8802795410156250e+01 2.3920557498931885e+00
    2.0520979309082031e+02 5.5765822529792786e-02 3998463. -1.
    2.8667741775512695e+01 3.2116127014160156e+01 3.7957050800323486e+00
    1.8274427795410156e+02 9.2016592621803284e-02 3997952. -1.
    2.8667741775512695e+01 3.2116127014160156e+01 3.7957050800323486e+00
    2.8492733764648438e+02 9.2016592621803284e-02 3997952. -1.
    2.9243276596069336e+01 1.9484846115112305e+01 4.6854038238525391e+00
    1.6785046386718750e+02 8.9745327830314636e-02 2490880. -1.
    3.2074058532714844e+01 2.6332107543945313e+01 4.8473315238952637e+00
    8.8987731933593750e+01 9.0770483016967773e-02 4981248. -1.
    3.7207893371582031e+01 2.2539154052734375e+01 2.8502817153930664e+00
    9.8131958007812500e+01 6.5380454063415527e-02 16712447. -1.
    3.8461975097656250e+01 2.6372444152832031e+01 2.8089356422424316e+00
    9.8481811523437500e+01 9.3103349208831787e-02 15663871. -1.
    3.8461975097656250e+01 2.6372444152832031e+01 2.8089356422424316e+00
    2.6519921875000000e+02 9.3103349208831787e-02 15663871. -1.</data></keypoints>
<descriptors type_id="opencv-matrix">
  <rows>15</rows>
  <cols>128</cols>
  <dt>f</dt>
  <data>
    0. 0. 0. 0. 0. 0. 0. 1. 0. 0. 0. 0. 0. 0. 15. 7. 0. 0. 0. 0. 0. 4.
    26. 3. 1. 0. 0. 6. 9. 10. 23. 16. 15. 0. 0. 0. 0. 0. 0. 7. 99. 1. 0.
    0. 0. 4. 104. 141. 12. 0. 0. 0. 0. 80. 158. 45. 4. 0. 0. 0. 0. 40.
    158. 41. 33. 5. 0. 0. 0. 0. 0. 1. 158. 46. 0. 0. 0. 1. 16. 47. 122.
    13. 0. 0. 0. 31. 147. 29. 0. 0. 0. 0. 0. 44. 158. 0. 9. 10. 7. 21.
    1. 0. 0. 0. 158. 100. 8. 7. 0. 0. 0. 0. 158. 29. 0. 0. 0. 0. 0. 0.
    1. 0. 0. 0. 0. 0. 2. 0. 39. 31. 3. 0. 0. 4. 10. 11. 153. 44. 5. 1.
    0. 0. 0. 13. 149. 1. 0. 0. 0. 0. 0. 9. 0. 0. 3. 1. 0. 0. 0. 0. 32.
    7. 0. 0. 0. 0. 0. 3. 153. 55. 14. 1. 0. 0. 0. 35. 130. 29. 133. 36.
    0. 0. 0. 8. 0. 0. 153. 83. 0. 0. 0. 0. 14. 8. 0. 0. 0. 0. 0. 0. 98.
    142. 97. 5. 0. 0. 0. 2. 13. 41. 153. 91. 0. 0. 0. 0. 0. 0. 153. 133.
    10. 11. 1. 0. 0. 1. 0. 0. 0. 0. 0. 0. 0. 7. 14. 1. 0. 0. 0. 0. 0. 1.
    24. 6. 0. 0. 0. 0. 0. 0. 3. 4. 3. 11. 2. 0. 0. 0. 0. 0. 0. 0. 0. 2.
    0. 0. 0. 0. 0. 2. 26. 12. 0. 0. 0. 0. 0. 7. 34. 3. 0. 0. 0. 0. 1. 5.
    7. 1. 23. 5. 1. 1. 0. 0. 0. 9. 131. 7. 0. 0. 2. 27. 110. 134. 9. 0.
    0. 0. 46. 137. 137. 24. 0. 0. 0. 0. 24. 56. 24. 0. 41. 7. 1. 2. 3.
    2. 1. 5. 137. 45. 5. 8. 15. 15. 11. 41. 56. 12. 15. 95. 134. 137.
    30. 12. 0. 0. 13. 74. 48. 88. 28. 0. 17. 6. 0. 0. 0. 1. 1. 3. 118.
    133. 67. 17. 3. 0. 0. 4. 11. 34. 103. 137. 39. 0. 0. 0. 0. 0. 19.
    79. 8. 0. 0. 0. 13. 3. 1. 1. 0. 0. 0. 4. 101. 4. 0. 0. 2. 21. 78.
    103. 9. 0. 0. 0. 40. 138. 112. 24. 0. 0. 0. 1. 18. 39. 15. 0. 33. 4.
    1. 2. 3. 2. 1. 7. 138. 41. 7. 11. 18. 15. 13. 64. 63. 12. 20. 110.
    138. 138. 33. 17. 0. 0. 14. 64. 50. 93. 23. 0. 18. 7. 0. 0. 0. 0. 0.
    3. 136. 138. 93. 27. 4. 0. 0. 8. 14. 40. 138. 138. 39. 1. 0. 0. 0.
    0. 26. 88. 10. 1. 0. 0. 0. 1. 0. 0. 0. 0. 0. 0. 0. 13. 20. 2. 0. 0.
    0. 0. 0. 3. 28. 12. 0. 0. 0. 0. 0. 0. 3. 2. 0. 0. 0. 0. 3. 19. 130.
    101. 9. 1. 0. 0. 130. 26. 44. 60. 18. 1. 0. 8. 112. 1. 0. 0. 0. 0.
    0. 10. 0. 0. 0. 2. 19. 0. 0. 0. 29. 9. 81. 56. 19. 11. 5. 4. 130.
    34. 20. 7. 0. 0. 1. 18. 125. 21. 6. 0. 0. 0. 0. 8. 0. 1. 2. 3. 31.
    0. 0. 0. 14. 1. 8. 1. 15. 52. 130. 15. 130. 67. 17. 3. 0. 2. 68. 47.
    37. 130. 115. 4. 0. 0. 1. 1. 0. 51. 93. 12. 21. 0. 0. 0. 0. 3. 88.
    13. 2. 8. 39. 1. 3. 9. 130. 24. 3. 4. 28. 8. 4. 35. 120. 16. 0. 0.
    1. 2. 0. 50. 114. 9. 1. 0. 0. 0. 3. 1. 1. 2. 0. 0. 0. 0. 139. 3. 1.
    1. 0. 0. 0. 53. 139. 0. 0. 0. 0. 0. 0. 47. 1. 0. 0. 0. 0. 0. 1. 1.
    10. 7. 6. 35. 9. 0. 0. 0. 139. 50. 18. 12. 1. 0. 0. 32. 123. 23.
    102. 14. 0. 0. 0. 23. 0. 0. 137. 28. 0. 0. 1. 0. 10. 6. 2. 19. 30.
    37. 4. 0. 118. 135. 94. 6. 4. 25. 6. 3. 40. 57. 139. 37. 5. 12. 9.
    22. 2. 1. 139. 81. 27. 22. 5. 3. 0. 0. 0. 0. 1. 25. 4. 0. 13. 8. 12.
    0. 1. 57. 21. 11. 130. 15. 13. 1. 23. 30. 19. 61. 18. 2. 4. 6. 121.
    78. 8. 12. 0. 0. 0. 1. 0. 0. 0. 0. 21. 5. 4. 4. 0. 0. 0. 2. 138. 9.
    2. 14. 31. 0. 1. 31. 21. 0. 29. 125. 138. 3. 3. 7. 0. 0. 0. 7. 8. 1.
    0. 0. 38. 21. 21. 54. 26. 5. 1. 3. 138. 41. 10. 14. 66. 6. 2. 8. 19.
    1. 1. 28. 138. 65. 96. 9. 0. 0. 0. 1. 10. 7. 0. 0. 42. 3. 2. 10. 35.
    49. 19. 27. 138. 29. 2. 2. 13. 8. 11. 65. 61. 6. 0. 1. 20. 28. 138.
    138. 0. 0. 0. 0. 0. 1. 0. 0. 21. 1. 0. 0. 0. 7. 7. 12. 138. 10. 0.
    0. 0. 0. 2. 108. 128. 1. 0. 0. 0. 0. 3. 132. 0. 0. 0. 1. 1. 0. 0. 0.
    0. 0. 6. 34. 17. 0. 0. 1. 7. 17. 32. 19. 5. 0. 14. 41. 6. 9. 3. 0.
    0. 0. 61. 46. 0. 0. 0. 3. 7. 1. 1. 0. 20. 1. 1. 35. 55. 9. 13. 12.
    127. 19. 2. 8. 8. 1. 51. 127. 39. 10. 0. 0. 0. 0. 127. 127. 5. 0. 0.
    1. 3. 3. 23. 50. 10. 0. 4. 25. 20. 26. 127. 59. 127. 123. 14. 31.
    13. 15. 54. 31. 127. 127. 1. 0. 0. 0. 13. 16. 45. 24. 14. 15. 1. 0.
    7. 48. 6. 4. 42. 127. 14. 7. 35. 30. 45. 87. 50. 102. 10. 6. 36. 9.
    127. 127. 2. 0. 0. 0. 5. 6. 5. 0. 0. 0. 0. 1. 7. 12. 4. 1. 1. 7. 6.
    21. 35. 18. 31. 2. 3. 5. 2. 6. 75. 124. 4. 1. 0. 0. 0. 48. 129. 28.
    25. 13. 4. 1. 1. 0. 13. 22. 25. 19. 34. 35. 8. 25. 59. 24. 129. 36.
    10. 6. 1. 6. 34. 80. 63. 2. 0. 0. 22. 58. 79. 25. 15. 21. 6. 0. 0.
    0. 83. 116. 9. 13. 15. 15. 10. 67. 129. 84. 129. 14. 6. 10. 8. 38.
    68. 58. 96. 4. 0. 0. 47. 4. 0. 2. 14. 95. 89. 2. 1. 1. 9. 25. 5. 64.
    129. 72. 7. 10. 13. 14. 129. 80. 62. 43. 7. 8. 4. 2. 78. 18. 2. 1.
    31. 2. 0. 0. 123. 21. 4. 0. 0. 0. 4. 50. 35. 10. 53. 18. 0. 0. 29.
    40. 0. 1. 90. 42. 1. 0. 18. 9. 0. 0. 90. 103. 12. 1. 3. 1. 90. 123.
    63. 7. 1. 1. 0. 1. 24. 48. 123. 108. 7. 5. 1. 1. 98. 44. 123. 50. 7.
    17. 11. 28. 7. 2. 50. 82. 90. 113. 13. 9. 31. 39. 15. 2. 1. 8. 8.
    11. 56. 26. 32. 28. 20. 44. 9. 11. 123. 123. 12. 11. 8. 14. 8. 21.
    15. 43. 7. 50. 123. 56. 5. 5. 8. 10. 1. 0. 0. 1. 1. 2. 8. 21. 24.
    15. 4. 3. 0. 1. 28. 105. 14. 11. 2. 1. 0. 0. 10. 54. 30. 51. 64. 2.
    0. 0. 40. 47. 6. 0. 0. 0. 22. 43. 17. 58. 29. 4. 2. 33. 123. 57. 93.
    7. 16. 7. 3. 49. 77. 96. 75. 0. 0. 14. 50. 20. 12. 61. 11. 69. 18.
    1. 3. 4. 8. 9. 25. 123. 123. 12. 5. 19. 14. 13. 123. 85. 83. 9. 2.
    8. 7. 32. 80. 7. 2. 51. 123. 0. 0. 16. 22. 15. 2. 0. 0. 4. 8. 14.
    32. 24. 37. 7. 4. 47. 42. 26. 123. 123. 70. 2. 0. 4. 12. 31. 26. 71.
    105. 92. 89. 0. 0. 1. 3. 11. 4. 0. 0. 0. 0. 0. 1. 13. 41. 9. 1. 2.
    2. 0. 3. 60. 70. 4. 1. 1. 3. 2. 0. 35. 99. 31. 4. 0. 0. 0. 1. 0. 1.
    2. 2. 4. 5. 2. 22. 1. 2. 2. 2. 7. 19. 46. 3. 0. 0. 0. 15. 50. 33.
    18. 0. 0. 0. 0. 3. 7. 4. 0. 17. 4. 2. 16. 26. 18. 17. 18. 114. 16.
    3. 7. 15. 23. 15. 114. 23. 4. 1. 15. 114. 114. 26. 41. 2. 3. 0. 6.
    27. 28. 20. 2. 44. 10. 1. 13. 29. 24. 80. 57. 114. 33. 4. 12. 14.
    12. 114. 114. 24. 13. 3. 39. 114. 77. 114. 15. 3. 4. 1. 11. 46. 83.
    88. 5. 114. 23. 13. 0. 0. 1. 39. 87. 13. 10. 75. 1. 0. 3. 114. 58.
