<?xml version="1.0"?>
<opencv_storage>
<keypoints type_id="opencv-matrix">
  <rows>99</rows>
  <cols>7</cols>
  <dt>d</dt>
  <data>
    3.6110949516296387e+00 6.3884101867675781e+01 1.8008915185928345e+00
    4.7137420654296875e+01 4.5057788491249084e-02 197119. -1.
    3.6110949516296387e+00 6.3884101867675781e+01 1.8008915185928345e+00
    2.6147882080078125e+02 4.5057788491249084e-02 197119. -1.
    3.7311153411865234e+00 8.5586418151855469e+01 1.9382600784301758e+00
    1.4943510437011719e+02 7.4266515672206879e-02 5505535. -1.
    3.7311153411865234e+00 8.5586418151855469e+01 1.9382600784301758e+00
    3.4257275390625000e+02 7.4266515672206879e-02 5505535. -1.
    4.5310354232788086e+00 7.9328453063964844e+01 2.1103706359863281e+00
    2.4346447753906250e+02 2.8050499036908150e-02 11665919. -1.
    6.7039065361022949e+00 8.5819984436035156e+01 1.8653453588485718e+00
    1.5139402770996094e+02 3.9029881358146667e-02 2753023. -1.
    7.9293308258056641e+00 1.6023572921752930e+01 3.0471434593200684e+00
    3.4821838378906250e+01 3.4987933933734894e-02 4785151. -1.
    9.8213453292846680e+00 1.2461876869201660e+01 1.8549715280532837e+00
    1.0244180297851563e+02 4.9294020980596542e-02 2359807. -1.
    9.8213453292846680e+00 1.2461876869201660e+01 1.8549715280532837e+00
    3.2098464965820313e+02 4.9294020980596542e-02 2359807. -1.
    9.8341083526611328e+00 1.9462245941162109e+01 2.0422906875610352e+00
    3.7119476318359375e+01 8.5411712527275085e-02 9306623. -1.
    9.8341083526611328e+00 1.9462245941162109e+01 2.0422906875610352e+00
    2.5842343139648438e+02 8.5411712527275085e-02 9306623. -1.
    1.1714221000671387e+01 9.0068588256835938e+00 3.3150250911712646e+00
    1.9806060791015625e+01 2.5471726432442665e-02 10879999. -1.
    1.1714221000671387e+01 9.0068588256835938e+00 3.3150250911712646e+00
    1.0061672973632813e+02 2.5471726432442665e-02 10879999. -1.
    1.1887813568115234e+01 2.2781471252441406e+01 2.9400975704193115e+00
    3.3988864135742188e+02 3.7811551243066788e-02 2229247. -1.
    1.2548124313354492e+01 7.0108230590820313e+01 3.2643661499023438e+00
    3.1157348632812500e+01 3.7746891379356384e-02 9765887. -1.
    1.2998787879943848e+01 1.1938547134399414e+01 1.9474798440933228e+00
    1.2514404296875000e+02 3.0994111672043800e-02 5833215. -1.
    1.2998787879943848e+01 1.1938547134399414e+01 1.9474798440933228e+00
    3.5476388549804688e+02 3.0994111672043800e-02 5833215. -1.
    1.3065724372863770e+01 7.8344612121582031e+01 5.2726597785949707e+00
    3.3992596435546875e+02 4.6772219240665436e-02 11076096. -1.
    1.3172617912292480e+01 2.0026988983154297e+01 1.8739073276519775e+00
    1.6719177246093750e+01 4.7968782484531403e-02 3080703. -1.
    1.3276357650756836e+01 7.4964003562927246e+00 2.1449735164642334e+00
    2.2066589355468750e+01 2.0970333367586136e-02 12845567. -1.
    1.5661840438842773e+01 9.7201509475708008e+00 2.4716851711273193e+00
    1.5795135498046875e+01 4.1365962475538254e-02 6357759. -1.
    1.5661840438842773e+01 9.7201509475708008e+00 2.4716851711273193e+00
    1.6044470214843750e+02 4.1365962475538254e-02 6357759. -1.
    1.5736535072326660e+01 2.2782392501831055e+01 2.3227796554565430e+00
    3.4068133544921875e+02 8.5990019142627716e-02 1901311. -1.
    1.6348409652709961e+01 5.9864898681640625e+01 3.4546277523040771e+00
    7.0611785888671875e+01 2.1945616230368614e-02 13894655. -1.
    1.7035730361938477e+01 6.5387245178222656e+01 4.1620154380798340e+00
    4.3371398925781250e+01 3.8210503756999969e-02 10682624. -1.
    1.8348293304443359e+01 1.2103239059448242e+01 1.8495283126831055e+00
    8.6200622558593750e+01 2.4642692878842354e-02 2097663. -1.
    1.8348293304443359e+01 1.2103239059448242e+01 1.8495283126831055e+00
    1.7768005371093750e+02 2.4642692878842354e-02 2097663. -1.
    1.8406270980834961e+01 2.0164180755615234e+01 2.0136382579803467e+00
    1.6883140563964844e+02 4.7848805785179138e-02 8258047. -1.
    1.8406270980834961e+01 2.0164180755615234e+01 2.0136382579803467e+00
    3.1592016601562500e+02 4.7848805785179138e-02 8258047. -1.
    1.9545190811157227e+01 4.3362438201904297e+01 6.4294519424438477e+00
    2.7083801269531250e+01 1.8902344629168510e-02 8717056. -1.
    1.9617609024047852e+01 8.7789611816406250e+00 3.1870024204254150e+00
    8.2040374755859375e+01 2.5438586249947548e-02 8061951. -1.
    1.9617609024047852e+01 8.7789611816406250e+00 3.1870024204254150e+00
    1.5790937805175781e+02 2.5438586249947548e-02 8061951. -1.
    2.0217533111572266e+01 2.3385463714599609e+01 3.4077446460723877e+00
    3.2734802246093750e+01 5.4714318364858627e-02 12911615. -1.
    2.1670900344848633e+01 1.9600395202636719e+01 1.8645629882812500e+00
    1.4005047607421875e+02 8.3606496453285217e-02 2687487. -1.
    2.1670900344848633e+01 1.9600395202636719e+01 1.8645629882812500e+00
    3.1677880859375000e+02 8.3606496453285217e-02 2687487. -1.
    2.1787464141845703e+01 1.2147017478942871e+01 2.0561292171478271e+00
    7.7945281982421875e+01 3.9771866053342819e-02 9765375. -1.
    2.1787464141845703e+01 1.2147017478942871e+01 2.0561292171478271e+00
    2.0815942382812500e+02 3.9771866053342819e-02 9765375. -1.
    2.2573600769042969e+01 2.2457700729370117e+01 2.0620076656341553e+00
    3.6757781982421875e+01 4.9850147217512131e-02 9961983. -1.
    2.4419181823730469e+01 1.6863828659057617e+01 3.3194222450256348e+00
    3.5809521484375000e+02 4.6637162566184998e-02 11011071. -1.
    2.6917560577392578e+01 4.5212127685546875e+01 2.1432883739471436e+00
    4.1335357666015625e+01 7.2122931480407715e-02 12780031. -1.
    2.7120023727416992e+01 4.0568973541259766e+01 2.0295560359954834e+00
    9.2801208496093750e+00 4.9320966005325317e-02 8847871. -1.
    2.7178339004516602e+01 6.8109436035156250e+01 3.1366260051727295e+00
    8.8439666748046875e+01 3.4992173314094543e-02 6882303. -1.
    2.7570468902587891e+01 7.2906112670898438e+01 3.2610611915588379e+00
    8.8894897460937500e+01 5.3101319819688797e-02 9700351. -1.
    2.8560552597045898e+01 1.1425516128540039e+01 2.6858110427856445e+00
    3.0789794921875000e+00 4.9141451716423035e-02 12387071. -1.
    2.8760841369628906e+01 8.1791694641113281e+01 4.8378791809082031e+00
    1.0274255371093750e+02 3.1775012612342834e-02 4850176. -1.
    2.9385295867919922e+01 6.3950145721435547e+01 8.8190145492553711e+00
    3.2710729980468750e+02 4.6191439032554626e-02 14811393. -1.
    3.3559509277343750e+01 5.5869472503662109e+01 2.7024834156036377e+00
    3.2329711914062500e+02 4.1281655430793762e-02 12845823. -1.
    3.4355270385742188e+01 5.3481975555419922e+01 5.0879378318786621e+00
    3.2339263916015625e+02 3.8911476731300354e-02 8454656. -1.
    3.5810253143310547e+01 4.5255825042724609e+01 3.0448396205902100e+00
    1.0054959106445313e+02 7.6564893126487732e-02 4785151. -1.
    3.5810253143310547e+01 4.5255825042724609e+01 3.0448396205902100e+00
    1.1954522705078125e+02 7.6564893126487732e-02 4785151. -1.
    3.5810253143310547e+01 4.5255825042724609e+01 3.0448396205902100e+00
    3.4905563354492188e+02 7.6564893126487732e-02 4785151. -1.
    3.6007255554199219e+01 6.0178043365478516e+01 2.0389823913574219e+00
    3.2272760009765625e+02 3.9498001337051392e-02 9175551. -1.
    3.7134475708007813e+01 1.8397544860839844e+01 3.2818620204925537e+00
    7.2484497070312500e+01 1.5716757625341415e-02 10159103. -1.
    3.7854854583740234e+01 3.3721591949462891e+01 1.1766110420227051e+01
    8.8168304443359375e+01 2.5995073840022087e-02 2294529. -1.
    3.8530986785888672e+01 8.1750160217285156e+01 3.3893399238586426e+00
    1.1685522460937500e+02 4.2424619197845459e-02 12518399. -1.
    3.9543102264404297e+01 4.3607284545898438e+01 3.0113751888275146e+00
    9.5768157958984375e+01 5.5743388831615448e-02 3933183. -1.
    4.1274097442626953e+01 3.8012882232666016e+01 5.2968845367431641e+00
    8.8084503173828125e+01 2.4208461865782738e-02 11403776. -1.
    4.4703022003173828e+01 5.3713066101074219e+01 1.6740262985229492e+01
