<?xml version="1.0"?>
<opencv_storage>
<keypoints type_id="opencv-matrix">
  <rows>21</rows>
  <cols>7</cols>
  <dt>d</dt>
  <data>
    9.0144548416137695e+00 8.7012996673583984e+00 2.1919610500335693e+00
    2.8252868652343750e+00 1.2465339154005051e-01 14418431. -1.
    9.7843599319458008e+00 2.5632915496826172e+01 3.4227719306945801e+00
    2.4103320312500000e+02 1.2270686030387878e-01 13239295. -1.
    9.7843599319458008e+00 2.5632915496826172e+01 3.4227719306945801e+00
    3.5817077636718750e+02 1.2270686030387878e-01 13239295. -1.
    1.4230219841003418e+01 1.1546466827392578e+01 2.2304568290710449e+00
    1.1811668395996094e+02 1.1946637183427811e-01 15663615. -1.
    1.4230219841003418e+01 1.1546466827392578e+01 2.2304568290710449e+00
    3.0626623535156250e+02 1.1946637183427811e-01 15663615. -1.
    1.4448196411132813e+01 1.1706668853759766e+01 2.3302390575408936e+00
    1.1641633605957031e+02 1.1884065717458725e-01 2097919. -1.
    1.5717986106872559e+01 2.2827281951904297e+01 2.5838162899017334e+00
    6.0783660888671875e+01 1.0709343850612640e-01 9569023. -1.
    1.5717986106872559e+01 2.2827281951904297e+01 2.5838162899017334e+00
    2.3889962768554688e+02 1.0709343850612640e-01 9569023. -1.
    2.3304344177246094e+01 1.7528003692626953e+01 4.0746426582336426e+00
    1.7749804687500000e+02 9.8386563360691071e-02 9109760. -1.
    2.3558013916015625e+01 1.8760393142700195e+01 1.1153471946716309e+01
    9.1465240478515625e+01 5.7062435895204544e-02 15139329. -1.
    2.3558013916015625e+01 1.8760393142700195e+01 1.1153471946716309e+01
    1.0631959533691406e+02 5.7062435895204544e-02 15139329. -1.
    2.4338172912597656e+01 8.5679750442504883e+00 2.2960824966430664e+00
    7.5964050292968750e+00 1.2793242931365967e-01 1049343. -1.
    2.4338172912597656e+01 8.5679750442504883e+00 2.2960824966430664e+00
    1.6562394714355469e+02 1.2793242931365967e-01 1049343. -1.
    2.5036390304565430e+01 2.5911045074462891e+01 3.2570652961730957e+00
    2.4208100891113281e+02 1.2075201421976089e-01 9634815. -1.
    3.0102344512939453e+01 2.3573297500610352e+01 2.5069961547851563e+00
    6.1127258300781250e+01 1.0654822736978531e-01 7406335. -1.
    3.0102344512939453e+01 2.3573297500610352e+01 2.5069961547851563e+00
    2.3904190063476563e+02 1.0654822736978531e-01 7406335. -1.
    3.0409513473510742e+01 1.1759665489196777e+01 2.4124853610992432e+00
    1.1392163085937500e+02 1.1930151283740997e-01 4653823. -1.
    3.0409513473510742e+01 1.1759665489196777e+01 2.4124853610992432e+00
    3.0765844726562500e+02 1.1930151283740997e-01 4653823. -1.
    3.4440105438232422e+01 2.1016036987304688e+01 2.5374748706817627e+00
    2.4011201477050781e+02 1.0335077345371246e-01 8258303. -1.
    3.8915500640869141e+01 1.7595054626464844e+01 3.4067287445068359e+00
    1.2363655090332031e+02 1.2033314257860184e-01 12911615. -1.
    3.8915500640869141e+01 1.7595054626464844e+01 3.4067287445068359e+00
    2.3703063964843750e+02 1.2033314257860184e-01 12911615. -1.</data></keypoints>
<descriptors type_id="opencv-matrix">
  <rows>21</rows>
  <cols>128</cols>
  <dt>f</dt>
  <data>
    1. 0. 0. 0. 0. 0. 0. 2. 3. 0. 0. 0. 0. 7. 27. 18. 0. 0. 0. 0. 0. 20.
    15. 1. 0. 0. 0. 0. 0. 1. 0. 0. 25. 0. 0. 0. 0. 0. 0. 5. 154. 1. 0.
    0. 5. 51. 66. 98. 13. 0. 0. 0. 54. 154. 63. 21. 0. 0. 0. 0. 4. 38.
    58. 10. 37. 2. 0. 0. 0. 0. 0. 0. 154. 17. 0. 0. 25. 15. 6. 17. 82.
    14. 2. 4. 154. 100. 19. 34. 36. 50. 7. 2. 11. 86. 126. 56. 23. 2. 0.
    0. 0. 0. 0. 0. 154. 21. 0. 0. 20. 2. 0. 0. 77. 25. 8. 12. 154. 15.
    0. 1. 13. 153. 67. 8. 35. 7. 7. 3. 1. 0. 0. 0. 0. 0. 0. 2. 1. 0. 0.
    0. 0. 4. 25. 15. 0. 0. 0. 0. 0. 15. 21. 1. 0. 0. 0. 0. 0. 2. 1. 0.
    26. 0. 0. 0. 0. 0. 0. 10. 137. 5. 1. 2. 0. 29. 99. 125. 11. 2. 6. 7.
    3. 137. 137. 19. 0. 0. 1. 0. 0. 106. 57. 0. 48. 2. 0. 0. 0. 0. 1. 1.
    137. 32. 7. 22. 21. 5. 7. 18. 34. 54. 112. 88. 63. 78. 37. 5. 1. 86.
    56. 1. 1. 137. 82. 0. 26. 1. 0. 0. 0. 20. 65. 23. 137. 13. 0. 3. 52.
    12. 19. 24. 26. 23. 25. 23. 137. 23. 18. 17. 15. 93. 37. 6. 6. 7.
    33. 64. 38. 0. 0. 0. 0. 0. 0. 2. 138. 0. 0. 3. 64. 5. 0. 13. 23. 19.
    13. 18. 138. 27. 31. 29. 46. 80. 20. 3. 2. 3. 37. 92. 55. 1. 0. 0.
    0. 0. 0. 2. 138. 21. 8. 6. 22. 28. 9. 28. 27. 5. 41. 88. 52. 83.
    114. 61. 10. 11. 96. 135. 0. 1. 46. 78. 28. 10. 0. 0. 0. 0. 0. 0.
    138. 126. 102. 33. 1. 2. 1. 3. 9. 17. 138. 138. 3. 5. 5. 1. 16. 12.
    55. 91. 0. 0. 0. 0. 1. 2. 0. 0. 0. 0. 0. 0. 1. 14. 26. 4. 0. 0. 0.
    0. 0. 1. 19. 14. 0. 0. 0. 0. 1. 2. 1. 1. 0. 0. 0. 0. 26. 4. 39. 43.
    0. 0. 0. 0. 140. 8. 6. 6. 27. 0. 0. 4. 34. 2. 3. 30. 140. 1. 0. 1.
    0. 55. 22. 7. 28. 0. 0. 0. 40. 1. 1. 1. 0. 0. 0. 1. 140. 14. 3. 9.
    34. 0. 0. 4. 37. 4. 3. 35. 140. 4. 5. 4. 0. 1. 0. 1. 35. 3. 38. 57.
    26. 7. 0. 0. 0. 0. 0. 2. 129. 82. 36. 20. 7. 0. 5. 36. 10. 13. 27.
    60. 74. 7. 78. 104. 0. 0. 23. 37. 6. 2. 102. 140. 18. 2. 0. 0. 0. 0.
    0. 8. 82. 23. 20. 9. 0. 0. 8. 122. 6. 4. 75. 100. 0. 0. 35. 92. 0.
    0. 83. 136. 0. 0. 9. 14. 0. 0. 3. 13. 0. 0. 43. 133. 0. 0. 11. 114.
    27. 8. 45. 108. 0. 0. 1. 75. 97. 25. 10. 3. 0. 0. 0. 1. 6. 2. 0. 0.
    4. 2. 50. 133. 0. 0. 19. 75. 75. 7. 46. 133. 11. 16. 31. 48. 10. 0.
    0. 20. 122. 99. 38. 17. 0. 0. 0. 0. 23. 8. 0. 0. 18. 6. 34. 125. 0.
    0. 0. 1. 133. 40. 7. 11. 20. 8. 3. 17. 48. 7. 0. 0. 133. 66. 3. 7.
    0. 0. 0. 0. 47. 11. 1. 3. 10. 2. 1. 5. 0. 34. 29. 1. 133. 26. 0. 0.
    8. 5. 5. 6. 66. 7. 0. 0. 133. 45. 3. 3. 0. 0. 0. 0. 46. 18. 27. 65.
    15. 9. 88. 58. 0. 0. 0. 1. 135. 29. 26. 13. 10. 0. 0. 5. 50. 6. 9.
    61. 135. 0. 0. 1. 0. 87. 45. 22. 36. 1. 0. 0. 39. 1. 7. 3. 0. 0. 0.
    1. 135. 11. 2. 6. 18. 0. 0. 9. 53. 5. 2. 40. 135. 4. 4. 3. 1. 9. 3.
    5. 60. 5. 34. 40. 32. 5. 0. 0. 0. 0. 0. 1. 135. 81. 15. 12. 5. 0. 2.
    23. 17. 22. 18. 49. 87. 13. 69. 65. 0. 0. 14. 21. 12. 6. 119. 135.
    23. 2. 0. 0. 0. 0. 0. 9. 97. 26. 15. 4. 0. 0. 3. 104. 11. 7. 71. 73.
    0. 0. 34. 86. 0. 0. 89. 124. 0. 0. 15. 18. 8. 8. 80. 100. 0. 0. 7.
    22. 107. 72. 55. 28. 19. 0. 0. 1. 15. 34. 61. 75. 92. 3. 2. 0. 2.
    95. 100. 16. 13. 2. 6. 5. 34. 3. 22. 45. 2. 28. 15. 2. 140. 12. 3.
    3. 42. 5. 2. 5. 32. 5. 6. 12. 140. 19. 0. 1. 0. 31. 44. 6. 26. 1. 0.
    0. 12. 17. 9. 0. 0. 134. 96. 8. 140. 8. 0. 0. 39. 26. 54. 66. 26. 1.
    0. 2. 140. 15. 1. 7. 0. 0. 0. 1. 37. 1. 0. 0. 0. 125. 64. 0. 0. 21.
    22. 2. 10. 84. 48. 8. 29. 15. 41. 41. 2. 4. 12. 27. 140. 19. 2. 5.
    0. 0. 0. 2. 31. 2. 0. 0. 26. 1. 0. 0. 0. 0. 0. 2. 139. 13. 2. 4. 1.
    3. 10. 29. 36. 14. 38. 39. 9. 85. 44. 10. 0. 19. 20. 2. 0. 134. 56.
    0. 34. 1. 0. 0. 0. 0. 1. 2. 139. 9. 1. 6. 24. 1. 0. 9. 43. 27. 53.
    70. 139. 4. 0. 1. 0. 139. 88. 9. 11. 22. 9. 0. 27. 1. 0. 0. 0. 38.
    46. 7. 139. 11. 0. 2. 34. 4. 6. 17. 39. 3. 2. 13. 139. 7. 3. 3. 2.
    36. 16. 3. 31. 2. 21. 38. 12. 3. 8. 6. 2. 101. 91. 15. 86. 3. 2. 0.
    19. 34. 57. 79. 15. 0. 0. 3. 111. 68. 58. 27. 0. 0. 8. 19. 7. 6. 85.
    97. 1. 2. 6. 3. 0. 0. 60. 111. 4. 16. 10. 2. 30. 52. 102. 93. 0. 0.
    0. 0. 55. 96. 63. 32. 2. 4. 5. 1. 1. 4. 74. 110. 11. 13. 52. 82. 27.
    17. 30. 50. 111. 68. 46. 16. 22. 31. 17. 28. 16. 2. 11. 48. 82. 83.
    80. 33. 25. 37. 70. 55. 11. 7. 24. 44. 16. 38. 33. 21. 32. 102. 17.
    9. 111. 31. 28. 28. 11. 20. 14. 31. 17. 26. 74. 69. 92. 63. 7. 2.
    45. 18. 22. 19. 19. 70. 33. 27. 2. 73. 70. 3. 3. 7. 1. 1. 29. 82.
    51. 54. 15. 3. 2. 3. 1. 47. 87. 78. 22. 4. 1. 0. 4. 77. 68. 4. 3.
    10. 6. 5. 4. 0. 0. 0. 0. 0. 0. 6. 23. 0. 0. 0. 1. 23. 39. 96. 1. 0.
    0. 0. 8. 103. 35. 14. 0. 0. 0. 0. 0. 3. 0. 0. 40. 2. 0. 0. 0. 0. 0.
    25. 152. 15. 2. 3. 11. 54. 49. 152. 17. 3. 2. 19. 136. 152. 51. 46.
    0. 0. 0. 1. 7. 14. 1. 0. 59. 12. 0. 0. 0. 0. 0. 3. 152. 152. 72. 19.
    16. 5. 4. 34. 19. 35. 90. 124. 152. 33. 5. 8. 0. 0. 1. 7. 16. 3. 0.
    0. 7. 10. 0. 0. 0. 0. 0. 0. 29. 90. 80. 5. 0. 0. 0. 0. 1. 11. 101.
    66. 12. 0. 0. 0. 0. 0. 2. 5. 1. 0. 0. 0. 9. 0. 0. 0. 0. 0. 0. 8. 25.
    0. 0. 0. 0. 41. 58. 65. 0. 0. 0. 0. 0. 77. 42. 3. 0. 0. 0. 0. 0. 0.
