<?xml version="1.0"?>
<opencv_storage>
<keypoints type_id="opencv-matrix">
  <rows>64</rows>
  <cols>7</cols>
  <dt>d</dt>
  <data>
    4.8387317657470703e+00 4.5581619262695313e+01 3.3433759212493896e+00
    1.3886431884765625e+02 4.1758839040994644e-02 11535359. -1.
    4.8923835754394531e+00 5.1389114379882813e+01 3.8802978992462158e+00
    2.3207379150390625e+02 2.2363051772117615e-02 5570816. -1.
    7.2157888412475586e+00 1.3837478637695313e+01 2.4721834659576416e+00
    1.2727343750000000e+02 5.9804636985063553e-02 6423295. -1.
    8.4878969192504883e+00 8.4131568908691406e+01 2.0199406147003174e+00
    1.0862290954589844e+02 5.8688919991254807e-02 8520191. -1.
    1.1444996833801270e+01 1.2429440498352051e+01 2.4881677627563477e+00
    1.0157531738281250e+01 7.7213332056999207e-02 6882047. -1.
    1.1444996833801270e+01 1.2429440498352051e+01 2.4881677627563477e+00
    8.3344482421875000e+01 7.7213332056999207e-02 6882047. -1.
    1.2238891601562500e+01 1.6510746002197266e+01 2.1535787582397461e+00
    6.2988464355468750e+01 7.1407899260520935e-02 13107711. -1.
    1.2238891601562500e+01 1.6510746002197266e+01 2.1535787582397461e+00
    2.9212573242187500e+02 7.1407899260520935e-02 13107711. -1.
    1.4334499359130859e+01 8.5594032287597656e+01 1.9345327615737915e+00
    1.4069795227050781e+02 6.4979083836078644e-02 5374463. -1.
    1.5706870079040527e+01 1.2557903289794922e+01 2.4338529109954834e+00
    1.5590600585937500e+02 6.9650903344154358e-02 5243647. -1.
    1.5858344078063965e+01 8.8378381729125977e+00 2.4627459049224854e+00
    4.0300231933593750e+01 5.0818171352148056e-02 6095615. -1.
    1.5858344078063965e+01 8.8378381729125977e+00 2.4627459049224854e+00
    1.4546197509765625e+02 5.0818171352148056e-02 6095615. -1.
    1.7873737335205078e+01 6.1388816833496094e+01 2.9815957546234131e+00
    5.9848297119140625e+01 2.6068709790706635e-02 3212287. -1.
    1.8989303588867188e+01 1.6478904724121094e+01 2.0632581710815430e+00
    1.1770632934570313e+02 7.4623666703701019e-02 10027519. -1.
    1.8989303588867188e+01 1.6478904724121094e+01 2.0632581710815430e+00
    2.5852081298828125e+02 7.4623666703701019e-02 10027519. -1.
    1.9683624267578125e+01 1.2739462852478027e+01 2.6395494937896729e+00
    1.0259442138671875e+02 7.1337096393108368e-02 11141887. -1.
    1.9683624267578125e+01 1.2739462852478027e+01 2.6395494937896729e+00
    1.6877926635742188e+02 7.1337096393108368e-02 11141887. -1.
    2.0351217269897461e+01 2.4069627761840820e+01 2.6338670253753662e+00
    2.1951637268066406e+02 3.4226249903440475e-02 11010815. -1.
    2.0644495010375977e+01 8.5467666625976563e+01 2.1975233554840088e+00
    1.0443707275390625e+02 3.5648681223392487e-02 14615039. -1.
    2.1092096328735352e+01 8.5111488342285156e+01 3.3459270000457764e+00
    1.1988604736328125e+02 3.6075893789529800e-02 11600895. -1.
    2.3633535385131836e+01 8.0942840576171875e+01 3.2905464172363281e+00
    1.2090792846679688e+02 2.1036483347415924e-02 10355711. -1.
    2.3845863342285156e+01 1.3131280899047852e+01 2.5113797187805176e+00
    1.6975227355957031e+02 4.7027025371789932e-02 7537407. -1.
    2.9469797134399414e+01 7.0438858032226563e+01 4.2761359214782715e+00
    2.0079110717773438e+02 2.3343445733189583e-02 12583168. -1.
    2.9610776901245117e+01 5.4596954345703125e+01 2.5194890499114990e+00
    3.4994461059570313e+02 3.2940547913312912e-02 7799551. -1.
    3.1123720169067383e+01 6.1428466796875000e+01 5.1868839263916016e+00
    3.3153634643554688e+02 4.0250442922115326e-02 9896448. -1.
    3.2573421478271484e+01 7.3203369140625000e+01 1.1398295402526855e+01
    3.2077923583984375e+02 3.2975979149341583e-02 16646657. -1.
    3.3037616729736328e+01 5.2045219421386719e+01 3.3670952320098877e+00
    3.5246313476562500e+02 6.2230613082647324e-02 12059647. -1.
    3.3872795104980469e+01 8.2111473083496094e+01 3.2171852588653564e+00
    2.9685943603515625e+01 1.9680012017488480e-02 8717311. -1.
    3.4778324127197266e+01 5.4919292449951172e+01 5.5219454765319824e+00
    3.3461630249023438e+02 6.3189588487148285e-02 14418432. -1.
    3.6363426208496094e+01 7.4534545898437500e+01 2.0141298770904541e+00
    8.2239959716796875e+01 1.3642263598740101e-02 8323583. -1.
    4.0018806457519531e+01 3.5371047973632813e+01 1.1855559349060059e+01
    5.9988189697265625e+01 2.3383032530546188e-02 2818817. -1.
    4.2478595733642578e+01 3.9451171875000000e+01 1.9934128522872925e+00
    3.0716235351562500e+02 3.9577662944793701e-02 7537151. -1.
    4.4190139770507813e+01 4.1988113403320313e+01 4.2689948081970215e+00
    6.2714721679687500e+01 5.4090898483991623e-02 12517632. -1.
    4.4190139770507813e+01 4.1988113403320313e+01 4.2689948081970215e+00
    9.9518188476562500e+01 5.4090898483991623e-02 12517632. -1.
    4.5617866516113281e+01 7.3015014648437500e+01 1.8139041662216187e+00
    2.8928076171875000e+02 7.7703185379505157e-02 721407. -1.
    4.7433452606201172e+01 2.2346891403198242e+01 2.4793872833251953e+00
    2.3783668518066406e+02 2.7568820863962173e-02 6619903. -1.
    4.7433452606201172e+01 2.2346891403198242e+01 2.4793872833251953e+00
    3.2371969604492188e+02 2.7568820863962173e-02 6619903. -1.
    4.7607818603515625e+01 5.5568538665771484e+01 1.8930646896362305e+01
    3.1188952636718750e+02 8.0820344388484955e-02 3211778. -1.
    4.7826416015625000e+01 7.0566459655761719e+01 2.5466957092285156e+00
    2.5011341857910156e+02 5.1558095961809158e-02 8520447. -1.
    4.7826416015625000e+01 7.0566459655761719e+01 2.5466957092285156e+00
    2.8233493041992188e+02 5.1558095961809158e-02 8520447. -1.
    4.9107559204101563e+01 8.2701728820800781e+01 3.1341950893402100e+00
    1.2601219177246094e+02 3.4585542976856232e-02 6882303. -1.
    4.9107559204101563e+01 8.2701728820800781e+01 3.1341950893402100e+00
    2.8992553710937500e+02 3.4585542976856232e-02 6882303. -1.
    5.0077880859375000e+01 1.7094936370849609e+01 1.2993243217468262e+01
    9.8668823242187500e+01 2.1966649219393730e-02 9437953. -1.
    5.0413356781005859e+01 7.8922492980957031e+01 2.9692378044128418e+00
    2.8881729125976563e+02 3.1782694160938263e-02 2950143. -1.
    5.3716415405273438e+01 6.6539657592773438e+01 3.7386307716369629e+00
    2.3826217651367188e+02 4.2610023170709610e-02 2883840. -1.
    5.4386985778808594e+01 6.0702571868896484e+01 2.0945956707000732e+00
    3.2135314941406250e+01 6.5385200083255768e-02 11141631. -1.
    5.4386985778808594e+01 6.0702571868896484e+01 2.0945956707000732e+00
    2.8916815185546875e+02 6.5385200083255768e-02 11141631. -1.
    5.6578788757324219e+01 4.6854442596435547e+01 4.1882305145263672e+00
    1.1369937133789063e+02 4.9688089638948441e-02 11141376. -1.
    5.6578788757324219e+01 4.6854442596435547e+01 4.1882305145263672e+00
    1.5482894897460938e+02 4.9688089638948441e-02 11141376. -1.
    5.7936412811279297e+01 3.9857036590576172e+01 6.6349024772644043e+00
    1.1159883117675781e+02 3.0201537534594536e-02 10945280. -1.
    5.8251602172851563e+01 2.7545778274536133e+01 1.8785961866378784e+00
    2.9164346313476563e+02 1.4253784902393818e-02 3277311. -1.
    5.9632434844970703e+01 7.9325942993164063e+01 3.2257564067840576e+00
    3.0244021606445313e+02 1.7988918349146843e-02 8913919. -1.
    5.9661026000976563e+01 5.7283103942871094e+01 6.9133653640747070e+00
    1.5853019714355469e+02 4.9102112650871277e-02 13959936. -1.
    6.0426475524902344e+01 2.5463838577270508e+01 3.0042519569396973e+00
    2.2610739135742188e+02 3.1847368925809860e-02 3802111. -1.
    6.0426475524902344e+01 2.5463838577270508e+01 3.0042519569396973e+00
    2.7871255493164063e+02 3.1847368925809860e-02 3802111. -1.
    6.2721660614013672e+01 4.7628387451171875e+01 3.8001976013183594e+00
    1.4833387756347656e+02 5.8184552937746048e-02 4063488. -1.
    6.3564186096191406e+01 2.0962669372558594e+01 1.8292547464370728e+00
    3.2351196289062500e+02 2.0065119490027428e-02 1311231. -1.
    6.4817771911621094e+01 8.5790618896484375e+01 3.2677605152130127e+00
