<?xml version="1.0"?>
<opencv_storage>
<keypoints type_id="opencv-matrix">
  <rows>128</rows>
  <cols>7</cols>
  <dt>d</dt>
  <data>
    3.1715841293334961e+00 1.1836271667480469e+02 2.5035448074340820e+00
    3.0913720703125000e+02 2.5307951495051384e-02 7340799. -1.
    3.4439046382904053e+00 8.6997566223144531e+01 2.8994901180267334e+00
    3.1565664672851563e+02 1.7688797786831856e-02 1246207. -1.
    3.4439046382904053e+00 8.6997566223144531e+01 2.8994901180267334e+00
    3.5635733032226563e+02 1.7688797786831856e-02 1246207. -1.
    6.4444508552551270e+00 9.9163246154785156e+01 4.5083856582641602e+00
    1.3832946777343750e+02 2.5781355798244476e-02 16449792. -1.
    6.8014206886291504e+00 3.1521739959716797e+01 1.8913774490356445e+00
    3.1804003906250000e+02 1.3542064465582371e-02 3736063. -1.
    7.5867514610290527e+00 1.1724614715576172e+02 3.2199807167053223e+00
    1.7617622375488281e+02 2.5481108576059341e-02 8782847. -1.
    7.9710283279418945e+00 8.7118835449218750e+01 4.2434992790222168e+00
    1.5789689636230469e+02 2.0599137991666794e-02 12058880. -1.
    8.1018676757812500e+00 1.2455167388916016e+02 1.8575963973999023e+00
    3.2756134033203125e+02 3.0168412253260612e-02 2425343. -1.
    1.0645402908325195e+01 4.0092609405517578e+01 5.3805856704711914e+00
    3.4548580932617188e+02 2.4587795138359070e-02 12517888. -1.
    1.1229920387268066e+01 1.2604065704345703e+02 2.1574559211730957e+00
    1.9558097839355469e+02 1.6751119866967201e-02 13238783. -1.
    1.1666557312011719e+01 1.1364974975585938e+02 3.6343238353729248e+00
    1.5237640380859375e+02 1.8904885277152061e-02 852224. -1.
    1.2130805015563965e+01 1.1903514099121094e+02 2.0883553028106689e+00
    1.1729705810546875e+01 1.3677114620804787e-02 10879487. -1.
    1.2130805015563965e+01 1.1903514099121094e+02 2.0883553028106689e+00
    1.5102307128906250e+02 1.3677114620804787e-02 10879487. -1.
    1.2235334396362305e+01 2.5187335968017578e+01 3.2380654811859131e+00
    1.1691314697265625e+01 2.5170616805553436e-02 9241599. -1.
    1.4381944656372070e+01 1.5381586074829102e+01 4.0577483177185059e+00
    3.0867004394531250e+00 1.5199479646980762e-02 8847616. -1.
    1.5105269432067871e+01 1.1685600280761719e+02 2.0327644348144531e+00
    8.4457946777343750e+01 2.1947367116808891e-02 8978943. -1.
    1.5105269432067871e+01 1.1685600280761719e+02 2.0327644348144531e+00
    1.8900971984863281e+02 2.1947367116808891e-02 8978943. -1.
    1.7056182861328125e+01 1.1936954498291016e+02 2.2871317863464355e+00
    9.4294799804687500e+01 2.6484290137887001e-02 787199. -1.
    1.7056182861328125e+01 1.1936954498291016e+02 2.2871317863464355e+00
    1.8361962890625000e+02 2.6484290137887001e-02 787199. -1.
    1.7770030975341797e+01 1.0413820648193359e+02 4.0078997611999512e+00
    1.4938085937500000e+02 1.6526324674487114e-02 7930112. -1.
    1.8725841522216797e+01 3.2396495819091797e+01 1.1181403160095215e+01
    3.4023059082031250e+02 3.0002757906913757e-02 15270401. -1.
    1.8924791336059570e+01 1.2174123382568359e+02 1.9021065235137939e+00
    1.1471229553222656e+02 1.9144970923662186e-02 4129279. -1.
    1.8924791336059570e+01 1.2174123382568359e+02 1.9021065235137939e+00
    1.9772514343261719e+02 1.9144970923662186e-02 4129279. -1.
    1.9512931823730469e+01 4.3957984924316406e+01 8.3129224777221680e+00
    3.4159848022460938e+02 2.8082745149731636e-02 10551553. -1.
    1.9829246520996094e+01 1.2634369659423828e+02 4.0502643585205078e+00
    1.2201782226562500e+02 2.5156719610095024e-02 8716544. -1.
    2.0391357421875000e+01 6.1993324279785156e+01 5.0601434707641602e+00
    3.4189605712890625e+02 2.6180386543273926e-02 8061440. -1.
    2.5312734603881836e+01 1.1283899688720703e+02 3.7560398578643799e+00
    1.3927696228027344e+02 1.3508029282093048e-02 3211520. -1.
    2.5913524627685547e+01 6.0331497192382813e+01 2.5671174526214600e+00
    1.4778245544433594e+02 2.5659531354904175e-02 9110271. -1.
    2.7826032638549805e+01 2.4283714294433594e+01 4.5358753204345703e+00
    1.1365875244140625e+02 2.1228685975074768e-02 197120. -1.
    2.7826032638549805e+01 2.4283714294433594e+01 4.5358753204345703e+00
    1.8836280822753906e+02 2.1228685975074768e-02 197120. -1.
    3.1179294586181641e+01 3.1281013488769531e+01 5.5258364677429199e+00
    1.0547131347656250e+02 2.2145502269268036e-02 14418432. -1.
    3.1358989715576172e+01 4.1348155975341797e+01 7.4682860374450684e+00
    1.5638964843750000e+02 3.9121326059103012e-02 2818305. -1.
    3.1358989715576172e+01 4.1348155975341797e+01 7.4682860374450684e+00
    3.3849887084960938e+02 3.9121326059103012e-02 2818305. -1.
    3.2966857910156250e+01 3.4713649749755859e+01 1.9744446277618408e+00
    2.5698852539062500e+02 1.9425591453909874e-02 6881791. -1.
    3.3935894012451172e+01 2.4909429550170898e+01 3.3628749847412109e+00
    9.4100311279296875e+01 2.0251436159014702e-02 11928575. -1.
    3.5974788665771484e+01 5.7531734466552734e+01 2.9339823722839355e+00
    1.3282003784179688e+02 1.4626139774918556e-02 2098175. -1.
    3.6396209716796875e+01 3.3411075592041016e+01 2.5279877185821533e+00
    4.4015747070312500e+01 2.9729945585131645e-02 7996159. -1.
    3.6396209716796875e+01 3.3411075592041016e+01 2.5279877185821533e+00
    2.2582341003417969e+02 2.9729945585131645e-02 7996159. -1.
    3.6698177337646484e+01 2.8828559875488281e+01 2.9831047058105469e+00
    9.3088806152343750e+01 2.7651626616716385e-02 3277823. -1.
    3.7674854278564453e+01 5.7006335258483887e+00 2.7442481517791748e+00
    1.9227062988281250e+02 1.3767506927251816e-02 13959935. -1.
    3.9657611846923828e+01 3.6094833374023438e+01 3.4339814186096191e+00
    2.9931335449218750e+00 4.2506963014602661e-02 13435903. -1.
    3.9657611846923828e+01 3.6094833374023438e+01 3.4339814186096191e+00
    9.9077026367187500e+01 4.2506963014602661e-02 13435903. -1.
    3.9993511199951172e+01 3.1440738677978516e+01 2.6153740882873535e+00
    9.5887664794921875e+01 3.9128348231315613e-02 10486527. -1.
    4.1459590911865234e+01 3.9988441467285156e+01 6.6331667900085449e+00
    7.9885589599609375e+01 5.3492851555347443e-02 10945280. -1.
    4.1459590911865234e+01 3.9988441467285156e+01 6.6331667900085449e+00
    2.7547338867187500e+02 5.3492851555347443e-02 10945280. -1.
    4.3666133880615234e+01 7.1579322814941406e+01 5.4351763725280762e+00
    3.2659020996093750e+02 2.0148623734712601e-02 13238784. -1.
    4.3979545593261719e+01 2.8907442092895508e+01 3.2866075038909912e+00
    8.3527709960937500e+01 2.9328089207410812e-02 10290175. -1.
    4.4018245697021484e+01 3.3609477996826172e+01 2.6733124256134033e+00
    9.8698486328125000e+01 4.1869126260280609e-02 12059391. -1.
    4.4290149688720703e+01 5.3282756805419922e+01 1.2045955657958984e+01
    8.6732177734375000e+00 3.4584056586027145e-02 3932929. -1.
    4.5050621032714844e+01 4.5420364379882813e+01 3.3460953235626221e+00
    2.6012023925781250e+02 2.7237128466367722e-02 11600895. -1.
    4.7165485382080078e+01 3.6121204376220703e+01 2.1180164813995361e+00
    8.4956481933593750e+01 2.4030484259128571e-02 11928063. -1.
    5.0367153167724609e+01 9.1826866149902344e+01 1.8757021427154541e+00
    1.4042904663085938e+02 2.3545879870653152e-02 3146239. -1.
    5.0367153167724609e+01 9.1826866149902344e+01 1.8757021427154541e+00
    3.1827304077148438e+02 2.3545879870653152e-02 3146239. -1.
    5.1116531372070313e+01 6.7326759338378906e+01 6.7048773765563965e+00
    1.9888305664062500e+00 1.9638873636722565e-02 11731712. -1.
    5.2516151428222656e+01 9.0653549194335938e+01 1.8596563339233398e+00
    3.1700347900390625e+02 2.0578345283865929e-02 2490879. -1.
    5.2849933624267578e+01 7.1159637451171875e+01 4.8691430091857910e+00
    3.7145996093750000e-01 1.9544033333659172e-02 5308928. -1.
    5.3535717010498047e+01 7.2523117065429688e+01 4.0517873764038086e+00
    3.5793417358398438e+02 1.9744019955396652e-02 8716544. -1.
    5.4018482208251953e+01 9.5858482360839844e+01 3.1075708866119385e+00
