<?xml version="1.0"?>
<opencv_storage>
<keypoints type_id="opencv-matrix">
  <rows>11</rows>
  <cols>7</cols>
  <dt>d</dt>
  <data>
    1.3322316169738770e+01 1.1632711410522461e+01 4.2556800842285156e+00
    4.3378784179687500e+01 1.0386495292186737e-01 12255488. -1.
    1.3322316169738770e+01 1.1632711410522461e+01 4.2556800842285156e+00
    3.1972619628906250e+02 1.0386495292186737e-01 12255488. -1.
    1.9072360992431641e+01 7.8322849273681641e+00 2.1120212078094482e+00
    5.1537353515625000e+01 9.1277942061424255e-02 11731455. -1.
    1.9072360992431641e+01 7.8322849273681641e+00 2.1120212078094482e+00
    2.5948046875000000e+02 9.1277942061424255e-02 11731455. -1.
    1.9666234970092773e+01 7.5242133140563965e+00 2.4194924831390381e+00
    6.9050109863281250e+01 9.0422511100769043e-02 4850431. -1.
    2.4344371795654297e+01 7.6490426063537598e+00 2.9992001056671143e+00
    1.0594993591308594e+02 8.2330122590065002e-02 3671039. -1.
    2.6910169601440430e+01 2.7333757400512695e+01 6.5189790725708008e+00
    6.8569061279296875e+01 6.0471098870038986e-02 9700096. -1.
    3.0130863189697266e+01 2.3510969161987305e+01 2.1673936843872070e+00
    8.7296325683593750e+01 4.5048903673887253e-02 13566463. -1.
    3.4534515380859375e+01 1.7948234558105469e+01 3.1058878898620605e+00
    7.4506591796875000e+01 9.0764805674552917e-02 6226943. -1.
    3.4534515380859375e+01 1.7948234558105469e+01 3.1058878898620605e+00
    2.6615570068359375e+02 9.0764805674552917e-02 6226943. -1.
    4.4778369903564453e+01 2.6003253936767578e+01 3.0329816341400146e+00
    1.8800604248046875e+02 8.7643928825855255e-02 4457471. -1.</data></keypoints>
<descriptors type_id="opencv-matrix">
  <rows>11</rows>
  <cols>128</cols>
  <dt>f</dt>
  <data>
    2. 0. 0. 0. 0. 0. 0. 7. 49. 1. 0. 0. 0. 0. 5. 110. 54. 18. 34. 22.
    10. 7. 38. 116. 17. 24. 17. 7. 71. 79. 31. 6. 39. 3. 0. 0. 0. 0. 0.
    11. 116. 29. 10. 5. 8. 9. 24. 116. 67. 16. 22. 38. 115. 54. 24. 57.
    85. 14. 4. 19. 116. 6. 0. 23. 23. 15. 0. 0. 0. 0. 0. 0. 93. 116.
    110. 10. 4. 1. 1. 7. 112. 46. 116. 56. 45. 7. 1. 14. 106. 5. 1. 24.
    116. 2. 0. 21. 0. 2. 0. 0. 0. 0. 0. 0. 3. 12. 19. 0. 0. 0. 0. 0.
    116. 31. 16. 0. 4. 0. 0. 1. 102. 16. 0. 6. 116. 22. 0. 2. 0. 0. 0.
    0. 0. 0. 0. 2. 0. 0. 0. 0. 0. 0. 23. 16. 0. 0. 0. 0. 0. 13. 40. 5.
    0. 0. 0. 0. 0. 8. 3. 0. 21. 0. 0. 0. 0. 0. 1. 11. 112. 13. 4. 1. 1.
    6. 91. 115. 11. 5. 9. 12. 18. 115. 115. 35. 1. 2. 1. 1. 2. 110. 82.
    1. 19. 1. 0. 0. 0. 0. 113. 45. 115. 65. 39. 8. 1. 5. 101. 51. 20.
    37. 108. 69. 20. 42. 79. 17. 42. 31. 14. 14. 33. 86. 58. 24. 0. 0.
    88. 38. 0. 0. 111. 45. 2. 4. 115. 9. 0. 6. 115. 16. 2. 3. 115. 12.
    0. 15. 92. 12. 13. 3. 92. 77. 17. 3. 21. 25. 2. 0. 0. 0. 0. 0. 0. 4.
    34. 0. 0. 0. 0. 0. 0. 121. 21. 0. 14. 26. 0. 0. 40. 121. 1. 18. 54.
    22. 0. 23. 85. 22. 24. 1. 0. 0. 0. 0. 2. 8. 121. 22. 3. 12. 4. 0. 0.
    120. 39. 7. 31. 121. 66. 3. 0. 58. 61. 69. 90. 77. 10. 4. 0. 0. 25.
    5. 0. 0. 0. 5. 62. 26. 113. 76. 17. 12. 4. 1. 79. 47. 10. 21. 19.
    60. 113. 56. 32. 12. 114. 16. 2. 9. 47. 24. 0. 1. 93. 45. 0. 0. 0.
    1. 35. 29. 49. 10. 1. 0. 4. 6. 121. 63. 0. 1. 1. 4. 121. 57. 49. 12.
    92. 1. 0. 4. 73. 13. 0. 8. 39. 126. 10. 5. 1. 1. 2. 11. 6. 25. 31.
    126. 21. 23. 2. 2. 0. 0. 29. 126. 42. 58. 5. 0. 0. 0. 9. 25. 18. 14.
    2. 0. 56. 126. 21. 7. 13. 18. 0. 0. 55. 63. 38. 82. 12. 37. 35. 21.
    8. 0. 9. 39. 70. 126. 29. 7. 0. 0. 4. 6. 16. 14. 0. 0. 16. 33. 7. 0.
    36. 117. 7. 13. 126. 50. 6. 2. 17. 14. 9. 81. 39. 1. 0. 24. 126. 75.
    5. 13. 0. 0. 0. 6. 62. 8. 0. 0. 4. 18. 7. 0. 12. 123. 58. 33. 44. 0.
    7. 42. 23. 7. 36. 126. 7. 0. 1. 110. 126. 0. 0. 9. 0. 0. 0. 10. 31.
    0. 0. 0. 4. 0. 0. 0. 0. 0. 0. 3. 76. 0. 0. 0. 0. 0. 3. 119. 33. 1.
    20. 35. 1. 1. 71. 119. 2. 28. 37. 14. 3. 73. 81. 9. 25. 1. 0. 0. 0.
    0. 0. 7. 119. 25. 2. 9. 6. 0. 0. 88. 59. 14. 31. 119. 105. 7. 0. 35.
    56. 119. 53. 45. 19. 13. 0. 0. 18. 4. 0. 0. 0. 0. 5. 16. 119. 105.
    9. 6. 4. 0. 13. 53. 23. 39. 14. 32. 98. 78. 29. 30. 78. 59. 1. 3.
    45. 68. 3. 0. 28. 21. 0. 0. 0. 0. 5. 24. 82. 52. 0. 0. 0. 0. 28.
    119. 20. 11. 3. 5. 35. 73. 57. 76. 29. 12. 1. 5. 80. 118. 3. 1. 1.
    0. 0. 0. 0. 0. 0. 2. 3. 0. 0. 0. 0. 0. 17. 58. 2. 8. 0. 0. 0. 9.
    120. 61. 1. 34. 28. 2. 0. 51. 80. 1. 17. 0. 0. 0. 0. 0. 0. 8. 120.
    4. 0. 3. 2. 0. 13. 120. 30. 9. 45. 59. 20. 14. 120. 120. 0. 47. 58.
    9. 1. 120. 101. 1. 25. 6. 0. 0. 0. 0. 0. 1. 120. 109. 2. 5. 9. 0. 0.
    18. 50. 55. 40. 65. 120. 53. 9. 7. 0. 120. 70. 11. 13. 50. 34. 1. 3.
    3. 0. 0. 0. 0. 0. 0. 48. 120. 8. 0. 1. 0. 0. 1. 70. 114. 37. 5. 17.
    23. 15. 19. 24. 14. 3. 4. 9. 81. 96. 27. 32. 1. 0. 0. 0. 6. 36. 38.
    74. 10. 5. 4. 1. 3. 27. 97. 8. 4. 5. 3. 3. 83. 63. 34. 3. 1. 0. 0.
    4. 118. 62. 4. 29. 6. 4. 1. 14. 57. 58. 32. 118. 23. 0. 1. 8. 31.
    22. 62. 54. 7. 1. 1. 8. 59. 83. 77. 24. 2. 0. 4. 65. 118. 49. 49.
    20. 29. 30. 12. 18. 25. 3. 7. 118. 118. 5. 1. 23. 28. 4. 13. 50.
    118. 48. 11. 0. 13. 43. 20. 1. 3. 31. 118. 74. 7. 12. 16. 14. 84.
    49. 7. 3. 2. 0. 0. 15. 118. 21. 1. 13. 32. 8. 2. 11. 114. 88. 50. 1.
    5. 7. 7. 0. 5. 50. 118. 9. 0. 0. 0. 39. 44. 4. 16. 127. 19. 0. 0.
    80. 0. 0. 9. 105. 24. 2. 98. 89. 0. 0. 6. 23. 4. 0. 127. 1. 0. 3.
    85. 119. 32. 1. 7. 23. 112. 58. 64. 48. 0. 0. 1. 127. 10. 8. 39. 46.
    1. 0. 74. 111. 1. 0. 0. 13. 12. 0. 41. 0. 0. 0. 2. 65. 127. 23. 0.
    14. 32. 38. 8. 1. 7. 0. 0. 127. 64. 9. 5. 0. 0. 0. 5. 119. 17. 0. 0.
    0. 1. 0. 2. 0. 0. 0. 0. 1. 24. 12. 0. 8. 2. 0. 0. 17. 60. 0. 0. 127.
    92. 0. 0. 0. 1. 0. 0. 97. 83. 0. 0. 0. 0. 0. 0. 1. 2. 0. 0. 0. 0. 0.
    0. 6. 0. 0. 0. 0. 0. 0. 4. 83. 0. 0. 1. 1. 0. 1. 123. 29. 0. 24. 73.
    13. 0. 25. 123. 2. 14. 114. 44. 2. 7. 39. 15. 29. 1. 0. 0. 0. 1. 2.
    6. 123. 18. 1. 8. 14. 0. 0. 69. 43. 5. 9. 111. 123. 5. 6. 44. 5. 8.
    32. 37. 17. 2. 26. 123. 17. 4. 0. 0. 1. 72. 58. 2. 123. 118. 26. 13.
    8. 14. 2. 2. 67. 38. 31. 42. 63. 5. 6. 88. 28. 0. 1. 17. 45. 15. 12.
    123. 4. 26. 12. 2. 26. 123. 27. 0. 24. 37. 11. 1. 41. 79. 1. 1. 123.
    25. 11. 1. 1. 1. 0. 39. 54. 1. 0. 0. 20. 33. 3. 25. 1. 9. 2. 5. 124.
    27. 0. 0. 3. 12. 0. 2. 124. 63. 21. 2. 11. 124. 17. 0. 4. 29. 14. 0.
    1. 79. 102. 13. 0. 8. 13. 5. 30. 28. 4. 85. 99. 2. 0. 4. 57. 8. 3.
    40. 89. 55. 44. 35. 8. 10. 7. 0. 95. 124. 26. 9. 0. 16. 50. 4. 16.
    7. 0. 0. 21. 5. 6. 124. 43. 2. 5. 18. 124. 19. 5. 43. 40. 8. 4. 52.
    31. 1. 0. 22. 124. 37. 2. 6. 0. 0. 0. 3. 44. 3. 0. 0. 4. 3. 10. 43.
    11. 11. 99. 46. 40. 0. 10. 69. 27. 0. 31. 119. 5. 0. 1. 118. 124. 0.
    0. 5. 0. 0. 0. 7. 18. 0. 0. 0. 3. 0. 0. 0. 0. 0. 0. 3. 86. 12. 0. 0.
    0. 0. 4. 55. 123. 93. 2. 8. 16. 2. 5. 19. 6. 20. 12. 55. 94. 52. 15.
    2. 24. 0. 0. 0. 0. 0. 0. 6. 123. 3. 0. 0. 4. 9. 18. 118. 49. 91. 23.
    9. 65. 42. 25. 42. 3. 123. 59. 3. 18. 46. 32. 3. 28. 5. 0. 0. 0. 0.
    0. 1. 123. 84. 0. 0. 6. 7. 1. 12. 60. 47. 10. 6. 123. 123. 9. 5. 2.
    87. 65. 4. 22. 67. 60. 11. 5. 4. 0. 0. 0. 0. 0. 0. 67. 123. 2. 0. 0.
    0. 0. 0. 25. 123. 53. 0. 6. 53. 11. 0. 0. 16. 76. 6. 1. 47. 97. 11.</data></descriptors>
</opencv_storage>
