<?xml version="1.0"?>
<opencv_storage>
<keypoints type_id="opencv-matrix">
  <rows>92</rows>
  <cols>7</cols>
  <dt>d</dt>
  <data>
    7.1758685302734375e+02 4.5905892944335938e+02 2.0988357067108154e+00
    2.6308084106445313e+02 6.2184482812881470e-02 11272703. -1.
    7.1762048339843750e+02 4.9935836791992188e+02 2.2544245719909668e+00
    1.3933166503906250e+02 4.6472545713186264e-02 16450047. -1.
    7.1762048339843750e+02 4.9935836791992188e+02 2.2544245719909668e+00
    1.6876522827148438e+02 4.6472545713186264e-02 16450047. -1.
    7.1994317626953125e+02 5.0557705688476563e+02 2.8846657276153564e+00
    1.3503660583496094e+02 5.3778957575559616e-02 852991. -1.
    7.2042907714843750e+02 5.0584091186523438e+02 2.6457743644714355e+00
    1.3334669494628906e+02 5.3482882678508759e-02 11338495. -1.
    7.2127752685546875e+02 5.1207983398437500e+02 2.3049542903900146e+00
    1.6564355468750000e+02 5.9310410171747208e-02 1311487. -1.
    7.2308740234375000e+02 5.1772973632812500e+02 1.9370310306549072e+00
    3.0855535888671875e+02 3.8079448044300079e-02 5439999. -1.
    7.2323083496093750e+02 4.9557409667968750e+02 1.1545905113220215e+01
    1.7018893432617188e+02 4.9761220812797546e-02 918273. -1.
    7.2584100341796875e+02 5.0574813842773438e+02 3.9920551776885986e+00
    1.3265844726562500e+02 4.5420747250318527e-02 7667968. -1.
    7.2662878417968750e+02 4.8144509887695313e+02 2.0153951644897461e+01
    1.7912185668945313e+02 5.1632594317197800e-02 7799298. -1.
    7.2953741455078125e+02 5.1390258789062500e+02 1.9617912769317627e+00
    3.0904730224609375e+02 3.5958543419837952e-02 6357503. -1.
    7.2953741455078125e+02 5.1390258789062500e+02 1.9617912769317627e+00
    3.4862112426757813e+02 3.5958543419837952e-02 6357503. -1.
    7.3176159667968750e+02 4.9570364379882813e+02 3.8890538215637207e+00
    4.8730590820312500e+01 2.7102360501885414e-02 5767424. -1.
    7.3235400390625000e+02 5.1341455078125000e+02 4.1988034248352051e+00
    8.5621185302734375e+01 4.6679686754941940e-02 11272448. -1.
    7.3390649414062500e+02 5.0879187011718750e+02 2.5508651733398438e+00
    9.6992187500000000e+00 5.8387648314237595e-02 8651519. -1.
    7.3390649414062500e+02 5.0879187011718750e+02 2.5508651733398438e+00
    9.6993988037109375e+01 5.8387648314237595e-02 8651519. -1.
    7.3666271972656250e+02 4.9895986938476563e+02 2.4402120113372803e+00
    2.5737884521484375e+01 6.3737146556377411e-02 5440255. -1.
    7.3740039062500000e+02 5.0288656616210938e+02 1.0382768630981445e+01
    1.6415460205078125e+02 4.7294791787862778e-02 9961985. -1.
    7.3792779541015625e+02 5.1393426513671875e+02 2.4714391231536865e+00
    2.7848538208007813e+02 6.8135634064674377e-02 6357759. -1.
    7.3796032714843750e+02 5.2453076171875000e+02 1.9989808797836304e+00
    2.7941653442382813e+02 3.9109688252210617e-02 7733759. -1.
    7.3836773681640625e+02 5.1934411621093750e+02 1.9363502264022827e+00
    1.1059548950195313e+02 5.2205782383680344e-02 5439999. -1.
    7.4010650634765625e+02 5.0950292968750000e+02 4.1887044906616211e+00
    1.6027571105957031e+02 6.5091319382190704e-02 11141376. -1.
    7.4082397460937500e+02 4.9488107299804688e+02 3.3996925354003906e+00
    1.2163093566894531e+02 2.5927847251296043e-02 12715007. -1.
    7.4177416992187500e+02 5.1904052734375000e+02 3.2762761116027832e+00
    1.0248699951171875e+02 5.0273511558771133e-02 10028031. -1.
    7.4266894531250000e+02 5.0012899780273438e+02 2.5318241119384766e+00
    1.1290335083007813e+02 7.7179186046123505e-02 8127231. -1.
    7.4266894531250000e+02 5.0012899780273438e+02 2.5318241119384766e+00
    2.1863873291015625e+02 7.7179186046123505e-02 8127231. -1.
    7.4309899902343750e+02 4.9180361938476563e+02 6.5420312881469727e+00
    1.2261167907714844e+02 2.4224713444709778e-02 9962240. -1.
    7.4569256591796875e+02 5.2042352294921875e+02 1.9853363037109375e+00
    8.7389343261718750e+01 5.8796182274818420e-02 7275007. -1.
    7.4598425292968750e+02 5.2685083007812500e+02 2.9073827266693115e+00
    1.0144360351562500e+02 6.7298412322998047e-02 1442815. -1.
    7.4598425292968750e+02 5.2685083007812500e+02 2.9073827266693115e+00
    2.5701879882812500e+02 6.7298412322998047e-02 1442815. -1.
    7.4806304931640625e+02 7.6384912109375000e+02 2.8923089504241943e+00
    3.8397216796875000e-01 9.5928177237510681e-02 1049599. -1.
    7.4806304931640625e+02 7.6384912109375000e+02 2.8923089504241943e+00
    1.3576622009277344e+02 9.5928177237510681e-02 1049599. -1.
    7.4806304931640625e+02 7.6384912109375000e+02 2.8923089504241943e+00
    1.7985864257812500e+02 9.5928177237510681e-02 1049599. -1.
    7.4806304931640625e+02 7.6384912109375000e+02 2.8923089504241943e+00
    2.2173992919921875e+02 9.5928177237510681e-02 1049599. -1.
    7.4814599609375000e+02 5.1225134277343750e+02 5.6380047798156738e+00
    1.6432757568359375e+02 2.9396530240774155e-02 15925760. -1.
    7.4880212402343750e+02 5.2197802734375000e+02 3.2176747322082520e+00
    1.4295468139648438e+02 8.1672251224517822e-02 8782847. -1.
    7.4880212402343750e+02 5.2197802734375000e+02 3.2176747322082520e+00
    1.5684307861328125e+02 8.1672251224517822e-02 8782847. -1.
    7.4880212402343750e+02 5.2197802734375000e+02 3.2176747322082520e+00
    2.5200790405273438e+02 8.1672251224517822e-02 8782847. -1.
    7.4883843994140625e+02 5.0841305541992188e+02 8.1480417251586914e+00
    1.6801602172851563e+02 3.1549710780382156e-02 9109761. -1.
    7.5278637695312500e+02 7.7386596679687500e+02 2.9551718235015869e+00
    1.3097158813476563e+02 6.6219903528690338e-02 2622463. -1.
    7.5416619873046875e+02 6.1365246582031250e+02 8.0590915679931641e+00
    1.8431872558593750e+02 3.1433515250682831e-02 8323329. -1.
    7.5480047607421875e+02 7.6683776855468750e+02 1.9637478590011597e+00
    1.6207681274414063e+02 7.4624694883823395e-02 6488575. -1.
    7.5722308349609375e+02 7.6482189941406250e+02 2.5883684158325195e+00
    2.5115376281738281e+02 7.7171035110950470e-02 9700095. -1.
    7.5722308349609375e+02 7.6482189941406250e+02 2.5883684158325195e+00
    2.9045535278320313e+02 7.7171035110950470e-02 9700095. -1.
    7.5722308349609375e+02 7.6482189941406250e+02 2.5883684158325195e+00
    3.5416302490234375e+02 7.7171035110950470e-02 9700095. -1.
    7.5739611816406250e+02 7.6440692138671875e+02 2.8729057312011719e+00
    2.6971673583984375e+02 7.5993023812770844e-02 525311. -1.
    7.5764782714843750e+02 7.7038006591796875e+02 4.3052053451538086e+00
    1.3512788391113281e+02 8.1640146672725677e-02 13107456. -1.
    7.5764782714843750e+02 7.7038006591796875e+02 4.3052053451538086e+00
    3.2646350097656250e+02 8.1640146672725677e-02 13107456. -1.
    7.5969641113281250e+02 7.4999536132812500e+02 1.9550466537475586e+00
    8.5577636718750000e+01 5.0973366945981979e-02 6160895. -1.
    7.6208880615234375e+02 4.1966635131835938e+02 5.6232936859130859e+01
    1.2542724609375000e+00 6.2079280614852905e-02 15139587. -1.
    7.6208880615234375e+02 4.1966635131835938e+02 5.6232936859130859e+01
    1.7378775024414063e+02 6.2079280614852905e-02 15139587. -1.
    7.6208880615234375e+02 4.1966635131835938e+02 5.6232936859130859e+01
    2.1720948791503906e+02 6.2079280614852905e-02 15139587. -1.
    7.6208880615234375e+02 4.1966635131835938e+02 5.6232936859130859e+01
    3.2323474121093750e+02 6.2079280614852905e-02 15139587. -1.
    7.6209301757812500e+02 1.2002089691162109e+02 1.7716207504272461e+01
    1.8581779479980469e+02 5.9442669153213501e-02 15139074. -1.
    7.6209301757812500e+02 1.2002089691162109e+02 1.7716207504272461e+01
    3.5397866821289063e+02 5.9442669153213501e-02 15139074. -1.
    7.6238043212890625e+02 5.7874975585937500e+02 2.2763990402221680e+01
    2.2122802734375000e+00 5.2862513810396194e-02 16581122. -1.
    7.6238043212890625e+02 5.7874975585937500e+02 2.2763990402221680e+01
    1.7176345825195313e+02 5.2862513810396194e-02 16581122. -1.
    7.6241510009765625e+02 1.8949685668945313e+02 1.2231618499755859e+02
