<?xml version="1.0"?>
<opencv_storage>
<keypoints type_id="opencv-matrix">
  <rows>7</rows>
  <cols>7</cols>
  <dt>d</dt>
  <data>
    1.4678498268127441e+01 2.6273206710815430e+01 5.2942843437194824e+00
    3.3989477539062500e+02 4.8241596668958664e-02 11338240. -1.
    1.7566661834716797e+01 2.1720878601074219e+01 1.9968481063842773e+00
    3.5880673217773438e+02 8.9236892759799957e-02 7668223. -1.
    1.8430255889892578e+01 3.0312337875366211e+01 1.9594888687133789e+00
    5.6337768554687500e+01 6.3287921249866486e-02 6291967. -1.
    2.4886123657226563e+01 2.9686126708984375e+01 2.0682489871978760e+00
    1.9166195678710938e+02 7.1121886372566223e-02 10224127. -1.
    2.5582464218139648e+01 3.4890384674072266e+01 2.9768710136413574e+00
    2.7200817871093750e+02 7.6566524803638458e-02 3146751. -1.
    3.1453594207763672e+01 3.1205791473388672e+01 3.2692394256591797e+00
    1.3420913696289063e+02 7.7216498553752899e-02 9896959. -1.
    3.2973461151123047e+01 2.2928890228271484e+01 2.1572163105010986e+00
    1.9783145141601563e+02 8.2225032150745392e-02 13238783. -1.</data></keypoints>
<descriptors type_id="opencv-matrix">
  <rows>7</rows>
  <cols>128</cols>
  <dt>f</dt>
  <data>
    0. 0. 0. 1. 0. 0. 0. 0. 5. 4. 11. 10. 0. 0. 0. 2. 41. 5. 4. 1. 0. 5.
    55. 88. 5. 1. 1. 1. 1. 75. 135. 30. 0. 0. 0. 8. 15. 2. 0. 0. 50. 30.
    34. 71. 57. 15. 3. 8. 135. 108. 18. 6. 2. 3. 28. 106. 53. 76. 49.
    13. 19. 104. 126. 41. 0. 0. 0. 1. 11. 7. 0. 0. 49. 10. 1. 6. 47. 64.
    45. 96. 135. 58. 4. 1. 2. 9. 35. 135. 30. 70. 45. 74. 40. 16. 16.
    13. 0. 0. 0. 0. 0. 0. 0. 0. 30. 52. 11. 1. 1. 2. 7. 27. 33. 135. 71.
    2. 0. 3. 19. 46. 3. 25. 109. 62. 58. 23. 22. 14. 0. 0. 2. 7. 0. 0.
    0. 0. 71. 23. 6. 6. 0. 0. 1. 29. 119. 80. 0. 0. 0. 0. 35. 103. 11.
    31. 1. 3. 0. 0. 73. 40. 9. 6. 16. 76. 0. 0. 0. 0. 119. 30. 17. 21.
    3. 3. 10. 116. 70. 119. 19. 18. 51. 13. 22. 66. 6. 119. 47. 24. 6.
    1. 1. 0. 16. 21. 15. 106. 3. 1. 0. 0. 119. 119. 58. 11. 2. 1. 1. 20.
    59. 95. 94. 40. 46. 11. 15. 25. 23. 74. 59. 14. 14. 59. 22. 10. 3.
    4. 1. 12. 10. 44. 0. 0. 111. 63. 9. 0. 0. 3. 2. 38. 107. 61. 14. 1.
    5. 12. 33. 79. 45. 41. 1. 6. 23. 58. 10. 7. 33. 53. 53. 24. 6. 3.
    12. 17. 15. 35. 74. 7. 5. 27. 26. 11. 33. 29. 9. 2. 12. 126. 15. 7.
    113. 34. 0. 0. 4. 67. 15. 33. 45. 126. 90. 17. 1. 0. 2. 7. 53. 77.
    126. 51. 6. 9. 9. 7. 126. 74. 24. 9. 13. 60. 9. 14. 36. 50. 9. 10.
    93. 116. 6. 4. 1. 28. 32. 0. 0. 0. 47. 19. 104. 31. 67. 3. 0. 0. 36.
    65. 126. 85. 83. 20. 5. 3. 1. 25. 8. 11. 76. 105. 107. 17. 1. 1. 0.
    0. 0. 0. 0. 0. 75. 26. 13. 5. 1. 0. 0. 0. 46. 38. 18. 30. 54. 8. 0.
    0. 1. 7. 0. 1. 38. 28. 3. 1. 0. 0. 52. 40. 3. 0. 0. 13. 40. 67. 11.
    39. 27. 61. 64. 13. 39. 30. 81. 4. 4. 50. 85. 20. 12. 66. 32. 2. 6.
    96. 26. 36. 29. 46. 5. 21. 18. 44. 29. 77. 33. 10. 15. 31. 73. 115.
    85. 17. 1. 1. 115. 25. 21. 88. 28. 2. 0. 12. 29. 6. 7. 115. 68. 43.
    16. 5. 5. 31. 59. 115. 31. 5. 17. 18. 16. 1. 26. 51. 72. 45. 114.
    30. 115. 20. 4. 9. 22. 44. 37. 34. 21. 22. 11. 17. 35. 77. 12. 5.
    92. 47. 13. 6. 4. 3. 26. 59. 26. 16. 18. 21. 21. 49. 100. 45. 16.
    34. 18. 35. 68. 59. 32. 8. 5. 48. 30. 11. 26. 37. 16. 4. 2. 2. 3. 7.
    1. 0. 0. 0. 106. 17. 3. 2. 0. 1. 10. 56. 51. 17. 11. 6. 12. 124. 79.
    48. 0. 1. 5. 4. 6. 59. 124. 43. 20. 2. 3. 19. 19. 6. 1. 6. 124. 22.
    4. 6. 3. 8. 21. 124. 47. 26. 43. 32. 59. 89. 37. 47. 25. 35. 56. 21.
    18. 31. 25. 24. 20. 2. 0. 0. 8. 14. 6. 8. 124. 124. 8. 2. 2. 5. 7.
    31. 65. 86. 19. 13. 54. 106. 28. 18. 49. 25. 18. 17. 35. 98. 31. 38.
    2. 2. 0. 0. 0. 0. 0. 0. 45. 98. 1. 0. 0. 0. 0. 0. 70. 124. 64. 41.
    11. 9. 5. 7. 3. 30. 61. 124. 53. 18. 3. 1. 0. 2. 11. 2. 0. 0. 0. 0.
    3. 2. 2. 0. 0. 0. 15. 12. 0. 0. 0. 0. 0. 10. 34. 3. 0. 0. 1. 1. 1.
    5. 5. 0. 21. 27. 77. 29. 9. 3. 12. 4. 124. 42. 17. 1. 0. 6. 73. 115.
    16. 6. 5. 5. 8. 120. 124. 42. 1. 1. 3. 3. 21. 124. 93. 4. 23. 6. 9.
    8. 14. 37. 124. 77. 124. 59. 30. 4. 7. 28. 101. 105. 29. 70. 124.
    34. 22. 42. 36. 19. 11. 39. 48. 30. 69. 106. 41. 15. 54. 5. 0. 1.
    30. 54. 49. 65. 25. 29. 26. 19. 42. 59. 55. 44. 11. 16. 40. 28. 49.
    50. 36. 33. 19. 22. 75. 39. 14. 16. 15. 36. 4. 24. 40. 53. 16. 0. 0.
    1. 17. 121. 110. 15. 3. 0. 3. 22. 78. 60. 36. 30. 16. 2. 24. 61. 20.
    7. 6. 11. 15. 35. 98. 44. 17. 0. 1. 38. 38. 18. 8. 14. 121. 20. 3.
    2. 1. 7. 47. 121. 97. 63. 23. 3. 21. 51. 68. 76. 19. 45. 96. 62. 16.
    11. 22. 13. 16. 0. 0. 0. 5. 56. 46. 11. 121. 90. 1. 0. 2. 11. 23.
    48. 47. 99. 13. 2. 39. 91. 53. 24. 3. 12. 21. 7. 4. 24. 121. 60. 1.
    0. 0. 0. 0. 6. 7. 1. 25. 65. 4. 0. 0. 2. 5. 4. 7. 121. 64. 0. 0. 2.
    6. 3. 2. 83. 109. 0. 0. 1. 13. 9.</data></descriptors>
</opencv_storage>
