<?xml version="1.0"?>
<opencv_storage>
<keypoints type_id="opencv-matrix">
  <rows>67</rows>
  <cols>7</cols>
  <dt>d</dt>
  <data>
    2.5838871002197266e+00 7.4404418945312500e+01 2.0967340469360352e+00
    8.9465209960937500e+01 4.0515467524528503e-02 11207167. -1.
    4.8053803443908691e+00 4.0913791656494141e+01 3.3803925514221191e+00
    7.2453857421875000e+01 2.8048003092408180e-02 12321791. -1.
    4.8053803443908691e+00 4.0913791656494141e+01 3.3803925514221191e+00
    2.7616958618164063e+02 2.8048003092408180e-02 12321791. -1.
    5.0395483970642090e+00 5.9929794311523438e+01 2.1849417686462402e+00
    3.5640512084960938e+02 1.7001543194055557e-02 14156287. -1.
    5.1430501937866211e+00 3.4138370513916016e+01 4.0346364974975586e+00
    1.9334671020507813e+02 5.6508306413888931e-02 8388864. -1.
    5.1430501937866211e+00 3.4138370513916016e+01 4.0346364974975586e+00
    2.9019827270507813e+02 5.6508306413888931e-02 8388864. -1.
    9.1913948059082031e+00 1.2797764778137207e+01 4.8577580451965332e+00
    4.8001831054687500e+01 2.6526549831032753e-02 5112320. -1.
    9.6604433059692383e+00 4.2010723114013672e+01 2.5357670783996582e+00
    1.7717123413085938e+02 2.6612663641571999e-02 8258303. -1.
    1.1236550331115723e+01 1.8623029708862305e+01 2.3695170879364014e+00
    6.3713287353515625e+01 5.6388966739177704e-02 3343103. -1.
    1.1236550331115723e+01 1.8623029708862305e+01 2.3695170879364014e+00
    3.3285787963867188e+02 5.6388966739177704e-02 3343103. -1.
    1.1236550331115723e+01 1.8623029708862305e+01 2.3695170879364014e+00
    3.5949627685546875e+02 5.6388966739177704e-02 3343103. -1.
    1.2885812759399414e+01 2.3611490249633789e+01 2.9311997890472412e+00
    1.2307983398437500e+02 2.3412946611642838e-02 2032639. -1.
    1.2885812759399414e+01 2.3611490249633789e+01 2.9311997890472412e+00
    2.8375411987304688e+02 2.3412946611642838e-02 2032639. -1.
    1.2956800460815430e+01 7.5951294898986816e+00 2.6458213329315186e+00
    2.5914288330078125e+02 2.1765379235148430e-02 11338495. -1.
    1.5123549461364746e+01 3.3669555664062500e+01 4.4432954788208008e+00
    1.9499279785156250e+02 2.6065554469823837e-02 15401216. -1.
    1.5169680595397949e+01 1.0328617095947266e+01 2.7143442630767822e+00
    3.1593017578125000e+01 2.5675935670733452e-02 13173503. -1.
    1.7975803375244141e+01 1.5460838317871094e+01 1.9106044769287109e+00
    3.9082977294921875e+01 4.1300546377897263e-02 4456959. -1.
    1.8190490722656250e+01 1.1826678276062012e+01 1.8757103681564331e+00
    1.2445285034179688e+02 2.9387075453996658e-02 3146239. -1.
    1.9695699691772461e+01 8.6353034973144531e+00 3.1074807643890381e+00
    1.3050695800781250e+02 2.5334641337394714e-02 6226943. -1.
    1.9941307067871094e+01 2.5055629730224609e+01 2.1932659149169922e+00
    2.4338046264648438e+02 3.3023532480001450e-02 14483967. -1.
    2.0839212417602539e+01 1.5874341964721680e+01 2.4395649433135986e+00
    1.9376022338867188e+02 5.2797831594944000e-02 5440255. -1.
    2.3474857330322266e+01 2.6315876007080078e+01 1.8250995874404907e+00
    2.0310169982910156e+02 1.9743351265788078e-02 1180159. -1.
    2.3957849502563477e+01 1.7345647811889648e+01 2.6760017871856689e+00
    1.9214067077636719e+02 3.6397695541381836e-02 12124927. -1.
    2.6804788589477539e+01 5.8801277160644531e+01 1.7242263793945313e+01
    1.8793212890625000e+01 3.8444768637418747e-02 13172994. -1.
    2.8853988647460938e+01 1.5953901290893555e+01 8.8316879272460938e+00
    2.0210050964355469e+02 2.2828787565231323e-02 14942465. -1.
    2.8853988647460938e+01 1.5953901290893555e+01 8.8316879272460938e+00
    2.4589035034179688e+02 2.2828787565231323e-02 14942465. -1.
    3.3108478546142578e+01 4.4227190017700195e+00 3.3293290138244629e+00
    2.4978871154785156e+02 1.4552829787135124e-02 11207679. -1.
    3.3977458953857422e+01 7.3963851928710938e+01 1.1623261451721191e+01
    3.3207278442382813e+02 4.1342247277498245e-02 1377025. -1.
    3.7518474578857422e+01 8.5010284423828125e+01 3.0025093555450439e+00
    1.3900158691406250e+02 2.3349309340119362e-02 3736575. -1.
    3.7536045074462891e+01 6.4551757812500000e+01 3.1926677227020264e+00
    3.2495596313476563e+02 4.2097754776477814e-02 8193023. -1.
    3.7736934661865234e+01 5.7452972412109375e+01 4.9312424659729004e+00
    3.5100488281250000e+02 3.5540133714675903e-02 6226432. -1.
    3.7888076782226563e+01 2.0786079406738281e+01 3.2822024822235107e+00
    2.6517404174804688e+02 6.3303351402282715e-02 10159103. -1.
    3.9265968322753906e+01 5.0568031311035156e+01 2.0305788516998291e+00
    3.4773852539062500e+02 5.5071797221899033e-02 8913407. -1.
    4.0347259521484375e+01 7.2366500854492188e+01 1.9312833547592163e+00
    3.0908581542968750e+02 3.0645832419395447e-02 5243391. -1.
    4.0399662017822266e+01 8.1848243713378906e+01 3.1551814079284668e+00
    1.3742997741699219e+02 2.9870672151446342e-02 7341055. -1.
    4.3525577545166016e+01 6.4454017639160156e+01 1.8766081333160400e+00
    8.8699310302734375e+01 7.1081459522247314e-02 3146239. -1.
    4.3525577545166016e+01 6.4454017639160156e+01 1.8766081333160400e+00
    3.1160659790039063e+02 7.1081459522247314e-02 3146239. -1.
    4.4353092193603516e+01 8.3102577209472656e+01 1.9887927770614624e+00
    1.9467666625976563e+02 4.0038816630840302e-02 7406079. -1.
    4.6384017944335938e+01 1.8918085098266602e+01 1.9106463193893433e+00
    2.6144604492187500e+02 6.9696277379989624e-02 4456959. -1.
    4.6836467742919922e+01 4.5285923004150391e+01 4.8381843566894531e+00
    7.4306182861328125e+01 5.5558573454618454e-02 4850176. -1.
    4.6917839050292969e+01 7.4208793640136719e+01 2.8174481391906738e+00
    2.9958770751953125e+02 3.6765750497579575e-02 15860479. -1.
    4.6985363006591797e+01 4.9376350402832031e+01 1.8513799905776978e+00
    5.3097595214843750e+01 4.6060219407081604e-02 2228735. -1.
    5.3375911712646484e+01 4.3418964385986328e+01 2.1238214969635010e+00
    8.7313720703125000e+01 4.8160772770643234e-02 12124671. -1.
    5.4159721374511719e+01 7.3610930442810059e+00 3.8700871467590332e+00
    2.8808135986328125e+02 1.4703315682709217e-02 5374208. -1.
    5.5162124633789063e+01 5.8940620422363281e+01 1.9627691268920898e+01
    3.1307983398437500e+01 9.7119018435478210e-02 5833218. -1.
    5.6337234497070313e+01 7.4884880065917969e+01 2.4876213073730469e+00
    2.4689456176757813e+02 5.5836863815784454e-02 6882047. -1.
    5.7059394836425781e+01 1.9438003540039063e+01 2.9713008403778076e+00
    2.6993597412109375e+02 5.9889286756515503e-02 3015679. -1.
    6.0071514129638672e+01 4.3314704895019531e+00 3.4561569690704346e+00
    2.6212530517578125e+02 1.8870310857892036e-02 13894655. -1.
    6.0071514129638672e+01 4.3314704895019531e+00 3.4561569690704346e+00
    2.8805511474609375e+02 1.8870310857892036e-02 13894655. -1.
    6.0488334655761719e+01 4.1081790924072266e+01 3.4032413959503174e+00
    9.9212677001953125e+01 2.9774248600006104e-02 12780543. -1.
    6.1094432830810547e+01 1.6446506500244141e+01 2.5750958919525146e+00
    1.0493965148925781e+02 1.8977906554937363e-02 9372415. -1.
    6.1169193267822266e+01 8.1035985946655273e+00 2.3023421764373779e+00
    2.5955578613281250e+02 1.7949664965271950e-02 1245951. -1.
    6.2306648254394531e+01 1.9957546234130859e+01 1.9356888532638550e+00
    3.0105947875976563e+02 5.7352919131517410e-02 5439999. -1.
    6.2792007446289063e+01 4.6009132385253906e+01 3.9419295787811279e+00
    1.0227209472656250e+02 4.6439707279205322e-02 6750464. -1.
    6.2792007446289063e+01 4.6009132385253906e+01 3.9419295787811279e+00
    1.8086041259765625e+02 4.6439707279205322e-02 6750464. -1.
    6.4524490356445313e+01 7.9928131103515625e+01 2.0994839668273926e+00
    2.3590951538085938e+02 3.0651742592453957e-02 11272703. -1.
    6.6195663452148438e+01 4.8778282165527344e+01 2.4950377941131592e+00
    1.8375399780273438e+02 6.9427035748958588e-02 7078655. -1.
    6.7296432495117188e+01 2.2094879150390625e+01 2.5441200733184814e+00
