<?xml version="1.0"?>
<opencv_storage>
<keypoints type_id="opencv-matrix">
  <rows>87</rows>
  <cols>7</cols>
  <dt>d</dt>
  <data>
    4.0329337120056152 13.244292259216309 1.8536461591720581
    178.06800842285156 0.013337363488972187 2294271. -1.
    7.1372318267822266 11.95500659942627 2.3931777477264404
    38.43109130859375 0.023726163432002068 4063999. -1.
    8.3272247314453125 24.293827056884766 3.3391988277435303
    158.18301391601563 0.045959513634443283 11404287. -1.
    8.4374189376831055 46.055381774902344 2.5081748962402344
    226.90481567382813 0.019276609644293785 7471871. -1.
    9.5896501541137695 8.334991455078125 1.9742584228515625
    44.66546630859375 0.022419460117816925 6816255. -1.
    9.7428255081176758 20.327590942382813 2.2608687877655029
    138.95921325683594 0.019454449415206909 16646655. -1.
    11.371084213256836 17.573030471801758 2.1201262474060059
    76.204315185546875 0.034782975912094116 11993599. -1.
    11.371084213256836 17.573030471801758 2.1201262474060059
    199.84893798828125 0.034782975912094116 11993599. -1.
    12.456931114196777 34.802829742431641 1.8419516086578369
    211.75155639648438 0.048973903059959412 1835519. -1.
    12.48248291015625 22.755924224853516 2.7844653129577637
    156.646728515625 0.035954169929027557 15008511. -1.
    12.92548942565918 13.661849021911621 1.8881098031997681
    79.187225341796875 0.016173284500837326 3604991. -1.
    13.467731475830078 73.236953735351563 5.4370560646057129
    261.26217651367188 0.046530898660421371 13304320. -1.
    14.874344825744629 47.999462127685547 9.8347511291503906
    229.65516662597656 0.020840469747781754 6029825. -1.
    14.874344825744629 47.999462127685547 9.8347511291503906
    320.60418701171875 0.020840469747781754 6029825. -1.
    16.033378601074219 34.276546478271484 2.3170528411865234
    187.41746520996094 0.026703519746661186 1704703. -1.
    18.815292358398438 28.199794769287109 2.52878737449646
    12.127105712890625 0.030825838446617126 8061695. -1.
    18.851224899291992 7.0636177062988281 2.7159981727600098
    344.80398559570313 0.031073151156306267 13239039. -1.
    20.777048110961914 14.981249809265137 2.005124568939209
    198.99676513671875 0.037258222699165344 7995903. -1.
    20.908390045166016 76.107681274414063 1.9960091114044189
    77.605987548828125 0.015426394529640675 7668223. -1.
    23.105031967163086 73.544670104980469 12.309704780578613
    329.91983032226563 0.03998253121972084 5505793. -1.
    23.597940444946289 6.3916616439819336 3.0249941349029541
    345.12628173828125 0.044282779097557068 4260863. -1.
    23.665868759155273 17.965408325195313 3.2873437404632568
    31.400634765625 0.043736390769481659 10290175. -1.
    23.875638961791992 12.368476867675781 2.9750831127166748
    8.198822021484375 0.035794768482446671 3081215. -1.
    24.909589767456055 46.483699798583984 5.5029182434082031
    338.89654541015625 0.022021377459168434 14156288. -1.
    25.755954742431641 76.381805419921875 3.1789872646331787
    2.309417724609375 0.016552327200770378 7865343. -1.
    26.860187530517578 50.989597320556641 2.1825580596923828
    196.43496704101563 0.027681181207299232 14090751. -1.
    26.988710403442383 20.620416641235352 3.4365029335021973
    31.9010009765625 0.035061180591583252 13501439. -1.
    27.630044937133789 67.965484619140625 2.65142822265625
    244.59182739257813 0.046562943607568741 11469567. -1.
    29.003374099731445 21.637697219848633 6.6272773742675781
    28.157379150390625 0.041054651141166687 10879744. -1.
    30.185827255249023 69.950294494628906 1.9556114673614502
    37.021026611328125 0.043735139071941376 6160895. -1.
    30.850776672363281 40.943943023681641 4.0264506340026855
    346.377685546875 0.013543101958930492 8257792. -1.
    32.877971649169922 63.041355133056641 1.7982181310653687
    73.04351806640625 0.0547356978058815 66047. -1. 32.877971649169922
    63.041355133056641 1.7982181310653687 330.53866577148438
    0.0547356978058815 66047. -1. 34.564277648925781 80.176185607910156
    4.1826066970825195 349.13870239257813 0.024637287482619286 11010304.
    -1. 34.926132202148438 55.719558715820313 4.3125820159912109
    61.4991455078125 0.030957549810409546 13238528. -1.
    34.971946716308594 32.831310272216797 2.65871262550354
    48.11297607421875 0.026285035535693169 11666175. -1.
    35.681793212890625 72.208198547363281 3.8359992504119873
    312.56661987304688 0.024547046050429344 4784384. -1.
    35.825553894042969 54.412757873535156 2.6068308353424072
    68.576995849609375 0.031594350934028625 10224383. -1.
    36.364963531494141 43.614322662353516 4.2246437072753906
    281.65951538085938 0.047412067651748657 11731200. -1.
    37.455692291259766 49.488353729248047 2.6020610332489014
    278.94818115234375 0.056836646050214767 10093311. -1.
    43.459815979003906 6.8236236572265625 3.2479355335235596
    106.58769226074219 0.020892325788736343 9438207. -1.
    43.946464538574219 79.937591552734375 1.9980909824371338
    312.51300048828125 0.053181018680334091 7733759. -1.
    45.60284423828125 15.898471832275391 2.5606851577758789
    257.2001953125 0.04607979953289032 8979199. -1. 47.752960205078125
    63.965877532958984 16.512224197387695 226.35804748535156
    0.06443004310131073 10092802. -1. 47.752960205078125
    63.965877532958984 16.512224197387695 326.99063110351563
    0.06443004310131073 10092802. -1. 48.941967010498047
    14.07096004486084 1.9226903915405273 285.49395751953125
    0.043784033507108688 4915711. -1. 49.559120178222656
    24.576934814453125 1.8719595670700073 80.44927978515625
    0.030960893258452415 3015167. -1. 50.263839721679688
    34.533149719238281 11.82799243927002 89.926025390625
    0.038540147244930267 2622209. -1. 51.164039611816406
    21.158973693847656 1.968663215637207 98.007781982421875
    0.014956517145037651 6619647. -1. 52.166706085205078
    32.049961090087891 2.3586323261260986 161.41384887695313
    0.014832825399935246 3015423. -1. 53.777011871337891
    81.864402770996094 1.9017711877822876 47.628662109375
    0.072844579815864563 4129279. -1. 53.777011871337891
    81.864402770996094 1.9017711877822876 229.58885192871094
    0.072844579815864563 4129279. -1. 55.054714202880859
    51.470188140869141 2.9890866279602051 98.807403564453125
    0.038144227117300034 3408895. -1. 56.128047943115234
    20.928197860717773 5.9950613975524902 88.262969970703125
    0.067849129438400269 3605248. -1. 56.667850494384766
    75.996902465820313 5.6383628845214844 233.30622863769531
    0.027879511937499046 15925760. -1. 56.727268218994141 83.69482421875
    2.831662654876709 48.82958984375 0.034474786370992661 16253695. -1.
    57.922733306884766 49.656642913818359 4.5505061149597168
    107.94436645507813 0.040592756122350693 393728. -1.
    58.435482025146484 31.04796028137207 1.8784879446029663
    315.28106689453125 0.017503596842288971 3277311. -1.
    59.173603057861328 53.947334289550781 2.7610270977020264
    86.872528076171875 0.030230272561311722 14418687. -1.
    59.984123229980469 80.068946838378906 2.5609526634216309
    40.706878662109375 0.026100056245923042 8979199. -1.
    60.211948394775391 29.038053512573242 5.0420999526977539
    89.368865966796875 0.037283305078744888 7799296. -1.
    60.476127624511719 22.985841751098633 3.3709874153137207
    90.95904541015625 0.061485886573791504 12125183. -1.
    60.476127624511719 22.985841751098633 3.3709874153137207
    319.20925903320313 0.061485886573791504 12125183. -1.
    62.216712951660156 23.999313354492188 2.0403115749359131
    99.229278564453125 0.066442176699638367 9241087. -1.
    62.216712951660156 23.999313354492188 2.0403115749359131
    320.7261962890625 0.066442176699638367 9241087. -1.
    63.27593994140625 36.366641998291016 2.5716423988342285
    198.91510009765625 0.015310648828744888 9241343. -1.
    63.451637268066406 50.142074584960938 2.2696447372436523
    118.0667724609375 0.052502326667308807 197375. -1.
