<?xml version="1.0"?>
<opencv_storage>
<keypoints type_id="opencv-matrix">
  <rows>14</rows>
  <cols>7</cols>
  <dt>d</dt>
  <data>
    1.3839359283447266e+01 1.0770828247070313e+01 2.9386744499206543e+00
    3.3706591796875000e+02 8.4004975855350494e-02 2163711. -1.
    2.4067432403564453e+01 2.9543146133422852e+01 3.2844998836517334e+00
    3.2427886962890625e+02 6.7783549427986145e-02 10224639. -1.
    2.4128231048583984e+01 2.2454612731933594e+01 9.9339313507080078e+00
    3.2844119262695313e+02 8.9837059378623962e-02 6750721. -1.
    2.7696084976196289e+01 4.3894111633300781e+01 4.1826939582824707e+00
    2.5920959472656250e+01 1.1637122184038162e-01 11010304. -1.
    2.7696084976196289e+01 4.3894111633300781e+01 4.1826939582824707e+00
    1.4957901000976563e+02 1.1637122184038162e-01 11010304. -1.
    2.7696084976196289e+01 4.3894111633300781e+01 4.1826939582824707e+00
    1.7634629821777344e+02 1.1637122184038162e-01 11010304. -1.
    2.7696084976196289e+01 4.3894111633300781e+01 4.1826939582824707e+00
    2.5603085327148438e+02 1.1637122184038162e-01 11010304. -1.
    2.7696084976196289e+01 4.3894111633300781e+01 4.1826939582824707e+00
    3.1091409301757813e+02 1.1637122184038162e-01 11010304. -1.
    2.7710371017456055e+01 3.5999996185302734e+01 2.2683436870574951e+00
    1.8153259277343750e+01 8.2128010690212250e-02 197375. -1.
    2.7710371017456055e+01 3.5999996185302734e+01 2.2683436870574951e+00
    2.1464520263671875e+02 8.2128010690212250e-02 197375. -1.
    3.2287967681884766e+01 1.7994775772094727e+01 2.2018365859985352e+00
    2.0793980407714844e+02 6.4620777964591980e-02 14746111. -1.
    3.8866142272949219e+01 1.7709358215332031e+01 2.2531955242156982e+00
    2.0844369506835938e+02 7.2285570204257965e-02 16384511. -1.
    4.1149688720703125e+01 1.0871975898742676e+01 3.1654937267303467e+00
    1.0905221557617188e+02 8.4889248013496399e-02 7603199. -1.
    4.1149688720703125e+01 1.0871975898742676e+01 3.1654937267303467e+00
    2.0690362548828125e+02 8.4889248013496399e-02 7603199. -1.</data></keypoints>
<descriptors type_id="opencv-matrix">
  <rows>14</rows>
  <cols>128</cols>
  <dt>f</dt>
  <data>
    0. 0. 0. 0. 0. 0. 1. 4. 0. 0. 0. 0. 0. 1. 36. 22. 0. 0. 0. 0. 0. 13.
    66. 3. 0. 0. 0. 0. 0. 10. 21. 0. 37. 1. 0. 0. 0. 0. 1. 23. 119. 8.
    0. 1. 2. 8. 117. 141. 8. 2. 1. 11. 47. 114. 141. 31. 0. 0. 7. 14.
    14. 82. 84. 0. 84. 2. 0. 0. 0. 0. 0. 10. 141. 37. 3. 4. 6. 5. 10.
    69. 29. 15. 5. 29. 141. 88. 17. 14. 0. 4. 23. 29. 49. 105. 9. 0. 77.
    7. 0. 0. 0. 0. 0. 4. 141. 24. 0. 0. 0. 8. 16. 58. 35. 2. 0. 1. 17.
    141. 59. 22. 0. 0. 0. 0. 9. 141. 40. 0. 26. 0. 0. 0. 0. 0. 0. 3.
    140. 0. 0. 0. 0. 0. 0. 34. 120. 0. 1. 1. 0. 19. 4. 16. 0. 0. 4. 7.
    3. 119. 13. 0. 46. 1. 0. 0. 0. 0. 0. 4. 140. 27. 9. 1. 0. 0. 0. 30.
    102. 18. 87. 61. 0. 0. 0. 8. 0. 0. 113. 121. 2. 7. 4. 4. 31. 7. 0.
    0. 0. 0. 0. 3. 140. 121. 44. 5. 0. 0. 2. 32. 17. 34. 140. 85. 0. 0.
    28. 43. 0. 0. 81. 81. 0. 0. 40. 40. 10. 1. 0. 0. 0. 2. 36. 49. 60.
    18. 28. 14. 4. 8. 23. 83. 5. 5. 107. 84. 1. 0. 16. 38. 0. 0. 89. 90.
    0. 0. 5. 5. 6. 0. 0. 0. 0. 0. 0. 7. 19. 0. 0. 0. 0. 15. 54. 78. 0.
    0. 0. 0. 0. 66. 48. 9. 0. 0. 0. 0. 0. 8. 4. 0. 57. 1. 0. 0. 0. 0. 0.
    13. 143. 17. 3. 2. 3. 48. 60. 143. 18. 5. 4. 24. 35. 143. 104. 30.
    0. 0. 0. 19. 45. 101. 31. 0. 67. 4. 0. 0. 0. 0. 0. 13. 143. 124. 64.
    35. 4. 6. 3. 30. 19. 33. 143. 143. 47. 51. 7. 4. 0. 0. 25. 140. 44.
    20. 2. 0. 31. 3. 1. 0. 0. 0. 0. 14. 52. 21. 40. 81. 4. 0. 0. 16. 0.
    2. 51. 119. 4. 0. 0. 0. 0. 0. 9. 18. 0. 0. 0. 0. 6. 112. 127. 56.
    21. 0. 0. 0. 14. 55. 25. 60. 127. 15. 6. 1. 0. 0. 0. 15. 99. 37. 8.
    0. 0. 0. 0. 0. 1. 2. 0. 0. 61. 67. 41. 0. 0. 0. 0. 4. 127. 86. 17.
    19. 34. 66. 80. 96. 4. 5. 7. 35. 127. 127. 73. 13. 0. 0. 0. 2. 27.
    19. 0. 0. 42. 32. 1. 0. 0. 0. 0. 1. 120. 127. 127. 42. 10. 7. 7. 21.
    4. 20. 115. 127. 118. 30. 6. 3. 0. 0. 0. 17. 24. 2. 0. 0. 0. 4. 0.
    0. 0. 0. 0. 0. 0. 19. 34. 4. 0. 0. 0. 0. 0. 1. 27. 21. 0. 0. 0. 0.
    0. 0. 0. 2. 0. 0. 0. 0. 0. 0. 0. 0. 0. 0. 0. 2. 0. 0. 0. 0. 0. 2.
    26. 17. 0. 0. 0. 0. 0. 18. 27. 2. 0. 0. 0. 0. 0. 2. 0. 0. 29. 0. 0.
    0. 0. 0. 0. 22. 125. 16. 3. 4. 5. 29. 125. 125. 8. 5. 4. 22. 106.
    125. 125. 32. 0. 0. 0. 2. 30. 26. 1. 0. 35. 1. 0. 0. 0. 1. 53. 98.
    125. 90. 70. 56. 27. 11. 41. 96. 10. 24. 90. 125. 125. 44. 11. 8. 0.
    0. 0. 27. 39. 5. 0. 0. 0. 0. 3. 10. 6. 5. 104. 125. 2. 2. 11. 55.
    125. 79. 53. 30. 0. 0. 18. 61. 54. 19. 0. 0. 0. 0. 0. 5. 1. 0. 0. 0.
    0. 0. 0. 0. 0. 0. 0. 2. 0. 0. 0. 0. 0. 2. 28. 16. 0. 0. 0. 0. 0. 17.
    33. 2. 0. 0. 0. 0. 0. 3. 1. 0. 29. 2. 0. 0. 0. 0. 0. 18. 124. 27. 3.
    4. 5. 23. 131. 132. 8. 6. 4. 24. 116. 132. 132. 37. 0. 0. 0. 3. 38.
    27. 1. 0. 38. 13. 0. 0. 0. 0. 0. 8. 132. 132. 41. 29. 12. 8. 12. 77.
    14. 43. 52. 132. 132. 48. 13. 14. 0. 0. 0. 26. 51. 5. 0. 0. 25. 1.
    0. 0. 0. 0. 0. 83. 55. 11. 2. 6. 29. 18. 15. 132. 2. 3. 3. 22. 102.
    132. 47. 20. 0. 0. 0. 3. 15. 53. 2. 0. 0. 0. 0. 0. 0. 0. 0. 2. 1. 0.
    0. 0. 0. 3. 34. 27. 0. 0. 0. 0. 0. 27. 44. 4. 0. 0. 0. 0. 0. 4. 7.
    7. 30. 2. 0. 0. 0. 0. 0. 17. 130. 34. 8. 6. 4. 24. 107. 130. 12. 10.
    12. 32. 61. 130. 130. 43. 15. 3. 0. 1. 5. 42. 108. 106. 27. 16. 0.
    0. 0. 0. 0. 2. 127. 130. 124. 23. 3. 4. 5. 25. 18. 96. 130. 130. 46.
    36. 18. 9. 44. 130. 11. 5. 3. 14. 67. 37. 0. 2. 0. 0. 0. 0. 0. 0. 0.
    18. 29. 2. 0. 0. 0. 0. 1. 33. 41. 8. 0. 0. 0. 0. 7. 130. 3. 0. 0. 1.
    0. 0. 0. 0. 0. 0. 0. 0. 0. 4. 4. 0. 0. 0. 0. 0. 36. 42. 125. 28. 6.
    0. 0. 1. 33. 91. 72. 61. 111. 11. 0. 0. 5. 30. 35. 4. 0. 0. 0. 0. 0.
    23. 125. 44. 10. 7. 9. 17. 116. 125. 23. 15. 52. 73. 124. 68. 124.
    84. 8. 7. 125. 61. 15. 0. 2. 14. 27. 23. 0. 0. 0. 0. 0. 2. 105. 125.
    121. 30. 7. 3. 4. 21. 6. 32. 124. 125. 104. 11. 4. 4. 0. 0. 16. 37.
    19. 0. 0. 0. 0. 2. 0. 0. 0. 0. 0. 0. 0. 18. 24. 2. 0. 0. 0. 0. 0. 2.
    25. 18. 0. 0. 0. 0. 0. 0. 0. 2. 0. 0. 0. 0. 0. 64. 55. 73. 54. 0. 0.
    0. 80. 1. 4. 72. 93. 0. 0. 28. 70. 0. 0. 58. 114. 0. 0. 28. 0. 0. 0.
    45. 100. 0. 0. 0. 5. 82. 114. 45. 5. 0. 0. 0. 114. 33. 32. 49. 15.
    0. 0. 26. 53. 6. 4. 111. 114. 0. 0. 12. 0. 0. 0. 34. 75. 0. 0. 0.
    11. 24. 18. 0. 0. 0. 0. 0. 97. 114. 23. 12. 2. 0. 1. 12. 14. 29. 23.
    81. 88. 29. 43. 15. 0. 0. 0. 7. 27. 53. 29. 0. 9. 1. 0. 0. 0. 0. 0.
    3. 101. 14. 1. 0. 0. 0. 3. 100. 39. 5. 2. 2. 4. 45. 114. 114. 0. 0.
    0. 3. 42. 114. 61. 1. 25. 70. 102. 39. 14. 6. 4. 11. 0. 1. 31. 115.
    132. 26. 4. 0. 0. 0. 0. 10. 62. 27. 3. 0. 0. 0. 0. 0. 0. 2. 1. 0.
    17. 65. 132. 13. 0. 0. 0. 0. 87. 18. 46. 38. 21. 41. 37. 39. 4. 0.
    0. 1. 54. 132. 41. 14. 0. 0. 0. 0. 3. 24. 79. 19. 55. 10. 5. 0. 0.
    0. 0. 0. 132. 11. 0. 0. 26. 12. 4. 16. 54. 0. 0. 0. 132. 68. 13. 33.
    68. 0. 0. 0. 6. 28. 114. 106. 42. 2. 0. 0. 0. 0. 0. 0. 132. 12. 0.
    0. 20. 2. 0. 0. 83. 4. 0. 0. 132. 14. 0. 3. 132. 9. 0. 0. 8. 3. 8.
    19. 88. 0. 0. 9. 109. 0. 0. 11. 120. 0. 0. 7. 77. 1. 0. 24. 114. 1.
    3. 5. 0. 0. 0. 10. 0. 0. 25. 26. 0. 0. 0. 0. 105. 0. 0. 14. 120. 0.
    0. 9. 120. 17. 7. 9. 81. 1. 0. 26. 87. 14. 52. 114. 0. 0. 0. 6. 1.
    1. 91. 120. 1. 1. 5. 7. 86. 4. 1. 26. 120. 1. 1. 7. 79. 88. 38. 21.
    67. 2. 6. 23. 14. 23. 81. 114. 2. 2. 17. 18. 0. 0. 31. 87. 3. 2. 21.
    18. 44. 12. 3. 22. 69. 8. 16. 12. 5. 7. 2. 38. 33. 8. 45. 80. 1. 2.
    16. 120. 6. 3. 17. 21. 0. 0. 28. 63. 0. 0. 9. 13. 23. 0. 0. 0. 0. 0.
    0. 1. 147. 0. 0. 2. 19. 0. 0. 20. 98. 3. 0. 19. 147. 1. 0. 9. 147.
    22. 18. 16. 15. 0. 0. 15. 39. 0. 0. 0. 0. 0. 0. 1. 147. 3. 0. 6. 32.
    0. 0. 18. 70. 25. 3. 40. 147. 4. 4. 11. 54. 79. 57. 29. 15. 2. 12.
    33. 38. 2. 0. 0. 0. 0. 0. 1. 147. 50. 5. 12. 18. 1. 1. 5. 29. 15. 4.
    34. 122. 22. 57. 56. 4. 5. 3. 97. 20. 5. 41. 80. 17. 4. 0. 0. 0. 0.
    0. 1. 147. 41. 1. 1. 0. 0. 1. 49. 44. 11. 7. 15. 50. 28. 30. 69. 0.
    0. 4. 67. 60. 41. 37. 5. 0. 0. 0. 0. 0. 0. 0. 3. 0. 0. 0. 0. 0. 1.
    33. 21. 0. 0. 0. 0. 0. 7. 68. 3. 0. 0. 0. 0. 0. 7. 38. 0. 33. 0. 0.
