<?xml version="1.0"?>
<opencv_storage>
<keypoints type_id="opencv-matrix">
  <rows>22</rows>
  <cols>7</cols>
  <dt>d</dt>
  <data>
    2.1532810211181641e+01 3.7836647033691406e+01 4.1642665863037109e+00
    4.4060058593750000e+00 9.3138813972473145e-02 10682624. -1.
    2.1667364120483398e+01 6.2791156768798828e+01 4.4978113174438477e+00
    3.4939508056640625e+02 7.1880809962749481e-02 16253184. -1.
    2.3020675659179688e+01 2.8584524154663086e+01 2.3388504981994629e+00
    3.3168252563476563e+02 9.5064327120780945e-02 2425599. -1.
    2.4720174789428711e+01 2.1432413101196289e+01 3.3250958919525146e+00
    8.0880462646484375e+01 9.4177432358264923e-02 11142143. -1.
    2.9144979476928711e+01 6.9789276123046875e+01 3.0706889629364014e+00
    2.7128808593750000e+02 7.8871004283428192e-02 5374975. -1.
    2.9678918838500977e+01 6.3946250915527344e+01 2.4016044139862061e+00
    2.7506445312500000e+02 3.5961762070655823e-02 4326143. -1.
    2.9678918838500977e+01 6.3946250915527344e+01 2.4016044139862061e+00
    3.2966625976562500e+02 3.5961762070655823e-02 4326143. -1.
    2.9712127685546875e+01 5.5936607360839844e+01 1.7119634628295898e+01
    3.5587042236328125e+02 6.0975987464189529e-02 12648706. -1.
    3.1387445449829102e+01 1.6016056060791016e+01 2.2504596710205078e+00
    3.5549420166015625e+02 8.8953018188476563e-02 16318975. -1.
    3.2476287841796875e+01 1.2641886711120605e+01 3.9774014949798584e+00
    9.3435363769531250e+00 1.1783453822135925e-01 7405824. -1.
    3.2476287841796875e+01 1.2641886711120605e+01 3.9774014949798584e+00
    8.4671508789062500e+01 1.1783453822135925e-01 7405824. -1.
    3.8128211975097656e+01 3.6586776733398438e+01 1.8336762189865112e+00
    2.2736517333984375e+02 3.9606083184480667e-02 1507839. -1.
    4.3819602966308594e+01 3.6464206695556641e+01 1.9979404211044312e+00
    3.1318276977539063e+02 3.5076238214969635e-02 7733759. -1.
    4.9228286743164063e+01 1.2630376815795898e+01 4.0598082542419434e+00
    9.4240417480468750e+01 1.1651697009801865e-01 8847616. -1.
    5.2622653961181641e+01 6.4051544189453125e+01 2.1975741386413574e+00
    1.8916038513183594e+02 3.9894111454486847e-02 14615039. -1.
    5.2780323028564453e+01 4.2275474548339844e+01 6.0609936714172363e+00
    1.9894773864746094e+02 2.5965899229049683e-02 4391680. -1.
    5.2870124816894531e+01 6.9793968200683594e+01 3.0803358554840088e+00
    2.6956329345703125e+02 7.9371966421604156e-02 5571583. -1.
    5.7340915679931641e+01 2.1394117355346680e+01 3.2213311195373535e+00
    9.8773834228515625e+01 9.7165599465370178e-02 8848383. -1.
    5.7340915679931641e+01 2.1394117355346680e+01 3.2213311195373535e+00
    2.0222406005859375e+02 9.7165599465370178e-02 8848383. -1.
    5.8879451751708984e+01 2.8419050216674805e+01 2.2353048324584961e+00
    2.1012110900878906e+02 1.0460893809795380e-01 15860223. -1.
    6.0251846313476563e+01 6.2441734313964844e+01 4.7986845970153809e+00
    1.8822448730468750e+02 7.3755234479904175e-02 4260352. -1.
    6.0364696502685547e+01 3.8009220123291016e+01 4.2732748985290527e+00
    1.7565422058105469e+02 9.5608435571193695e-02 12583168. -1.</data></keypoints>
<descriptors type_id="opencv-matrix">
  <rows>22</rows>
  <cols>128</cols>
  <dt>f</dt>
  <data>
    12. 1. 0. 0. 0. 0. 0. 3. 156. 36. 0. 0. 0. 0. 1. 39. 89. 138. 2. 0.
    0. 4. 2. 18. 14. 156. 5. 0. 0. 2. 1. 0. 39. 0. 0. 0. 0. 0. 0. 15.
    156. 10. 0. 0. 1. 9. 30. 156. 50. 28. 0. 0. 17. 56. 42. 54. 76. 86.
    3. 4. 6. 7. 0. 0. 75. 3. 0. 0. 0. 0. 0. 2. 156. 31. 0. 1. 10. 7. 4.
    30. 64. 8. 0. 2. 125. 49. 7. 10. 42. 44. 1. 2. 22. 18. 2. 1. 50. 4.
    0. 0. 0. 0. 0. 0. 156. 43. 0. 1. 6. 0. 0. 0. 70. 15. 0. 5. 105. 3.
    1. 2. 22. 16. 1. 0. 15. 51. 14. 8. 18. 0. 0. 0. 0. 0. 0. 5. 141. 1.
    0. 1. 1. 0. 0. 74. 140. 3. 0. 42. 57. 0. 0. 26. 59. 3. 0. 8. 19. 39.
    5. 18. 44. 1. 0. 0. 0. 0. 0. 7. 141. 36. 9. 7. 2. 0. 0. 51. 120. 26.
    21. 64. 52. 0. 0. 10. 94. 24. 10. 4. 5. 5. 1. 6. 22. 11. 0. 0. 0. 0.
    0. 1. 116. 141. 76. 4. 0. 0. 0. 3. 71. 141. 119. 35. 4. 0. 0. 1. 28.
    71. 141. 37. 1. 0. 0. 0. 0. 1. 0. 0. 0. 0. 0. 0. 10. 41. 10. 0. 0.
    0. 0. 0. 42. 115. 67. 21. 0. 0. 0. 0. 3. 13. 96. 98. 2. 0. 0. 0. 2.
    0. 0. 0. 0. 0. 0. 4. 17. 0. 0. 0. 0. 0. 14. 64. 123. 8. 0. 0. 0. 1.
    23. 70. 90. 10. 0. 0. 0. 51. 67. 25. 25. 0. 0. 0. 0. 0. 1. 15. 123.
    1. 0. 0. 2. 9. 28. 123. 119. 29. 0. 0. 26. 46. 45. 52. 123. 62. 0.
    0. 1. 4. 4. 3. 23. 0. 0. 0. 0. 7. 89. 51. 123. 22. 0. 0. 7. 15. 30.
    39. 95. 25. 0. 0. 108. 58. 3. 6. 123. 74. 0. 0. 11. 4. 0. 0. 6. 0.
    0. 0. 18. 47. 106. 89. 98. 18. 0. 0. 38. 61. 31. 9. 72. 21. 0. 0.
    97. 28. 0. 0. 123. 51. 0. 0. 26. 7. 0. 0. 38. 92. 126. 9. 18. 17. 1.
    2. 122. 35. 62. 12. 16. 33. 16. 43. 123. 2. 4. 8. 0. 0. 0. 36. 1. 0.
    21. 60. 2. 0. 0. 0. 30. 44. 72. 0. 0. 0. 0. 2. 127. 69. 48. 4. 0. 0.
    0. 24. 105. 21. 97. 121. 0. 0. 0. 10. 2. 1. 67. 127. 0. 0. 7. 21.
    28. 11. 1. 0. 0. 0. 0. 1. 123. 116. 112. 12. 0. 0. 0. 4. 18. 89.
    127. 75. 0. 0. 0. 3. 15. 43. 122. 49. 0. 0. 4. 23. 1. 3. 0. 0. 0. 0.
    0. 0. 1. 15. 29. 1. 0. 0. 0. 0. 0. 32. 53. 2. 0. 0. 0. 0. 5. 32. 72.
    9. 0. 0. 0. 0. 0. 0. 0. 0. 0. 0. 0. 2. 12. 0. 0. 0. 0. 0. 12. 48.
    126. 17. 0. 0. 0. 0. 22. 98. 90. 47. 28. 0. 0. 0. 51. 54. 18. 1. 0.
    0. 0. 0. 0. 8. 126. 12. 1. 0. 0. 3. 35. 126. 78. 24. 4. 2. 4. 35.
    103. 126. 42. 52. 36. 0. 0. 1. 48. 73. 20. 7. 0. 0. 0. 0. 0. 1. 126.
    126. 38. 1. 0. 1. 2. 18. 112. 126. 93. 8. 5. 13. 10. 29. 121. 19. 1.
    0. 0. 1. 31. 63. 1. 2. 0. 0. 0. 0. 0. 0. 10. 49. 18. 0. 0. 0. 0. 0.
    126. 90. 26. 0. 0. 0. 0. 0. 126. 16. 0. 0. 0. 0. 0. 0. 73. 7. 0. 0.
    0. 5. 47. 65. 122. 114. 26. 0. 0. 3. 8. 14. 9. 35. 122. 3. 0. 0. 6.
    6. 0. 3. 122. 6. 0. 0. 10. 3. 48. 7. 1. 2. 17. 58. 76. 101. 51. 40.
    10. 1. 10. 39. 44. 120. 9. 11. 47. 1. 0. 0. 122. 84. 0. 0. 32. 2. 0.
    0. 122. 38. 51. 103. 97. 28. 19. 10. 2. 9. 122. 62. 30. 15. 11. 7.
    6. 44. 75. 7. 0. 0. 0. 0. 36. 43. 12. 1. 0. 0. 0. 0. 32. 19. 26. 69.
    81. 2. 0. 0. 0. 0. 122. 92. 20. 1. 0. 0. 0. 0. 106. 15. 0. 0. 0. 0.
    0. 0. 16. 2. 0. 0. 0. 0. 0. 0. 32. 22. 19. 37. 6. 0. 0. 25. 14. 0.
    3. 114. 39. 0. 0. 19. 76. 0. 0. 19. 6. 0. 0. 107. 27. 8. 2. 0. 0. 0.
    0. 23. 11. 114. 114. 40. 2. 0. 1. 4. 107. 28. 39. 63. 8. 0. 1. 47.
    88. 24. 3. 1. 0. 0. 0. 71. 6. 16. 6. 0. 0. 0. 0. 2. 94. 46. 25. 1.
    0. 2. 36. 79. 82. 72. 23. 7. 9. 19. 47. 29. 22. 114. 100. 8. 4. 1.
    0. 2. 0. 82. 43. 0. 0. 0. 0. 0. 80. 114. 30. 1. 0. 2. 8. 14. 6. 40.
    90. 98. 33. 20. 14. 4. 0. 92. 114. 94. 18. 1. 0. 0. 0. 114. 105. 0.
    0. 0. 0. 0. 4. 0. 0. 0. 0. 0. 0. 3. 108. 1. 0. 0. 0. 0. 11. 134. 50.
    5. 2. 4. 30. 84. 134. 134. 0. 0. 0. 2. 103. 134. 22. 0. 23. 1. 0. 0.
    0. 0. 0. 4. 134. 46. 5. 0. 0. 0. 0. 79. 113. 50. 52. 45. 75. 16. 9.
    35. 0. 0. 6. 49. 134. 39. 1. 0. 12. 4. 0. 0. 0. 0. 0. 0. 106. 134.
    37. 0. 0. 0. 0. 1. 16. 74. 134. 56. 12. 0. 0. 0. 0. 0. 39. 128. 71.
    0. 0. 0. 0. 0. 0. 0. 0. 0. 0. 0. 1. 3. 1. 0. 0. 0. 0. 0. 0. 1. 8. 2.
    0. 0. 0. 0. 0. 0. 2. 6. 1. 0. 0. 0. 19. 0. 0. 0. 0. 0. 0. 9. 101. 0.
    0. 0. 0. 0. 36. 108. 15. 1. 10. 3. 0. 13. 129. 38. 0. 1. 16. 1. 0.
    20. 129. 0. 51. 0. 0. 0. 0. 0. 5. 7. 129. 15. 4. 10. 3. 0. 1. 31.
    37. 8. 88. 119. 27. 1. 11. 8. 0. 17. 129. 22. 3. 2. 15. 0. 21. 1. 0.
    0. 0. 12. 129. 15. 106. 39. 13. 15. 5. 5. 87. 29. 7. 10. 23. 91. 75.
    41. 65. 1. 0. 4. 58. 14. 11. 23. 100. 0. 5. 9. 0. 0. 0. 10. 121. 4.
    1. 1. 0. 0. 0. 12. 129. 6. 0. 0. 0. 1. 3. 35. 129. 0. 0. 0. 0. 0. 0.
    22. 129. 0. 0. 0. 0. 0. 0. 0. 0. 1. 0. 0. 0. 0. 0. 0. 21. 19. 0. 0.
    0. 0. 0. 0. 80. 25. 0. 0. 0. 0. 0. 0. 99. 26. 19. 0. 0. 0. 0. 0. 0.
    10. 100. 6. 1. 2. 0. 0. 59. 122. 12. 3. 35. 37. 0. 0. 122. 105. 0.
    1. 90. 25. 0. 0. 122. 44. 26. 1. 0. 0. 0. 0. 26. 51. 122. 32. 6. 10.
    3. 2. 45. 99. 23. 13. 55. 95. 26. 24. 108. 25. 0. 0. 95. 32. 2. 3.
    122. 37. 86. 25. 0. 0. 0. 0. 28. 82. 38. 37. 1. 0. 0. 1. 107. 122.
    3. 7. 1. 0. 2. 10. 122. 38. 0. 0. 1. 0. 0. 1. 122. 32. 33. 0. 0. 0.
