<?xml version="1.0"?>
<opencv_storage>
<keypoints type_id="opencv-matrix">
  <rows>88</rows>
  <cols>7</cols>
  <dt>d</dt>
  <data>
    7.6237745285034180e+00 3.3027194976806641e+01 3.8032176494598389e+00
    4.9192138671875000e+01 3.5956420004367828e-02 4129024. -1.
    7.9185762405395508e+00 1.6020711898803711e+01 3.0554697513580322e+00
    3.5918853759765625e+01 3.5335697233676910e-02 4981759. -1.
    9.8214349746704102e+00 1.2461847305297852e+01 1.8546930551528931e+00
    1.0239129638671875e+02 4.9293190240859985e-02 2359807. -1.
    9.8214349746704102e+00 1.2461847305297852e+01 1.8546930551528931e+00
    3.2096298217773438e+02 4.9293190240859985e-02 2359807. -1.
    9.8351364135742188e+00 1.9458473205566406e+01 2.0427112579345703e+00
    3.7116271972656250e+01 8.4505990147590637e-02 9306623. -1.
    9.8351364135742188e+00 1.9458473205566406e+01 2.0427112579345703e+00
    2.5872204589843750e+02 8.4505990147590637e-02 9306623. -1.
    1.1167772293090820e+01 3.0519845962524414e+01 2.4718289375305176e+00
    3.9810852050781250e+01 3.3640760928392410e-02 6423295. -1.
    1.1560810089111328e+01 2.6669473648071289e+01 2.4261536598205566e+00
    7.5550170898437500e+01 2.7353033423423767e-02 5047039. -1.
    1.1718356132507324e+01 9.0096540451049805e+00 3.3283822536468506e+00
    2.0040252685546875e+01 2.5526728481054306e-02 11207679. -1.
    1.1718356132507324e+01 9.0096540451049805e+00 3.3283822536468506e+00
    9.9926666259765625e+01 2.5526728481054306e-02 11207679. -1.
    1.1754568099975586e+01 2.2803419113159180e+01 2.9619224071502686e+00
    1.1830291748046875e+01 4.9976378679275513e-02 2753535. -1.
    1.1802598953247070e+01 3.5561763763427734e+01 2.9957520961761475e+00
    4.9011596679687500e+01 3.4210257232189178e-02 3605503. -1.
    1.3006892204284668e+01 1.1950461387634277e+01 1.9589140415191650e+00
    3.5420529174804688e+02 3.1207172200083733e-02 6291967. -1.
    1.3174290657043457e+01 2.0041936874389648e+01 1.8960856199264526e+00
    1.6654052734375000e+01 4.8167243599891663e-02 3932671. -1.
    1.3276119232177734e+01 7.4965209960937500e+00 2.1452801227569580e+00
    2.2065551757812500e+01 2.0970623940229416e-02 12845567. -1.
    1.4905040740966797e+01 5.5909736633300781e+01 3.5142643451690674e+00
    3.2969619750976563e+02 1.6534684225916862e-02 15139839. -1.
    1.4954029083251953e+01 5.2358760833740234e+01 2.0134963989257813e+00
    1.7504141235351563e+02 1.6513867303729057e-02 8258047. -1.
    1.5649627685546875e+01 9.6623544692993164e+00 2.4419038295745850e+00
    1.5101135253906250e+01 4.0901251137256622e-02 5505791. -1.
    1.5649627685546875e+01 9.6623544692993164e+00 2.4419038295745850e+00
    1.6014755249023438e+02 4.0901251137256622e-02 5505791. -1.
    1.5655347824096680e+01 2.2553600311279297e+01 2.3202235698699951e+00
    6.8296508789062500e+00 6.7727342247962952e-02 1835775. -1.
    1.6032773971557617e+01 6.9113113403320313e+01 6.2736124992370605e+00
    3.0444183349609375e+01 3.0539598315954208e-02 6882048. -1.
    1.6032773971557617e+01 6.9113113403320313e+01 6.2736124992370605e+00
    5.2728637695312500e+01 3.0539598315954208e-02 6882048. -1.
    1.6719633102416992e+01 3.8026123046875000e+01 4.3743634223937988e+00
    2.2597045898437500e+00 2.3912925273180008e-02 14287104. -1.
    1.7654611587524414e+01 8.2637786865234375e+01 3.0542066097259521e+00
    9.3355041503906250e+01 3.4001074731349945e-02 4981759. -1.
    1.8082862854003906e+01 4.8777862548828125e+01 2.4518792629241943e+00
    1.8748553466796875e+02 2.6933325454592705e-02 5833471. -1.
    2.0413276672363281e+01 8.9398488998413086e+00 3.9271671772003174e+00
    5.3370910644531250e+01 2.8392070904374123e-02 6422784. -1.
    2.0556003570556641e+01 2.9025354385375977e+01 1.9406223297119141e+00
    2.6543579101562500e+01 1.5191262587904930e-02 5636607. -1.
    2.0716093063354492e+01 6.6901855468750000e+01 2.7187004089355469e+00
    2.7402893066406250e+01 3.1784527003765106e-02 13304575. -1.
    2.0807621002197266e+01 5.6177482604980469e+01 1.9009230136871338e+00
    6.1981994628906250e+01 3.8007672876119614e-02 4129279. -1.
    2.0807621002197266e+01 5.6177482604980469e+01 1.9009230136871338e+00
    2.4618756103515625e+02 3.8007672876119614e-02 4129279. -1.
    2.4816789627075195e+01 6.9809814453125000e+01 4.7531585693359375e+00
    2.0325100708007813e+02 4.9076776951551437e-02 3539456. -1.
    2.4986314773559570e+01 2.3374593734741211e+01 2.2165555953979492e+00
    3.2474945068359375e+01 2.0492043346166611e-02 15204863. -1.
    2.7187862396240234e+01 7.7875724792480469e+01 2.0206701755523682e+00
    5.4037170410156250e+01 5.2961017936468124e-02 8520191. -1.
    2.7662063598632813e+01 9.1143903732299805e+00 2.1233203411102295e+00
    6.7781127929687500e+01 3.4847024828195572e-02 12124671. -1.
    2.8056617736816406e+01 1.9535936355590820e+01 3.3216683864593506e+00
    2.2637268066406250e+01 1.9687309861183167e-02 11076607. -1.
    2.8548995971679688e+01 5.1460186004638672e+01 2.1541192531585693e+00
    3.2193997192382813e+02 3.1435128301382065e-02 13173247. -1.
    3.0512430191040039e+01 2.4156063079833984e+01 2.1581742763519287e+00
    3.7315979003906250e+01 1.9680742174386978e-02 13304319. -1.
    3.1766954421997070e+01 7.0552444458007813e+01 5.1838498115539551e+00
    6.7387359619140625e+01 6.4687259495258331e-02 9830912. -1.
    3.2559970855712891e+01 7.9307235717773438e+01 5.1094441413879395e+00
    6.5640319824218750e+01 4.1342981159687042e-02 8782336. -1.
    3.4009193420410156e+01 5.4297267913818359e+01 6.8389291763305664e+00
    3.4098474121093750e+02 2.8828460723161697e-02 13173504. -1.
    3.6317470550537109e+01 7.9532928466796875e+01 1.9684368371963501e+00
    2.2100738525390625e+02 2.4452032521367073e-02 6619647. -1.
    3.7623458862304688e+01 3.9169330596923828e+01 2.1840398311614990e+00
    9.8432678222656250e+01 8.7733186781406403e-02 14156287. -1.
    3.7623458862304688e+01 3.9169330596923828e+01 2.1840398311614990e+00
    2.8649301147460938e+02 8.7733186781406403e-02 14156287. -1.
    3.8288047790527344e+01 5.2640338897705078e+01 1.3486358642578125e+01
    2.9242498779296875e+02 2.9301881790161133e-02 12124929. -1.
    3.8288047790527344e+01 5.2640338897705078e+01 1.3486358642578125e+01
    3.4494522094726563e+02 2.9301881790161133e-02 12124929. -1.
    3.8445663452148438e+01 8.2136108398437500e+01 2.5046522617340088e+00
    5.9122344970703125e+01 3.7182897329330444e-02 7340799. -1.
    3.9223281860351563e+01 3.6547176361083984e+01 2.4556100368499756e+00
    2.9009228515625000e+02 4.6651627868413925e-02 5899007. -1.
    4.1264930725097656e+01 3.5687461853027344e+01 3.7972855567932129e+00
    3.0167218017578125e+02 4.5035857707262039e-02 3997952. -1.
    4.3297023773193359e+01 3.2982265472412109e+01 1.9658024311065674e+00
    1.5860856628417969e+02 3.4223157912492752e-02 6554111. -1.
    4.3953220367431641e+01 6.1550998687744141e+01 1.9346601963043213e+00
    7.2057708740234375e+01 1.9928334280848503e-02 5374463. -1.
    4.3953220367431641e+01 6.1550998687744141e+01 1.9346601963043213e+00
    1.1733877563476563e+02 1.9928334280848503e-02 5374463. -1.
    4.4954105377197266e+01 3.0088638305664063e+01 3.4335868358612061e+00
    2.3172032165527344e+02 3.4248620271682739e-02 13435903. -1.
    4.4954105377197266e+01 3.0088638305664063e+01 3.4335868358612061e+00
    3.5525137329101563e+02 3.4248620271682739e-02 13435903. -1.
    4.5394500732421875e+01 7.1406364440917969e+01 2.0454995632171631e+00
    6.8346069335937500e+01 6.0218647122383118e-02 9437695. -1.
    4.5394500732421875e+01 7.1406364440917969e+01 2.0454995632171631e+00
    3.5870562744140625e+02 6.0218647122383118e-02 9437695. -1.
    4.7885746002197266e+01 2.1374387741088867e+01 2.2517377853393555e+01
    4.0935394287109375e+01 4.9493048340082169e-02 15794690. -1.
    5.2451915740966797e+01 7.7007652282714844e+01 5.4041934013366699e+00
    3.5947509765625000e+01 3.1516928225755692e-02 12845568. -1.
    5.2669017791748047e+01 3.7902549743652344e+01 2.5388057231903076e+00
