<?xml version="1.0"?>
<opencv_storage>
<keypoints type_id="opencv-matrix">
  <rows>2</rows>
  <cols>7</cols>
  <dt>d</dt>
  <data>
    1.2089177131652832e+01 1.1719473838806152e+01 5.6793389320373535e+00
    2.2708544921875000e+02 1.1514448374509811e-01 16450048. -1.
    1.2089177131652832e+01 1.1719473838806152e+01 5.6793389320373535e+00
    3.5520458984375000e+02 1.1514448374509811e-01 16450048. -1.</data></keypoints>
<descriptors type_id="opencv-matrix">
  <rows>2</rows>
  <cols>128</cols>
  <dt>f</dt>
  <data>
    16. 4. 0. 0. 0. 4. 39. 73. 4. 3. 0. 0. 0. 113. 92. 21. 0. 0. 0. 0.
    0. 57. 17. 0. 0. 0. 0. 0. 0. 2. 0. 0. 56. 51. 10. 0. 3. 24. 24. 76.
    128. 75. 14. 7. 11. 128. 114. 50. 8. 4. 4. 31. 128. 128. 72. 9. 0.
    0. 0. 3. 24. 18. 0. 0. 44. 39. 68. 15. 15. 32. 14. 26. 128. 91. 128.
    73. 15. 18. 8. 22. 8. 14. 99. 128. 128. 37. 4. 3. 0. 0. 0. 17. 26.
    2. 0. 0. 1. 22. 76. 4. 0. 0. 0. 0. 0. 9. 100. 34. 0. 0. 0. 0. 0. 0.
    30. 37. 1. 0. 0. 0. 0. 0. 0. 2. 0. 0. 0. 0. 0. 0. 0. 0. 0. 0. 0. 2.
    0. 0. 0. 0. 0. 1. 28. 17. 0. 0. 0. 0. 0. 17. 38. 3. 0. 0. 0. 0. 0.
    4. 2. 0. 29. 0. 0. 0. 0. 0. 0. 17. 138. 13. 4. 6. 4. 20. 136. 138.
    10. 4. 7. 37. 48. 138. 138. 44. 0. 0. 1. 3. 19. 108. 17. 0. 66. 6.
    0. 0. 0. 0. 0. 4. 138. 104. 33. 52. 20. 5. 8. 44. 40. 28. 67. 138.
    91. 59. 14. 19. 14. 5. 11. 20. 59. 122. 11. 11. 24. 11. 0. 0. 0. 0.
    0. 1. 101. 104. 56. 20. 19. 1. 0. 2. 24. 28. 84. 49. 51. 5. 1. 6.
    12. 12. 58. 60. 27. 11. 2. 5.</data></descriptors>
</opencv_storage>
