<?xml version="1.0"?>
<opencv_storage>
<keypoints type_id="opencv-matrix">
  <rows>81</rows>
  <cols>7</cols>
  <dt>d</dt>
  <data>
    5.9550938606262207e+00 5.2586223602294922e+01 3.3822610378265381e+00
    5.7558227539062500e+01 4.8495098948478699e-02 12387327. -1.
    6.6792721748352051e+00 5.7230106353759766e+01 3.5304036140441895e+00
    5.3267486572265625e+01 7.8076012432575226e-02 15467519. -1.
    6.9658889770507813e+00 1.1119468688964844e+01 2.4471399784088135e+00
    3.2551708984375000e+02 3.8798823952674866e-02 5636863. -1.
    6.9817581176757813e+00 5.7235527038574219e+01 3.7692196369171143e+00
    5.0493041992187500e+01 7.7039398252964020e-02 3473664. -1.
    9.6958818435668945e+00 5.7455348968505859e+01 6.4283118247985840e+00
    6.0167694091796875e+01 7.6377205550670624e-02 8651520. -1.
    1.1093123435974121e+01 2.1183694839477539e+01 1.9122146368026733e+00
    3.3954934692382813e+02 5.7240672409534454e-02 4522495. -1.
    1.1194912910461426e+01 4.9198368072509766e+01 4.8655228614807129e+00
    6.6393005371093750e+01 4.7945987433195114e-02 5243392. -1.
    1.3608828544616699e+01 7.3762621879577637e+00 2.4969413280487061e+00
    2.3612625122070313e+02 2.5969650596380234e-02 7144191. -1.
    1.6171661376953125e+01 3.3537696838378906e+01 2.5268669128417969e+00
    3.2938400268554688e+02 6.3931189477443695e-02 7996159. -1.
    1.6195312500000000e+01 7.8164276123046875e+01 3.8123662471771240e+00
    2.7410284423828125e+02 4.5865148305892944e-02 4325632. -1.
    1.6410089492797852e+01 7.4569252014160156e+01 2.0244207382202148e+00
    2.7248956298828125e+02 5.9034727513790131e-02 8651263. -1.
    1.7092117309570313e+01 2.8082582473754883e+01 3.1723012924194336e+00
    3.3712823486328125e+02 7.1424186229705811e-02 7734271. -1.
    1.7389072418212891e+01 4.4352431297302246e+00 2.4798033237457275e+00
    2.2280656433105469e+02 3.3604517579078674e-02 6619903. -1.
    1.9118013381958008e+01 8.1105003356933594e+01 1.9164091348648071e+00
    6.5185943603515625e+01 3.0796123668551445e-02 4719103. -1.
    2.0803932189941406e+01 1.6539299011230469e+01 2.1722452640533447e+00
    1.3618324279785156e+02 1.5956630930304527e-02 13763071. -1.
    2.1556676864624023e+01 8.3085716247558594e+01 2.3376243114471436e+00
    2.1706787109375000e+01 6.8685665726661682e-02 2360063. -1.
    2.3277864456176758e+01 7.0497779846191406e+00 6.6785469055175781e+00
    2.3453063964843750e+01 7.5540579855442047e-02 11469568. -1.
    2.3277864456176758e+01 7.0497779846191406e+00 6.6785469055175781e+00
    2.2141009521484375e+02 7.5540579855442047e-02 11469568. -1.
    2.3828615188598633e+01 1.8435411453247070e+01 2.6403319835662842e+00
    1.8651489257812500e+01 2.7275070548057556e-02 11141887. -1.
    2.4041173934936523e+01 7.3702285766601563e+01 2.3345496654510498e+00
    2.3345330810546875e+02 5.2353229373693466e-02 2228991. -1.
    2.4153175354003906e+01 7.4765106201171875e+01 4.7961120605468750e+00
    3.5832183837890625e+01 4.9336522817611694e-02 4194816. -1.
    2.4976814270019531e+01 5.9496898651123047e+01 3.6078522205352783e+00
    1.2309362792968750e+02 1.8544122576713562e-02 327936. -1.
    2.4976814270019531e+01 5.9496898651123047e+01 3.6078522205352783e+00
    3.1117318725585938e+02 1.8544122576713562e-02 327936. -1.
    2.5378948211669922e+01 2.2012886047363281e+01 1.9093017578125000e+00
    3.2122772216796875e+01 2.7866775169968605e-02 4456959. -1.
    2.8369419097900391e+01 8.1226799011230469e+01 5.5820927619934082e+00
    3.1460021972656250e+01 5.7010378688573837e-02 15204864. -1.
    2.8880752563476563e+01 9.7819604873657227e+00 1.8668903112411499e+00
    3.5211914062500000e+01 4.3082576245069504e-02 2818559. -1.
    3.0598384857177734e+01 7.6017044067382813e+01 2.4227764606475830e+00
    4.1468933105468750e+01 5.3542576730251312e-02 4915967. -1.
    3.1482448577880859e+01 8.5062957763671875e+01 2.2796573638916016e+00
    2.2926603698730469e+02 1.4798362739384174e-02 525055. -1.
    3.2578273773193359e+01 5.4928195953369141e+01 1.9298866987228394e+00
    1.0323791503906250e+00 6.8745091557502747e-02 5177855. -1.
    3.5030941009521484e+01 7.1912246704101563e+01 2.2656643390655518e+00
    5.1946228027343750e+01 5.2871845662593842e-02 66303. -1.
    3.5030941009521484e+01 7.1912246704101563e+01 2.2656643390655518e+00
    8.0253662109375000e+01 5.2871845662593842e-02 66303. -1.
    3.6095512390136719e+01 4.9955287933349609e+01 5.7908205986022949e+00
    4.0764160156250000e+00 4.9127526581287384e-02 1114880. -1.
    3.7992572784423828e+01 2.6143659591674805e+01 2.5699048042297363e+00
    3.3653396606445313e+02 1.5983045101165771e-02 9175807. -1.
    3.8029834747314453e+01 5.2595554351806641e+01 2.6489381790161133e+00
    3.8487304687500000e+01 5.9693768620491028e-02 11404031. -1.
    3.8029834747314453e+01 5.2595554351806641e+01 2.6489381790161133e+00
    1.1264274597167969e+02 5.9693768620491028e-02 11404031. -1.
    3.8029834747314453e+01 5.2595554351806641e+01 2.6489381790161133e+00
    3.4981661987304688e+02 5.9693768620491028e-02 11404031. -1.
    3.8048156738281250e+01 6.5609207153320313e+01 1.9674261808395386e+00
    3.0188665771484375e+02 4.9910098314285278e-02 6619647. -1.
    3.9836349487304688e+01 1.9084957122802734e+01 1.9415485858917236e+00
    9.1706481933593750e+01 2.6504766196012497e-02 5636607. -1.
    3.9871200561523438e+01 2.6694393157958984e+01 8.5193595886230469e+00
    4.3642578125000000e+01 2.7003541588783264e-02 12321025. -1.
    3.9871200561523438e+01 2.6694393157958984e+01 8.5193595886230469e+00
    7.6945281982421875e+01 2.7003541588783264e-02 12321025. -1.
    3.9871200561523438e+01 2.6694393157958984e+01 8.5193595886230469e+00
    2.8946466064453125e+02 2.7003541588783264e-02 12321025. -1.
    4.2991413116455078e+01 7.0687324523925781e+01 3.1693761348724365e+00
    1.0544158935546875e+01 3.9034578949213028e-02 7668735. -1.
    4.2991413116455078e+01 7.0687324523925781e+01 3.1693761348724365e+00
    2.5339747619628906e+02 3.9034578949213028e-02 7668735. -1.
    4.3562736511230469e+01 4.1800304412841797e+01 3.3753139972686768e+00
    7.6008392333984375e+01 2.4687308818101883e-02 12190719. -1.
    4.3779464721679688e+01 4.1415744781494141e+01 3.8199031352996826e+00
    7.5166839599609375e+01 2.4528117850422859e-02 4456704. -1.
    4.4675987243652344e+01 3.1810340881347656e+01 2.4995887279510498e+00
    1.8904751586914063e+02 1.5638817101716995e-02 7209727. -1.
    4.4681724548339844e+01 8.2338958740234375e+01 4.1402873992919922e+00
    3.1294271850585938e+02 5.7080838829278946e-02 10289408. -1.
    4.6390453338623047e+01 6.8706443786621094e+01 5.1717486381530762e+00
    2.2938459777832031e+02 4.0228910744190216e-02 9634304. -1.
    4.6879638671875000e+01 7.7280364990234375e+01 3.5272164344787598e+00
    3.1141555786132813e+02 4.8068806529045105e-02 15401983. -1.
    4.8495029449462891e+01 1.6610649108886719e+01 2.1057336330413818e+00
    1.2083810424804688e+02 1.6262119635939598e-02 11534847. -1.
    5.0501789093017578e+01 8.5357490539550781e+01 2.0215206146240234e+00
    4.9916992187500000e+00 3.5631895065307617e-02 8585727. -1.
    5.0684047698974609e+01 3.8200687408447266e+01 1.8164173364639282e+00
    3.4762823486328125e+02 3.4834794700145721e-02 852479. -1.
    5.0987674713134766e+01 5.4924213409423828e+01 2.4609572887420654e+00
    2.6024353027343750e+02 1.8105773255228996e-02 6095615. -1.
    5.1076156616210938e+01 2.7267284393310547e+01 2.1829156875610352e+00
    3.1734561157226563e+02 1.3551776297390461e-02 14090751. -1.
    5.1732913970947266e+01 2.1454235076904297e+01 5.3269581794738770e+00
    1.4605844116210938e+02 2.1295338869094849e-02 11796992. -1.
    5.3815723419189453e+01 7.2670097351074219e+01 5.7343358993530273e+00
    3.2800143432617188e+02 5.0409529358148575e-02 393984. -1.
    5.6467506408691406e+01 6.9852104187011719e+01 1.9028749465942383e+00
    3.5734341430664063e+02 5.6100241839885712e-02 4194815. -1.
    5.6999698638916016e+01 4.1978088378906250e+01 6.4680857658386230e+00
