<?xml version="1.0"?>
<opencv_storage>
<keypoints type_id="opencv-matrix">
  <rows>112</rows>
  <cols>7</cols>
  <dt>d</dt>
  <data>
    2.8895173072814941 27.188028335571289 2.1563496589660645
    225.77752685546875 0.053372133523225784 13238783. -1.
    3.2693727016448975 32.838031768798828 2.1728758811950684
    63.51727294921875 0.047672651708126068 13763071. -1.
    3.2693727016448975 32.838031768798828 2.1728758811950684
    167.33795166015625 0.047672651708126068 13763071. -1.
    3.2693727016448975 32.838031768798828 2.1728758811950684
    346.04376220703125 0.047672651708126068 13763071. -1.
    4.7080159187316895 53.93609619140625 1.9938786029815674
    73.96234130859375 0.040435492992401123 7537151. -1.
    5.2518787384033203 57.929374694824219 3.8318135738372803
    187.00064086914063 0.035878937691450119 4653312. -1.
    5.6415767669677734 10.099884986877441 4.6589145660400391
    10.1431884765625 0.051570281386375427 2097664. -1.
    5.6415767669677734 10.099884986877441 4.6589145660400391
    163.56742858886719 0.051570281386375427 2097664. -1.
    6.894500732421875 41.972877502441406 2.5425233840942383
    195.90119934082031 0.033230364322662354 8454911. -1.
    7.8355107307434082 85.330604553222656 2.2874078750610352
    264.49755859375 0.030482744798064232 787199. -1. 8.4023914337158203
    54.586620330810547 2.0238656997680664 65.974578857421875
    0.044534090906381607 8651263. -1. 8.4023914337158203
    54.586620330810547 2.0238656997680664 192.06961059570313
    0.044534090906381607 8651263. -1. 8.7777280807495117
    15.960049629211426 2.1669607162475586 46.560760498046875
    0.05754692479968071 13566463. -1. 8.7777280807495117
    15.960049629211426 2.1669607162475586 309.91790771484375
    0.05754692479968071 13566463. -1. 8.8869152069091797
    21.974706649780273 1.9677393436431885 205.913330078125
    0.043751250952482224 6619647. -1. 8.8869152069091797
    21.974706649780273 1.9677393436431885 306.10589599609375
    0.043751250952482224 6619647. -1. 9.8617258071899414
    50.416378021240234 2.0550079345703125 212.8419189453125
    0.023630270734429359 9765375. -1. 11.054146766662598
    59.490058898925781 4.1906538009643555 22.95843505859375
    0.04314911738038063 11141376. -1. 11.054146766662598
    59.490058898925781 4.1906538009643555 184.91339111328125
    0.04314911738038063 11141376. -1. 11.525177001953125
    5.4242548942565918 2.6017880439758301 2.62493896484375
    0.054210077971220016 10093311. -1. 11.525177001953125
    5.4242548942565918 2.6017880439758301 199.56173706054688
    0.054210077971220016 10093311. -1. 11.77088451385498
    19.960453033447266 1.9388744831085205 297.76959228515625
    0.064141415059566498 5571071. -1. 11.993518829345703
    12.252949714660645 2.3934884071350098 8.663909912109375
    0.047421742230653763 4063999. -1. 12.141489028930664
    15.922032356262207 1.8763118982315063 60.38916015625
    0.065874397754669189 3146239. -1. 12.141489028930664
    15.922032356262207 1.8763118982315063 169.07905578613281
    0.065874397754669189 3146239. -1. 12.141489028930664
    15.922032356262207 1.8763118982315063 318.51205444335938
    0.065874397754669189 3146239. -1. 13.897603034973145
    16.292804718017578 7.7533769607543945 301.823974609375
    0.035983674228191376 5505281. -1. 15.387065887451172
    28.074291229248047 5.4752607345581055 0.4798583984375
    0.045522928237915039 13763072. -1. 15.752767562866211
    12.089845657348633 2.0291094779968262 26.53326416015625
    0.063985072076320648 8847871. -1. 15.752767562866211
    12.089845657348633 2.0291094779968262 130.71392822265625
    0.063985072076320648 8847871. -1. 15.841090202331543
    22.901830673217773 1.9629834890365601 231.91441345214844
    0.086287759244441986 6423039. -1. 15.841090202331543
    22.901830673217773 1.9629834890365601 298.30572509765625
    0.086287759244441986 6423039. -1. 15.867382049560547
    19.945625305175781 2.0266177654266357 316.45486450195313
    0.077410005033016205 8716799. -1. 16.072628021240234
    60.937767028808594 3.4294700622558594 11.473419189453125
    0.041406981647014618 13370367. -1. 16.072628021240234
    60.937767028808594 3.4294700622558594 140.35316467285156
    0.041406981647014618 13370367. -1. 16.355377197265625
    61.506320953369141 3.6521515846252441 20.87945556640625
    0.041285790503025055 1179904. -1. 16.355377197265625
    61.506320953369141 3.6521515846252441 140.2650146484375
    0.041285790503025055 1179904. -1. 16.461172103881836
    84.276947021484375 3.4310982227325439 284.6046142578125
    0.026812929660081863 13370367. -1. 17.012907028198242
    40.707176208496094 3.7935872077941895 345.11166381835938
    0.031784459948539734 3932416. -1. 19.461139678955078
    8.3605480194091797 2.423375129699707 89.3836669921875
    0.040599789470434189 4981503. -1. 19.774881362915039
    23.325746536254883 2.1659109592437744 29.80072021484375
    0.069133192300796509 13566463. -1. 19.805906295776367
    15.982640266418457 1.9410269260406494 130.63189697265625
    0.071880199015140533 5636607. -1. 19.863471984863281
    19.912773132324219 1.8888276815414429 260.8743896484375
    0.065786831080913544 3670527. -1. 20.670534133911133
    80.802070617675781 2.9321393966674805 174.92277526855469
    0.014432221651077271 2032639. -1. 22.037797927856445
    28.990852355957031 4.5523214340209961 3.33782958984375
    0.066605448722839355 459264. -1. 22.739467620849609
    15.901577949523926 1.808102011680603 10.414459228515625
    0.059166155755519867 459263. -1. 22.739467620849609
    15.901577949523926 1.808102011680603 103.747314453125
    0.059166155755519867 459263. -1. 22.739467620849609
    15.901577949523926 1.808102011680603 250.9696044921875
    0.059166155755519867 459263. -1. 23.166728973388672
    19.119392395019531 2.3820407390594482 28.5787353515625
    0.054062437266111374 3736319. -1. 23.866111755371094
    12.643513679504395 2.550180196762085 31.2796630859375
    0.057375345379114151 8651519. -1. 23.906660079956055
    49.558822631835938 2.3507876396179199 181.34202575683594
    0.065075419843196869 2753279. -1. 23.906660079956055
    49.558822631835938 2.3507876396179199 327.41778564453125
    0.065075419843196869 2753279. -1. 24.634851455688477
    80.3846435546875 2.6120100021362305 181.046875 0.022729238495230675
    10355455. -1. 24.960237503051758 71.263992309570313
    2.5312974452972412 21.838958740234375 0.059494640678167343 8127231.
    -1. 24.960237503051758 71.263992309570313 2.5312974452972412
    171.22648620605469 0.059494640678167343 8127231. -1.
    25.859928131103516 67.74835205078125 4.0683107376098633
    28.1387939453125 0.051219787448644638 8978688. -1.
    26.549856185913086 47.113922119140625 2.0629289150238037
    298.13412475585938 0.058751329779624939 10027519. -1.
    26.745668411254883 37.209671020507813 3.4004857540130615
    158.37989807128906 0.044911377131938934 12780543. -1.
    26.939479827880859 59.351608276367188 9.8317785263061523
    20.215484619140625 0.057108379900455475 5964289. -1.
    27.389598846435547 28.211294174194336 3.2637748718261719
    200.01925659179688 0.056096989661455154 9765887. -1.
    28.384052276611328 73.367561340332031 2.5056190490722656
    16.39501953125 0.028395099565386772 7406335. -1. 31.540172576904297
    53.271095275878906 5.1080594062805176 15.806304931640625
    0.051916826516389847 8782336. -1. 32.901275634765625
    52.823085784912109 3.455735445022583 16.603729248046875
    0.052979178726673126 13894655. -1. 34.741268157958984
    4.8790750503540039 3.0094478130340576 51.777496337890625
    0.027336126193404198 3933183. -1. 34.741268157958984
    4.8790750503540039 3.0094478130340576 105.45774841308594
    0.027336126193404198 3933183. -1. 36.163196563720703
    48.304363250732422 2.2686624526977539 116.39997863769531
    0.073618099093437195 197375. -1. 36.178852081298828
    53.392913818359375 1.8834850788116455 6.67218017578125
    0.053620684891939163 3473919. -1. 36.319240570068359
