<?xml version="1.0"?>
<opencv_storage>
<keypoints type_id="opencv-matrix">
  <rows>76</rows>
  <cols>7</cols>
  <dt>d</dt>
  <data>
    5.3125734329223633 8.691746711730957 2.5710208415985107
    99.4620361328125 0.016520168632268906 9241343. -1.
    7.0681552886962891 14.003436088562012 2.2442901134490967 8.595703125
    0.031350307166576385 16122367. -1. 8.2454919815063477
    18.603366851806641 2.495741605758667 325.89642333984375
    0.034604966640472412 7078655. -1. 9.1285314559936523
    42.903209686279297 6.138582706451416 22.4754638671875
    0.047781523317098618 5309184. -1. 10.206497192382813
    14.689792633056641 2.6067476272583008 7.779205322265625
    0.059667631983757019 10224383. -1. 11.929290771484375
    7.9335708618164063 2.7055203914642334 53.038726806640625
    0.035106640309095383 12911359. -1. 12.414120674133301
    18.31620979309082 1.8673323392868042 296.19439697265625
    0.059986460953950882 2818559. -1. 13.444613456726074
    21.598649978637695 1.9960918426513672 293.78152465820313
    0.047672942280769348 7668223. -1. 13.444613456726074
    21.598649978637695 1.9960918426513672 330.75054931640625
    0.047672942280769348 7668223. -1. 14.442647933959961
    51.192989349365234 4.3348789215087891 32.146636962890625
    0.044782031327486038 13631744. -1. 14.442647933959961
    51.192989349365234 4.3348789215087891 358.69668579101563
    0.044782031327486038 13631744. -1. 14.971633911132813
    10.044715881347656 3.1383297443389893 54.73583984375
    0.041584718972444534 6947839. -1. 15.293750762939453
    15.485598564147949 8.5934410095214844 170.49322509765625
    0.042684521526098251 12976385. -1. 15.293750762939453
    15.485598564147949 8.5934410095214844 331.08740234375
    0.042684521526098251 12976385. -1. 16.665704727172852
    19.299293518066406 2.9201056957244873 231.50146484375
    0.054361879825592041 1704959. -1. 16.665704727172852
    19.299293518066406 2.9201056957244873 311.10787963867188
    0.054361879825592041 1704959. -1. 18.083539962768555
    14.944307327270508 2.0531954765319824 13.066436767578125
    0.077473044395446777 9699839. -1. 18.083539962768555
    14.944307327270508 2.0531954765319824 171.4327392578125
    0.077473044395446777 9699839. -1. 21.265420913696289
    15.316427230834961 2.5744128227233887 181.94927978515625
    0.062768004834651947 9306879. -1. 21.283132553100586
    15.185019493103027 2.5815150737762451 177.10040283203125
    0.062621012330055237 9503487. -1. 22.9766845703125
    18.336986541748047 1.9798954725265503 205.15475463867188
    0.03287813812494278 7078399. -1. 23.259231567382813
    26.015512466430664 3.0487668514251709 74.8184814453125
    0.020372308790683746 4850687. -1. 23.259231567382813
    26.015512466430664 3.0487668514251709 179.17024230957031
    0.020372308790683746 4850687. -1. 24.218666076660156
    86.076835632324219 2.2536633014678955 280.22079467773438
    0.023102816194295883 16450047. -1. 24.512611389160156
    15.49940013885498 2.4450051784515381 179.64933776855469
    0.036042112857103348 5636863. -1. 26.570966720581055
    29.960241317749023 4.2769322395324707 63.992218017578125
    0.030888000503182411 12648704. -1. 28.989803314208984
    46.817306518554688 2.5610463619232178 267.68203735351563
    0.034577704966068268 8979199. -1. 31.510641098022461
    85.626121520996094 2.0341191291809082 252.7314453125
    0.032177910208702087 8978943. -1. 31.833189010620117
    50.692707061767578 4.1075077056884766 48.822357177734375
    0.076811514794826508 9699584. -1. 31.833189010620117
    50.692707061767578 4.1075077056884766 279.59970092773438
    0.076811514794826508 9699584. -1. 31.945112228393555
    31.062400817871094 2.6439788341522217 63.89544677734375
    0.025932390242815018 11272959. -1. 33.194797515869141
    50.14263916015625 2.0450060367584229 278.9466552734375
    0.081536993384361267 9372159. -1. 34.973155975341797
    54.630813598632813 2.5395264625549316 49.54974365234375
    0.025422176346182823 8323839. -1. 39.646175384521484
    28.133815765380859 1.9077142477035522 118.2730712890625
    0.021990640088915825 4391423. -1. 45.778369903564453
    75.0096435546875 2.0534470081329346 230.89759826660156
    0.04216066375374794 9699839. -1. 46.941421508789063
    77.209136962890625 2.0240941047668457 230.875244140625
    0.051541019231081009 8651263. -1. 47.060756683349609
    52.451499938964844 2.2217013835906982 131.91169738769531
    0.028167491778731346 15401471. -1. 47.820362091064453
    58.317039489746094 3.7790608406066895 121.8983154296875
    0.015483716502785683 3670272. -1. 50.187591552734375
    70.092674255371094 6.0911746025085449 270.7791748046875
    0.030854750424623489 4784896. -1. 51.417396545410156
    35.367469787597656 11.239804267883301 114.39973449707031
    0.019696842879056931 15663617. -1. 52.207828521728516
    58.288040161132813 1.9140157699584961 109.30462646484375
    0.019172031432390213 4588031. -1. 52.790134429931641
    48.1156005859375 6.6634774208068848 102.25686645507813
    0.042227789759635925 11272960. -1. 54.206073760986328
    16.261205673217773 6.3839864730834961 109.12847900390625
    0.023635901510715485 8192768. -1. 54.206073760986328
    16.261205673217773 6.3839864730834961 318.34130859375
    0.023635901510715485 8192768. -1. 60.405010223388672 47.20166015625
    3.9007804393768311 141.43440246582031 0.016973655670881271 5964032.
    -1. 64.474861145019531 6.3223023414611816 2.9125277996063232
    0.19873046875 0.021282065659761429 1573887. -1. 65.555191040039063
    21.862077713012695 2.2924568653106689 291.46136474609375
    0.041133720427751541 918271. -1. 67.104202270507813
    83.991401672363281 2.4240169525146484 11.822784423828125
    0.03437357023358345 4981503. -1. 67.104202270507813
    83.991401672363281 2.4240169525146484 242.16290283203125
    0.03437357023358345 4981503. -1. 69.235641479492188
    58.531593322753906 7.7395691871643066 169.40658569335938
    0.033084295690059662 5374209. -1. 71.07476806640625
    13.608307838439941 2.4747433662414551 342.61325073242188
    0.037806399166584015 6488831. -1. 71.397621154785156
    25.095415115356445 3.0817482471466064 277.5177001953125
    0.033965986222028732 5637119. -1. 72.543060302734375
    36.105682373046875 2.6322166919708252 111.1552734375
    0.016580088064074516 10945279. -1. 72.820213317871094
    37.334918975830078 5.3147358894348145 118.86981201171875
    0.018361272290349007 11600384. -1. 73.460037231445313
    73.415786743164063 2.2217199802398682 22.503662109375
    0.032530296593904495 15401471. -1. 75.861412048339844
    76.194046020507813 6.3289170265197754 181.91217041015625
    0.037995889782905579 7537408. -1. 77.311714172363281
    78.862754821777344 3.2854557037353516 179.25543212890625
    0.033247772604227066 10290175. -1. 77.532211303710938
    24.17304801940918 2.0926246643066406 35.224639892578125
    0.065033026039600372 11076095. -1. 78.07330322265625
    58.724575042724609 3.5292797088623047 13.724029541015625
    0.044563006609678268 15467519. -1. 78.708648681640625
    61.186397552490234 6.0048370361328125 23.63958740234375
    0.046747684478759766 3736320. -1. 78.708648681640625
    61.186397552490234 6.0048370361328125 142.57041931152344
    0.046747684478759766 3736320. -1. 78.708648681640625
    61.186397552490234 6.0048370361328125 179.82571411132813
    0.046747684478759766 3736320. -1. 79.037185668945313
    29.787420272827148 3.3798847198486328 292.86627197265625
    0.037777893245220184 12321791. -1. 79.785057067871094
    69.147132873535156 2.3808772563934326 198.14297485351563
    0.017517028376460075 3670783. -1. 80.305938720703125
    52.809822082519531 2.2177402973175049 127.15757751464844
    0.033604871481657028 15270399. -1. 80.376716613769531
    48.055938720703125 4.3644824028015137 129.92262268066406
    0.028341943398118019 14090496. -1. 80.403640747070313
    25.652063369750977 2.2714738845825195 26.15777587890625
    0.071119599044322968 262911. -1. 80.403640747070313
