<?xml version="1.0"?>
<opencv_storage>
<keypoints type_id="opencv-matrix">
  <rows>37</rows>
  <cols>7</cols>
  <dt>d</dt>
  <data>
    2.2892454147338867e+01 3.7738113403320313e+01 2.7134282588958740e+00
    5.1794921875000000e+01 6.2522627413272858e-02 13107967. -1.
    2.2964494705200195e+01 4.3785800933837891e+01 2.7218749523162842e+00
    3.0642834472656250e+02 6.4035013318061829e-02 13370111. -1.
    2.2964494705200195e+01 4.3785800933837891e+01 2.7218749523162842e+00
    3.4856030273437500e+02 6.4035013318061829e-02 13370111. -1.
    2.8681510925292969e+01 4.7168689727783203e+01 2.8412873744964600e+00
    1.1930931091308594e+02 6.2734015285968781e-02 16450303. -1.
    2.8738454818725586e+01 3.4208412170410156e+01 2.8789641857147217e+00
    1.8430891418457031e+02 6.1642527580261230e-02 721919. -1.
    2.8738454818725586e+01 3.4208412170410156e+01 2.8789641857147217e+00
    2.3655474853515625e+02 6.1642527580261230e-02 721919. -1.
    2.9030393600463867e+01 5.4301464080810547e+01 2.8178498744964600e+00
    3.0461773681640625e+02 6.2318887561559677e-02 15860479. -1.
    2.9030393600463867e+01 5.4301464080810547e+01 2.8178498744964600e+00
    3.5530004882812500e+02 6.2318887561559677e-02 15860479. -1.
    2.9048145294189453e+01 2.7059268951416016e+01 2.8365180492401123e+00
    5.6377563476562500e+00 6.2310010194778442e-02 16319231. -1.
    2.9048145294189453e+01 2.7059268951416016e+01 2.8365180492401123e+00
    5.5249969482421875e+01 6.2310010194778442e-02 16319231. -1.
    3.4359733581542969e+01 2.3932573318481445e+01 2.7094631195068359e+00
    6.4978393554687500e+01 6.3677333295345306e-02 13042431. -1.
    3.4359733581542969e+01 2.3932573318481445e+01 2.7094631195068359e+00
    1.1726060485839844e+02 6.3677333295345306e-02 13042431. -1.
    3.4442630767822266e+01 5.7405803680419922e+01 2.6942632198333740e+00
    2.4297998046875000e+02 6.4033240079879761e-02 12649215. -1.
    3.4442630767822266e+01 5.7405803680419922e+01 2.6942632198333740e+00
    2.9204013061523438e+02 6.4033240079879761e-02 12649215. -1.
    4.0513862609863281e+01 2.7224622726440430e+01 2.8372635841369629e+00
    9.0708496093750000e+01 6.5327592194080353e-02 16384767. -1.
    4.0513862609863281e+01 2.7224622726440430e+01 2.8372635841369629e+00
    2.4251925659179688e+02 6.5327592194080353e-02 16384767. -1.
    4.0513862609863281e+01 2.7224622726440430e+01 2.8372635841369629e+00
    2.9843124389648438e+02 6.5327592194080353e-02 16384767. -1.
    4.0527091979980469e+01 5.4068389892578125e+01 2.6739239692687988e+00
    6.2381927490234375e+01 6.2849380075931549e-02 12059391. -1.
    4.0527091979980469e+01 5.4068389892578125e+01 2.6739239692687988e+00
    1.1746231079101563e+02 6.2849380075931549e-02 12059391. -1.
    4.4332206726074219e+01 4.5883113861083984e+01 2.4868934154510498e+00
    2.3220326232910156e+02 5.9797387570142746e-02 6816511. -1.
    4.6600349426269531e+01 5.7391265869140625e+01 2.7544515132904053e+00
    2.4864570617675781e+02 6.3677832484245300e-02 14222079. -1.
    4.6600349426269531e+01 5.7391265869140625e+01 2.7544515132904053e+00
    2.9650701904296875e+02 6.3677832484245300e-02 14222079. -1.
    4.6693630218505859e+01 2.3946228027343750e+01 2.6761264801025391e+00
    6.4469024658203125e+01 6.2752455472946167e-02 12124927. -1.
    4.6693630218505859e+01 2.3946228027343750e+01 2.6761264801025391e+00
    1.1129960632324219e+02 6.2752455472946167e-02 12124927. -1.
    5.2096920013427734e+01 2.7004665374755859e+01 2.6650516986846924e+00
    1.2684065246582031e+02 6.3890099525451660e-02 11862783. -1.
    5.2096920013427734e+01 2.7004665374755859e+01 2.6650516986846924e+00
    1.7940365600585938e+02 6.3890099525451660e-02 11862783. -1.
    5.2160594940185547e+01 3.3930568695068359e+01 2.7999141216278076e+00
    3.0494546508789063e+02 6.2450047582387924e-02 15401727. -1.
    5.2160594940185547e+01 3.3930568695068359e+01 2.7999141216278076e+00
    3.5839239501953125e+02 6.2450047582387924e-02 15401727. -1.
    5.2172943115234375e+01 5.4223487854003906e+01 2.6237008571624756e+00
    1.7847241210937500e+02 6.3567206263542175e-02 10683135. -1.
    5.2172943115234375e+01 5.4223487854003906e+01 2.6237008571624756e+00
    2.2880357360839844e+02 6.3567206263542175e-02 10683135. -1.
    5.2197925567626953e+01 4.7454967498779297e+01 2.8760030269622803e+00
    5.4820129394531250e+01 6.2235657125711441e-02 656383. -1.
    5.2197925567626953e+01 4.7454967498779297e+01 2.8760030269622803e+00
    3.5959664916992188e+02 6.2235657125711441e-02 656383. -1.
    5.8287967681884766e+01 4.3622776031494141e+01 2.7792849540710449e+00
    1.8599134826660156e+02 6.3998661935329437e-02 14877439. -1.
    5.8287967681884766e+01 4.3622776031494141e+01 2.7792849540710449e+00
    2.3541302490234375e+02 6.3998661935329437e-02 14877439. -1.
    5.8314941406250000e+01 3.7703281402587891e+01 2.7004170417785645e+00
    1.2685778808593750e+02 6.2398936599493027e-02 12780287. -1.
    5.8314941406250000e+01 3.7703281402587891e+01 2.7004170417785645e+00
    1.6891427612304688e+02 6.2398936599493027e-02 12780287. -1.
    5.8367984771728516e+01 3.7766891479492188e+01 2.7266871929168701e+00
    1.7265638732910156e+02 6.2072232365608215e-02 13501183. -1.</data></keypoints>
