<?xml version="1.0"?>
<opencv_storage>
<keypoints type_id="opencv-matrix">
  <rows>14</rows>
  <cols>7</cols>
  <dt>d</dt>
  <data>
    1.8544466018676758e+01 3.8759239196777344e+01 2.3111650943756104e+00
    8.1195037841796875e+01 8.2622908055782318e-02 1508095. -1.
    1.8544466018676758e+01 3.8759239196777344e+01 2.3111650943756104e+00
    3.2482925415039063e+02 8.2622908055782318e-02 1508095. -1.
    1.8712593078613281e+01 4.4881439208984375e+01 2.5793530941009521e+00
    2.7641406250000000e+02 8.5345737636089325e-02 9503487. -1.
    1.9806165695190430e+01 4.4780437469482422e+01 3.2080864906311035e+00
    2.7128341674804688e+02 8.4793500602245331e-02 8520703. -1.
    1.9979473114013672e+01 3.8866661071777344e+01 3.1327335834503174e+00
    8.7780334472656250e+01 8.0172799527645111e-02 6816767. -1.
    1.9979473114013672e+01 3.8866661071777344e+01 3.1327335834503174e+00
    3.4814196777343750e+02 8.0172799527645111e-02 6816767. -1.
    2.0334512710571289e+01 7.7003126144409180e+00 2.9258904457092285e+00
    7.6251586914062500e+01 8.5692860186100006e-02 1901567. -1.
    2.4112327575683594e+01 1.6530380249023438e+01 2.7092998027801514e+00
    2.5315856933593750e+00 8.9051529765129089e-02 13042431. -1.
    2.5182655334472656e+01 4.1622932434082031e+01 9.1097669601440430e+00
    1.8804437255859375e+02 7.3860868811607361e-02 459265. -1.
    2.7791004180908203e+01 3.0913814544677734e+01 4.1373286247253418e+00
    1.7905102539062500e+02 8.6544588208198547e-02 10223872. -1.
    2.7886604309082031e+01 4.6967273712158203e+01 3.5026643276214600e+00
    1.8522962951660156e+02 9.0996369719505310e-02 14877695. -1.
    3.0973302841186523e+01 1.5133679389953613e+01 2.6155333518981934e+00
    1.7923074340820313e+02 9.1158211231231689e-02 10486527. -1.
    3.5207267761230469e+01 2.3705045700073242e+01 3.0414950847625732e+00
    5.8108154296875000e+01 8.5871405899524689e-02 4654079. -1.
    3.5207267761230469e+01 2.3705045700073242e+01 3.0414950847625732e+00
    2.5330035400390625e+02 8.5871405899524689e-02 4654079. -1.</data></keypoints>
<descriptors type_id="opencv-matrix">
  <rows>14</rows>
  <cols>128</cols>
  <dt>f</dt>
  <data>
    17. 31. 105. 1. 0. 0. 0. 3. 100. 62. 80. 0. 0. 0. 14. 85. 12. 28.
    74. 1. 0. 14. 112. 44. 0. 18. 88. 2. 6. 37. 69. 0. 68. 5. 1. 0. 0.
    0. 0. 9. 123. 49. 18. 12. 0. 0. 6. 83. 43. 52. 97. 91. 0. 9. 54. 31.
    13. 74. 29. 20. 56. 45. 52. 2. 30. 21. 1. 0. 0. 0. 0. 0. 82. 123.
    109. 20. 0. 0. 0. 1. 11. 105. 123. 112. 0. 0. 0. 0. 15. 123. 122.
    63. 23. 0. 0. 0. 0. 3. 1. 0. 0. 0. 0. 0. 0. 13. 26. 1. 0. 0. 0. 0.
    0. 15. 40. 4. 0. 0. 0. 0. 0. 24. 59. 9. 0. 0. 0. 0. 0. 0. 0. 0. 0.
    0. 0. 2. 0. 0. 0. 0. 0. 2. 22. 20. 0. 0. 0. 0. 0. 19. 32. 3. 2. 0.
    0. 0. 0. 5. 2. 4. 17. 0. 0. 0. 0. 0. 1. 24. 94. 4. 0. 0. 0. 8. 76.
    119. 14. 1. 0. 0. 2. 119. 119. 36. 7. 0. 0. 0. 3. 112. 36. 41. 33.
    0. 0. 0. 0. 0. 37. 119. 119. 18. 0. 0. 0. 2. 90. 119. 80. 10. 1. 39.
    62. 115. 42. 33. 13. 0. 0. 16. 61. 106. 31. 109. 100. 85. 4. 0. 0.
    0. 17. 69. 30. 70. 35. 24. 5. 1. 81. 70. 17. 1. 10. 119. 42. 1. 8.
    40. 33. 0. 0. 27. 17. 1. 2. 119. 0. 0. 0. 0. 0. 0. 0. 1. 0. 0. 0. 0.
    0. 0. 16. 9. 0. 0. 0. 0. 0. 4. 31. 7. 0. 0. 0. 0. 0. 6. 36. 11. 17.
    0. 0. 0. 0. 0. 0. 9. 93. 1. 0. 0. 0. 12. 89. 123. 12. 0. 0. 0. 0.
    123. 123. 96. 6. 0. 0. 0. 29. 73. 123. 123. 37. 4. 0. 0. 0. 0. 0. 3.
    123. 80. 7. 0. 0. 8. 12. 45. 59. 41. 73. 11. 1. 104. 75. 50. 5. 1.
    51. 51. 83. 31. 36. 67. 24. 1. 0. 0. 0. 0. 1. 40. 93. 56. 10. 0. 0.
    0. 53. 123. 13. 37. 93. 10. 0. 0. 117. 37. 0. 0. 53. 32. 9. 4. 123.
    16. 1. 0. 0. 0. 0. 0. 0. 2. 2. 0. 0. 0. 0. 2. 26. 22. 0. 0. 0. 0. 0.
    9. 63. 10. 0. 0. 0. 0. 1. 16. 36. 5. 19. 0. 0. 0. 0. 0. 0. 6. 119.
    7. 0. 0. 0. 12. 64. 119. 20. 4. 3. 1. 2. 83. 119. 78. 0. 0. 1. 5.
    84. 98. 105. 33. 28. 0. 0. 0. 0. 0. 0. 31. 119. 57. 8. 0. 0. 2. 27.
    105. 37. 44. 85. 17. 4. 22. 86. 27. 0. 0. 23. 54. 119. 44. 75. 7.
    71. 18. 1. 0. 0. 0. 1. 40. 83. 57. 52. 0. 0. 0. 52. 119. 3. 7. 119.
    4. 0. 1. 119. 19. 0. 0. 105. 6. 3. 15. 119. 1. 7. 20. 121. 6. 0. 5.
    50. 6. 7. 40. 121. 0. 0. 5. 89. 3. 2. 12. 121. 1. 0. 7. 109. 3. 0.
    1. 74. 53. 21. 30. 66. 0. 22. 19. 121. 14. 2. 0. 0. 0. 121. 66. 84.
    3. 0. 0. 9. 55. 25. 27. 80. 14. 4. 16. 82. 37. 0. 7. 40. 57. 121.
    53. 21. 0. 25. 10. 1. 2. 2. 0. 0. 0. 121. 121. 72. 14. 0. 0. 0. 6.
    12. 88. 121. 56. 2. 1. 3. 3. 0. 35. 87. 100. 93. 6. 1. 0. 1. 3. 0.
    0. 0. 0. 0. 0. 1. 22. 29. 2. 0. 0. 0. 0. 0. 13. 63. 7. 0. 0. 0. 0.
    0. 6. 38. 19. 1. 0. 0. 0. 0. 0. 0. 0. 0. 0. 1. 3. 0. 1. 1. 0. 0. 2.
    27. 10. 68. 8. 3. 0. 0. 4. 24. 20. 118. 4. 1. 4. 11. 5. 11. 65. 33.
    1. 0. 0. 0. 0. 1. 23. 86. 8. 0. 0. 0. 15. 118. 116. 53. 1. 0. 0. 9.
    88. 118. 69. 118. 0. 0. 17. 47. 4. 11. 98. 73. 4. 0. 0. 0. 0. 0. 38.
    118. 30. 4. 4. 6. 5. 12. 118. 70. 5. 3. 25. 78. 45. 27. 43. 92. 0.
    0. 33. 96. 4. 3. 48. 49. 38. 4. 0. 0. 0. 0. 11. 56. 115. 118. 11. 3.
    0. 0. 41. 78. 54. 84. 42. 18. 0. 0. 13. 62. 12. 6. 56. 102. 0. 0.
    11. 3. 0. 0. 0. 0. 0. 0. 3. 97. 12. 0. 0. 0. 0. 2. 46. 123. 76. 0.
    0. 24. 24. 3. 17. 15. 27. 2. 0. 35. 98. 12. 8. 24. 0. 0. 0. 0. 0. 0.
    8. 123. 3. 0. 0. 4. 10. 17. 123. 47. 87. 27. 9. 59. 45. 24. 43. 2.
    123. 87. 6. 9. 52. 14. 0. 31. 6. 0. 0. 0. 0. 0. 1. 123. 93. 0. 0. 6.
    8. 2. 16. 56. 45. 10. 6. 123. 123. 6. 6. 0. 52. 86. 7. 29. 83. 35.
    2. 5. 4. 0. 0. 0. 0. 0. 0. 68. 123. 0. 0. 0. 0. 0. 0. 30. 123. 19.
    0. 9. 63. 9. 0. 0. 24. 32. 1. 2. 88. 109. 4. 4. 1. 24. 113. 14. 0.
    8. 35. 73. 6. 37. 71. 7. 2. 3. 57. 29. 0. 4. 83. 26. 1. 6. 94. 1. 1.
    48. 90. 8. 11. 19. 19. 21. 2. 3. 76. 113. 8. 0. 3. 113. 23. 5. 16.
    13. 0. 0. 45. 62. 6. 2. 80. 113. 0. 0. 30. 61. 0. 0. 19. 55. 27. 23.
    67. 12. 7. 0. 1. 82. 113. 13. 1. 96. 89. 23. 13. 5. 26. 35. 12. 42.
    24. 29. 68. 40. 0. 13. 94. 63. 0. 0. 45. 70. 2. 1. 67. 2. 66. 27. 0.
    3. 82. 34. 0. 3. 11. 43. 2. 0. 40. 113. 26. 3. 2. 36. 49. 1. 0. 56.
    94. 10. 5. 14. 102. 20. 1. 4. 28. 0. 0. 0. 0. 0. 0. 0. 0. 0. 0. 0.
    0. 0. 1. 1. 1. 0. 0. 0. 0. 2. 7. 1. 0. 0. 0. 0. 0. 1. 2. 0. 0. 38.
    1. 0. 0. 0. 0. 0. 2. 137. 5. 0. 2. 4. 20. 31. 85. 15. 1. 1. 16. 120.
    137. 45. 25. 0. 0. 0. 3. 59. 32. 0. 0. 59. 2. 0. 0. 0. 0. 0. 29.
    137. 34. 3. 13. 17. 9. 5. 89. 44. 11. 3. 79. 137. 132. 11. 14. 0. 0.
    0. 9. 80. 77. 2. 0. 74. 5. 0. 0. 0. 0. 0. 76. 137. 16. 2. 1. 4. 8.
    2. 137. 17. 5. 5. 17. 66. 137. 8. 15. 0. 0. 0. 15. 107. 130. 3. 0.
    34. 0. 0. 0. 0. 0. 0. 1. 143. 0. 0. 2. 12. 1. 0. 9. 61. 11. 31. 37.
    76. 6. 5. 6. 3. 8. 47. 51. 110. 8. 5. 3. 43. 0. 0. 0. 0. 0. 3. 9.
    143. 8. 1. 4. 27. 0. 0. 24. 57. 6. 36. 73. 143. 6. 0. 2. 0. 2. 86.
    70. 39. 6. 2. 0. 15. 0. 0. 2. 1. 4. 95. 96. 143. 51. 17. 11. 11. 10.
    51. 60. 17. 22. 22. 33. 143. 62. 61. 16. 0. 1. 3. 2. 23. 104. 97. 0.
    19. 5. 20. 67. 13. 5. 38. 78. 48. 10. 15. 34. 7. 10. 30. 60. 2. 9.
    49. 58. 13. 20. 43. 27. 9. 57. 40. 6. 10. 80. 45. 0. 0. 0. 0. 0. 0.
    0. 0. 1. 0. 0. 0. 0. 0. 1. 17. 11. 0. 0. 0. 0. 0. 11. 22. 2. 0. 0.
    0. 0. 0. 2. 4. 0. 18. 0. 0. 0. 0. 0. 0. 10. 106. 1. 0. 0. 2. 20. 88.
    142. 10. 0. 0. 0. 24. 142. 142. 45. 1. 0. 0. 0. 7. 48. 142. 27. 43.
    4. 0. 0. 0. 0. 0. 2. 142. 33. 0. 0. 14. 11. 8. 38. 96. 10. 0. 0.
    135. 93. 35. 38. 38. 7. 1. 30. 84. 51. 83. 44. 24. 3. 0. 0. 0. 0. 0.
    0. 142. 42. 0. 0. 8. 1. 0. 0. 95. 26. 14. 14. 142. 11. 0. 0. 19. 33.
    94. 47. 57. 20. 0. 0. 4. 1. 34. 114. 16. 0. 4. 20. 78. 7. 43. 62. 4.
    1. 1. 61. 33. 0. 5. 78. 21. 0. 6. 95. 1. 0. 48. 89. 6. 9. 16. 20.
    24. 2. 3. 66. 100. 10. 0. 2. 114. 21. 6. 15. 9. 0. 0. 44. 62. 6. 4.
    106. 110. 0. 0. 28. 62. 0. 1. 25. 42. 24. 20. 72. 13. 5. 0. 1. 67.
    114. 17. 1. 93. 81. 31. 15. 3. 22. 38. 11. 41. 19. 34. 71. 30. 0.
    13. 104. 67. 0. 0. 49. 57. 1. 1. 70. 1. 58. 27. 0. 3. 86. 40. 0. 2.
    10. 38. 3. 0. 38. 114. 24. 3. 1. 37. 52. 0. 0. 58. 103. 8. 6. 16.
    107. 18. 1. 4. 29. 5. 73. 104. 15. 1. 14. 13. 1. 47. 121. 17. 0. 21.
