<?xml version="1.0"?>
<opencv_storage>
<keypoints type_id="opencv-matrix">
  <rows>16</rows>
  <cols>7</cols>
  <dt>d</dt>
  <data>
    1.1715118408203125e+01 3.7820487976074219e+01 3.6838510036468506e+00
    2.6879913330078125e+01 7.5075380504131317e-02 1835264. -1.
    1.1715118408203125e+01 3.7820487976074219e+01 3.6838510036468506e+00
    2.7301101684570313e+02 7.5075380504131317e-02 1835264. -1.
    1.5507187843322754e+01 3.5698017120361328e+01 2.1058309078216553e+00
    9.0251800537109375e+01 6.0665026307106018e-02 11534847. -1.
    1.5507187843322754e+01 3.5698017120361328e+01 2.1058309078216553e+00
    2.1712864685058594e+02 6.0665026307106018e-02 11534847. -1.
    1.6671922683715820e+01 2.9151138305664063e+01 2.3864028453826904e+00
    3.9668151855468750e+01 6.2034126371145248e-02 3867391. -1.
    1.9905817031860352e+01 2.4135093688964844e+01 2.3329355716705322e+00
    2.5945495605468750e+01 6.2624692916870117e-02 2228991. -1.
    2.0321424484252930e+01 3.5658393859863281e+01 1.8258920907974243e+00
    6.9961303710937500e+01 5.6326474994421005e-02 1180159. -1.
    2.1832336425781250e+01 3.8042041778564453e+01 2.5188114643096924e+00
    2.5891998291015625e+02 6.4870879054069519e-02 7734015. -1.
    2.3889925003051758e+01 3.3486991882324219e+01 1.9781531095504761e+00
    2.1526794433593750e+00 4.0170323103666306e-02 7012863. -1.
    2.6638483047485352e+01 3.3531799316406250e+01 1.9761673212051392e+00
    1.7527407836914063e+02 4.2015392333269119e-02 6947327. -1.
    2.7718969345092773e+01 2.8611776351928711e+01 2.6501741409301758e+00
    5.2863189697265625e+01 4.2645309120416641e-02 11404031. -1.
    2.8614187240600586e+01 3.8037067413330078e+01 2.5485599040985107e+00
    2.8031188964843750e+02 6.3744761049747467e-02 8585983. -1.
    3.0068822860717773e+01 3.5608867645263672e+01 1.8506234884262085e+00
    1.1375604248046875e+02 5.8298766613006592e-02 2163199. -1.
    3.0526737213134766e+01 2.3980785369873047e+01 2.4354302883148193e+00
    1.5490464782714844e+02 6.4840421080589294e-02 5309183. -1.
    3.3773559570312500e+01 2.9162548065185547e+01 2.4036567211151123e+00
    1.4306668090820313e+02 6.1315316706895828e-02 4391679. -1.
    3.5007587432861328e+01 3.5776065826416016e+01 2.0396268367767334e+00
    9.1732116699218750e+01 6.0536980628967285e-02 9175551. -1.</data></keypoints>
<descriptors type_id="opencv-matrix">
  <rows>16</rows>
  <cols>128</cols>
  <dt>f</dt>
  <data>
    56. 0. 0. 0. 0. 0. 0. 8. 151. 1. 1. 3. 2. 0. 0. 68. 63. 17. 28. 27.
    10. 3. 2. 21. 14. 36. 33. 41. 6. 1. 0. 5. 96. 3. 0. 0. 0. 0. 0. 7.
    151. 36. 13. 6. 2. 4. 2. 45. 42. 10. 63. 108. 11. 21. 12. 19. 7. 2.
    84. 151. 2. 0. 1. 7. 48. 28. 1. 0. 0. 0. 0. 0. 128. 151. 126. 25. 0.
    0. 0. 2. 7. 21. 151. 151. 1. 1. 0. 0. 0. 0. 74. 148. 0. 0. 0. 0. 1.
    7. 1. 0. 0. 0. 0. 0. 1. 24. 42. 5. 0. 0. 0. 0. 0. 1. 38. 25. 0. 0.
    0. 0. 0. 0. 4. 6. 0. 0. 0. 0. 1. 0. 0. 0. 0. 0. 1. 6. 1. 0. 0. 0. 0.
    4. 45. 27. 0. 0. 0. 0. 0. 27. 49. 2. 0. 0. 0. 0. 0. 8. 5. 0. 45. 0.
    0. 0. 0. 0. 0. 19. 150. 2. 0. 0. 0. 17. 109. 150. 12. 1. 0. 1. 1.
    150. 150. 29. 0. 0. 0. 0. 0. 150. 87. 0. 80. 5. 0. 0. 0. 0. 0. 1.
    150. 40. 2. 3. 1. 4. 8. 28. 58. 23. 16. 19. 9. 90. 52. 11. 9. 9. 1.
    0. 0. 150. 89. 3. 43. 8. 0. 0. 0. 0. 0. 0. 150. 75. 0. 0. 1. 2. 0.
    1. 75. 30. 2. 3. 8. 22. 22. 18. 21. 6. 0. 3. 6. 30. 24. 42. 10. 5.
    8. 54. 56. 8. 4. 8. 19. 29. 33. 17. 13. 24. 27. 13. 87. 62. 6. 2.
    48. 14. 3. 1. 4. 2. 0. 0. 132. 25. 0. 0. 14. 31. 10. 3. 37. 94. 12.
    5. 25. 16. 20. 32. 20. 79. 20. 7. 132. 22. 3. 12. 54. 10. 5. 9. 12.
    2. 0. 0. 132. 9. 0. 0. 0. 132. 79. 0. 1. 26. 5. 0. 4. 89. 42. 2. 4.
    111. 44. 7. 60. 16. 5. 2. 46. 29. 51. 60. 6. 0. 0. 1. 132. 10. 1. 4.
    0. 94. 43. 0. 0. 0. 0. 0. 0. 132. 82. 0. 0. 1. 3. 1. 3. 132. 83. 15.
    23. 3. 8. 8. 0. 5. 21. 45. 132. 2. 0. 0. 0. 0. 0. 0. 0. 0. 24. 130.
    2. 2. 6. 3. 0. 0. 43. 134. 3. 10. 10. 4. 65. 37. 44. 87. 0. 0. 0. 1.
    134. 49. 3. 0. 0. 0. 2. 31. 1. 0. 35. 134. 9. 15. 42. 125. 2. 1. 16.
    79. 69. 59. 38. 20. 81. 10. 1. 7. 3. 1. 0. 1. 134. 32. 0. 0. 11. 3.
    5. 106. 44. 2. 7. 44. 31. 8. 12. 83. 11. 19. 33. 27. 134. 10. 3. 6.
    57. 17. 9. 13. 9. 0. 0. 0. 134. 38. 0. 1. 15. 10. 1. 11. 62. 53. 8.
    5. 22. 22. 19. 17. 9. 16. 35. 29. 88. 3. 6. 15. 36. 6. 7. 49. 6. 0.
    1. 16. 134. 16. 0. 2. 93. 36. 0. 0. 0. 0. 0. 0. 149. 149. 14. 0. 2.
    9. 1. 5. 32. 61. 25. 1. 5. 39. 55. 16. 18. 7. 9. 7. 17. 10. 66. 34.
    91. 13. 0. 0. 0. 0. 0. 3. 149. 57. 4. 1. 1. 0. 3. 105. 65. 35. 36.
    46. 19. 0. 14. 85. 13. 37. 106. 38. 13. 5. 4. 3. 87. 12. 0. 0. 0. 0.
    0. 1. 149. 60. 0. 3. 8. 0. 0. 20. 71. 15. 10. 51. 123. 5. 5. 12. 19.
    23. 29. 22. 21. 18. 9. 18. 43. 10. 0. 0. 0. 0. 0. 0. 149. 70. 0. 0.
    4. 0. 0. 0. 80. 21. 5. 9. 96. 28. 13. 8. 9. 4. 11. 22. 13. 8. 14.
    84. 85. 0. 0. 0. 0. 0. 0. 3. 150. 1. 0. 2. 13. 1. 0. 21. 46. 12. 13.
    26. 98. 11. 5. 7. 11. 76. 17. 6. 7. 13. 9. 6. 115. 1. 0. 0. 0. 0. 0.
    9. 150. 17. 0. 0. 13. 5. 1. 30. 49. 9. 8. 8. 104. 71. 16. 8. 29. 11.
    19. 21. 9. 22. 36. 34. 110. 4. 0. 0. 0. 0. 0. 14. 150. 110. 5. 0. 1.
    2. 4. 53. 60. 85. 15. 1. 10. 52. 41. 26. 18. 5. 5. 7. 13. 34. 105.
    36. 103. 0. 0. 0. 0. 0. 0. 44. 150. 6. 0. 9. 4. 0. 15. 150. 31. 19.
    49. 36. 7. 1. 19. 45. 14. 36. 64. 13. 14. 4. 5. 4. 3. 8. 24. 47. 19.
    32. 11. 8. 20. 44. 60. 17. 16. 7. 9. 27. 2. 14. 33. 45. 66. 65. 6.
    1. 0. 1. 88. 50. 26. 55. 3. 0. 5. 4. 34. 120. 25. 3. 11. 9. 14. 114.
    85. 21. 6. 27. 21. 6. 85. 116. 11. 3. 21. 69. 13. 4. 5. 2. 1. 25.
    120. 118. 7. 1. 25. 10. 7. 20. 55. 52. 10. 21. 50. 17. 19. 28. 43.
    44. 17. 26. 120. 23. 1. 28. 43. 6. 0. 47. 9. 2. 0. 114. 120. 3. 0.
    1. 5. 27. 7. 5. 46. 101. 1. 0. 65. 5. 22. 20. 20. 36. 9. 45. 92. 0.
    0. 55. 73. 0. 0. 51. 1. 0. 0. 108. 120. 0. 0. 0. 43. 0. 0. 0. 0. 0.
    0. 11. 147. 0. 0. 1. 6. 0. 0. 79. 77. 13. 17. 41. 90. 3. 2. 25. 22.
    80. 12. 8. 8. 37. 7. 8. 89. 0. 0. 0. 0. 0. 0. 7. 147. 22. 1. 0. 14.
    5. 0. 58. 60. 17. 7. 8. 131. 60. 12. 17. 32. 30. 15. 10. 10. 14. 22.
    42. 82. 2. 0. 0. 0. 0. 0. 26. 147. 118. 5. 0. 2. 2. 12. 76. 64. 93.
    13. 1. 21. 59. 46. 32. 17. 12. 6. 7. 11. 27. 75. 64. 95. 0. 0. 0. 0.
    0. 0. 82. 106. 5. 4. 21. 3. 1. 37. 147. 33. 27. 64. 30. 6. 1. 29.
    51. 20. 32. 24. 9. 19. 8. 13. 15. 23. 37. 48. 9. 0. 10. 43. 29. 21.
    28. 24. 41. 18. 35. 18. 20. 18. 49. 28. 33. 12. 23. 35. 39. 9. 23.
    23. 45. 24. 23. 9. 16. 14. 72. 80. 19. 19. 22. 18. 6. 105. 106. 37.
    20. 19. 16. 17. 8. 27. 22. 23. 20. 35. 30. 75. 38. 14. 11. 28. 105.
    101. 14. 5. 9. 27. 12. 16. 42. 31. 14. 48. 53. 106. 13. 13. 38. 28.
    3. 11. 99. 31. 78. 84. 65. 39. 7. 11. 4. 22. 31. 6. 5. 106. 106. 17.
    2. 2. 1. 81. 11. 0. 0. 95. 54. 6. 0. 72. 106. 59. 3. 18. 55. 40.
    106. 36. 96. 49. 1. 0. 0. 32. 102. 79. 1. 3. 37. 19. 1. 3. 60. 103.
    1. 1. 12. 61. 1. 12. 71. 21. 1. 54. 108. 64. 0. 28. 1. 0. 0. 65.
    108. 37. 88. 32. 1. 14. 24. 1. 2. 94. 108. 29. 43. 40. 16. 37. 42.
    15. 14. 108. 90. 11. 2. 29. 35. 9. 17. 29. 4. 10. 6. 42. 77. 85. 67.
    23. 2. 19. 108. 81. 3. 9. 39. 12. 4. 14. 19. 17. 19. 99. 69. 100. 8.
    18. 17. 21. 21. 45. 108. 26. 38. 74. 29. 35. 21. 24. 19. 14. 9. 5.
    20. 108. 94. 20. 10. 31. 33. 44. 8. 0. 6. 43. 35. 22. 17. 21. 39.
    23. 43. 24. 23. 17. 40. 31. 20. 13. 31. 29. 52. 7. 11. 8. 23. 20.
    57. 23. 21. 2. 29. 55. 4. 2. 29. 122. 2. 5. 35. 16. 1. 14. 122. 122.
    3. 6. 0. 3. 4. 10. 83. 122. 102. 2. 0. 24. 10. 1. 22. 122. 28. 14.
    33. 45. 19. 24. 28. 11. 16. 122. 79. 20. 9. 18. 33. 24. 27. 23. 3.
    12. 44. 76. 52. 58. 50. 9. 10. 70. 60. 35. 6. 15. 10. 13. 25. 20.
    10. 12. 56. 97. 33. 78. 15. 21. 13. 20. 16. 69. 92. 21. 13. 37. 30.
    82. 60. 17. 20. 5. 13. 15. 14. 36. 71. 64. 29. 59. 62. 36. 11. 5. 3.
    10. 38. 14. 33. 75. 62. 20. 12. 11. 11. 17. 60. 37. 36. 25. 19. 7.
    19. 1. 11. 84. 57. 34. 26. 25. 7. 91. 70. 0. 0. 0. 0. 0. 0. 118.
    145. 35. 1. 3. 19. 3. 6. 34. 48. 28. 2. 6. 32. 59. 28. 20. 15. 12.
