<?xml version="1.0"?>
<opencv_storage>
<keypoints type_id="opencv-matrix">
  <rows>15</rows>
  <cols>7</cols>
  <dt>d</dt>
  <data>
    3.1412149429321289e+01 3.2478996276855469e+01 2.0506780147552490e+00
    2.3350697326660156e+02 3.7320252507925034e-02 9568767. -1.
    3.4450664520263672e+01 5.6491954803466797e+01 1.9083660840988159e+00
    3.5754550170898438e+02 5.1080700010061264e-02 4391423. -1.
    3.6308116912841797e+01 5.3758766174316406e+01 2.0130965709686279e+00
    8.6361175537109375e+01 4.4094298034906387e-02 8258047. -1.
    4.0355518341064453e+01 4.4107872009277344e+01 6.4115991592407227e+00
    2.7004238891601563e+02 3.3339530229568481e-02 8454912. -1.
    4.0446067810058594e+01 2.8133031845092773e+01 2.4637145996093750e+01
    2.2713317871093750e+01 1.3281825184822083e-01 5571330. -1.
    4.0446067810058594e+01 2.8133031845092773e+01 2.4637145996093750e+01
    1.4451860046386719e+02 1.3281825184822083e-01 5571330. -1.
    4.0446067810058594e+01 2.8133031845092773e+01 2.4637145996093750e+01
    2.1489141845703125e+02 1.3281825184822083e-01 5571330. -1.
    4.0446067810058594e+01 2.8133031845092773e+01 2.4637145996093750e+01
    3.3059402465820313e+02 1.3281825184822083e-01 5571330. -1.
    4.0500896453857422e+01 5.1175987243652344e+01 2.9628703594207764e+00
    2.9805969238281250e+01 6.2350329011678696e-02 2819071. -1.
    4.0500896453857422e+01 5.1175987243652344e+01 2.9628703594207764e+00
    1.5118812561035156e+02 6.2350329011678696e-02 2819071. -1.
    4.0569519042968750e+01 4.1108188629150391e+01 2.7837719917297363e+00
    2.7382485961914063e+02 5.6250810623168945e-02 15008511. -1.
    4.0606582641601563e+01 6.3936321258544922e+01 8.5307207107543945e+00
    3.5222692871093750e+02 8.9977636933326721e-02 12452097. -1.
    4.4711078643798828e+01 5.3787631988525391e+01 2.0381157398223877e+00
    9.2495605468750000e+01 4.4460758566856384e-02 9175551. -1.
    4.6619663238525391e+01 5.6499889373779297e+01 1.9642051458358765e+00
    1.9416365051269531e+02 4.7872968018054962e-02 6488575. -1.
    4.9696434020996094e+01 3.2493259429931641e+01 2.0295321941375732e+00
    3.0721508789062500e+02 3.6273382604122162e-02 8847871. -1.</data></keypoints>
<descriptors type_id="opencv-matrix">
  <rows>15</rows>
  <cols>128</cols>
  <dt>f</dt>
  <data>
    1. 43. 129. 5. 2. 5. 1. 0. 10. 71. 129. 0. 0. 0. 0. 4. 18. 54. 66.
    0. 0. 0. 1. 15. 26. 18. 3. 0. 0. 5. 6. 12. 12. 16. 57. 9. 20. 129.
    34. 8. 129. 55. 47. 1. 3. 23. 10. 103. 52. 18. 9. 0. 0. 0. 26. 129.
    18. 2. 0. 0. 0. 0. 5. 54. 5. 1. 0. 3. 129. 129. 9. 4. 129. 38. 0. 3.
    57. 30. 3. 24. 129. 13. 0. 0. 0. 0. 5. 37. 3. 0. 0. 0. 0. 0. 1. 14.
    3. 1. 0. 58. 129. 4. 0. 1. 129. 11. 1. 21. 60. 1. 0. 26. 129. 3. 0.
    0. 0. 0. 0. 20. 3. 0. 0. 0. 0. 0. 0. 5. 73. 131. 0. 0. 0. 0. 0. 0.
    56. 131. 50. 35. 19. 1. 1. 1. 20. 34. 24. 71. 53. 11. 10. 16. 42.
    76. 36. 1. 0. 1. 6. 52. 58. 39. 0. 0. 0. 0. 0. 1. 131. 97. 15. 6. 1.
    1. 13. 50. 25. 22. 18. 16. 2. 6. 131. 37. 6. 34. 33. 0. 0. 2. 88.
    13. 71. 3. 0. 0. 0. 0. 0. 5. 131. 59. 4. 0. 0. 0. 7. 55. 29. 45. 68.
    0. 0. 1. 65. 26. 0. 5. 80. 0. 0. 3. 61. 0. 74. 0. 0. 0. 0. 0. 0. 12.
    131. 2. 0. 0. 0. 0. 15. 125. 25. 2. 2. 0. 0. 3. 131. 57. 0. 0. 4. 0.
    0. 8. 131. 0. 13. 67. 33. 3. 2. 3. 39. 52. 7. 19. 7. 30. 109. 34.
    15. 23. 68. 1. 0. 8. 59. 11. 1. 13. 56. 0. 0. 5. 53. 0. 0. 5. 26.
    125. 49. 9. 9. 12. 32. 13. 19. 67. 64. 115. 35. 9. 7. 4. 123. 13. 7.
    30. 39. 1. 0. 4. 79. 1. 0. 8. 64. 0. 0. 6. 8. 7. 5. 16. 8. 33. 125.
    23. 18. 11. 20. 65. 50. 97. 55. 9. 94. 48. 69. 35. 21. 9. 2. 5. 55.
    42. 53. 38. 29. 0. 0. 1. 0. 0. 80. 125. 7. 8. 25. 0. 0. 2. 95. 125.
    27. 9. 3. 0. 1. 28. 125. 54. 3. 0. 0. 0. 2. 42. 125. 16. 0. 0. 0. 0.
    0. 0. 0. 0. 0. 1. 62. 45. 23. 5. 1. 0. 0. 0. 25. 133. 16. 18. 15. 1.
    0. 0. 100. 133. 22. 24. 3. 0. 0. 33. 133. 33. 5. 2. 2. 5. 7. 33.
    133. 56. 55. 48. 9. 0. 1. 2. 24. 113. 84. 54. 22. 2. 2. 3. 9. 34.
    84. 59. 3. 1. 3. 5. 7. 8. 5. 48. 124. 35. 9. 9. 6. 3. 50. 87. 21. 2.
    1. 1. 11. 46. 94. 28. 8. 3. 2. 2. 19. 52. 86. 9. 6. 4. 3. 1. 2. 54.
    1. 50. 82. 3. 0. 0. 0. 0. 26. 133. 25. 0. 0. 0. 2. 8. 20. 133. 76.
    0. 0. 1. 18. 23. 28. 29. 117. 28. 0. 0. 3. 30. 0. 0. 0. 0. 0. 0. 0.
    0. 0. 0. 0. 0. 0. 4. 4. 1. 0. 0. 0. 0. 0. 19. 10. 0. 0. 0. 0. 0. 0.
    0. 0. 0. 35. 2. 0. 0. 0. 0. 0. 6. 146. 34. 5. 4. 7. 47. 92. 146. 12.
    8. 6. 27. 136. 146. 135. 35. 0. 0. 0. 4. 22. 12. 2. 0. 34. 15. 1. 0.
    0. 0. 0. 3. 146. 146. 111. 24. 9. 9. 11. 45. 14. 90. 127. 146. 146.
    52. 12. 10. 0. 0. 0. 25. 66. 3. 0. 0. 0. 2. 0. 0. 0. 0. 0. 0. 1. 81.
    31. 1. 0. 0. 0. 0. 1. 38. 36. 24. 18. 0. 0. 0. 0. 0. 0. 2. 8. 0. 0.
    0. 0. 0. 0. 0. 0. 0. 0. 0. 0. 0. 0. 0. 0. 1. 48. 34. 0. 0. 0. 1. 8.
    14. 62. 34. 0. 0. 0. 1. 4. 1. 0. 0. 29. 2. 0. 0. 0. 0. 0. 6. 139.
    38. 12. 9. 9. 21. 139. 139. 12. 9. 13. 67. 139. 139. 139. 76. 0. 0.
    0. 14. 95. 8. 0. 0. 25. 2. 0. 0. 0. 0. 0. 2. 139. 115. 122. 53. 7.
    4. 5. 31. 10. 28. 139. 139. 139. 17. 6. 7. 0. 0. 1. 22. 41. 1. 0. 0.
    0. 0. 0. 0. 0. 0. 0. 0. 0. 0. 9. 7. 0. 0. 0. 0. 0. 0. 19. 23. 0. 0.
    0. 0. 0. 0. 0. 1. 0. 0. 0. 0. 4. 1. 0. 0. 0. 0. 0. 1. 7. 1. 0. 0. 0.
    40. 59. 13. 0. 0. 0. 0. 0. 51. 43. 0. 0. 0. 0. 0. 0. 1. 0. 0. 92. 8.
    0. 0. 0. 0. 0. 12. 140. 53. 12. 10. 13. 90. 140. 140. 8. 8. 10. 34.
    140. 140. 137. 17. 0. 0. 0. 1. 34. 14. 0. 0. 35. 11. 1. 0. 0. 0. 0.
    2. 140. 140. 140. 32. 12. 8. 7. 20. 7. 45. 116. 115. 140. 40. 6. 4.
    0. 0. 0. 1. 26. 4. 0. 0. 0. 0. 0. 0. 0. 0. 0. 0. 0. 15. 20. 0. 0. 0.
    0. 0. 0. 5. 9. 0. 0. 0. 0. 0. 0. 0. 0. 0. 0. 0. 0. 0. 0. 0. 0. 0. 0.
    0. 0. 1. 0. 0. 0. 0. 0. 0. 13. 24. 0. 0. 0. 0. 0. 0. 6. 6. 0. 0. 0.
    0. 0. 0. 0. 0. 36. 2. 0. 0. 0. 0. 1. 20. 140. 19. 5. 7. 10. 28. 138.
    140. 8. 4. 5. 29. 140. 131. 107. 53. 0. 0. 0. 1. 27. 4. 0. 0. 93.
    11. 0. 0. 0. 0. 0. 8. 140. 140. 140. 79. 11. 9. 13. 61. 11. 24. 136.
    140. 140. 44. 12. 10. 0. 0. 0. 6. 26. 4. 0. 0. 6. 1. 0. 0. 0. 0. 0.
    1. 13. 18. 47. 37. 0. 0. 0. 1. 0. 1. 44. 49. 0. 0. 0. 0. 0. 0. 0. 0.
    0. 0. 0. 0. 2. 7. 28. 106. 54. 3. 2. 3. 5. 26. 54. 17. 18. 19. 7. 7.
    55. 114. 36. 10. 9. 10. 3. 1. 21. 59. 13. 97. 114. 0. 0. 0. 8. 15.
    13. 36. 98. 95. 1. 2. 101. 49. 12. 10. 21. 50. 26. 24. 32. 53. 16.
    15. 42. 94. 52. 11. 11. 39. 34. 75. 114. 20. 6. 1. 6. 54. 104. 27.
    89. 97. 3. 3. 89. 64. 41. 22. 25. 31. 8. 23. 10. 17. 33. 47. 50. 23.
    22. 10. 0. 0. 4. 8. 57. 71. 43. 7. 10. 114. 114. 11. 5. 1. 0. 0. 61.
    101. 25. 10. 4. 0. 0. 25. 11. 8. 6. 4. 0. 0. 23. 62. 0. 0. 0. 1. 5.
    19. 68. 66. 10. 0. 0. 0. 4. 12. 110. 113. 52. 29. 0. 0. 3. 10. 21.
    96. 10. 62. 25. 0. 0. 4. 6. 7. 0. 61. 69. 25. 6. 2. 0. 0. 6. 3. 2.
    81. 87. 28. 100. 58. 77. 21. 7. 26. 24. 23. 46. 65. 9. 10. 23. 28.
    48. 44. 35. 16. 0. 5. 41. 84. 60. 10. 4. 1. 10. 2. 1. 90. 100. 29.
    9. 13. 91. 21. 29. 58. 25. 9. 8. 38. 37. 11. 59. 105. 41. 14. 16.
    58. 16. 1. 5. 20. 113. 87. 32. 44. 2. 3. 2. 3. 54. 104. 27. 7. 6. 7.
    7. 18. 23. 20. 55. 23. 62. 1. 2. 10. 11. 13. 41. 113. 26. 0. 0. 0.
    113. 105. 12. 62. 11. 23. 114. 33. 1. 1. 1. 17. 26. 30. 82. 54. 0.
    0. 8. 47. 20. 18. 12. 28. 3. 17. 114. 80. 12. 44. 3. 2. 12. 98. 80.
    6. 20. 30. 38. 9. 4. 30. 60. 26. 51. 114. 33. 5. 14. 12. 14. 22.
    114. 114. 5. 0. 1. 4. 11. 29. 20. 6. 0. 4. 79. 83. 9. 2. 10. 11. 67.
    45. 6. 13. 33. 20. 52. 18. 19. 15. 17. 7. 21. 101. 114. 40. 16. 4.
    1. 0. 3. 113. 22. 5. 16. 83. 75. 2. 0. 4. 10. 12. 5. 6. 1. 7. 114.
    36. 26. 29. 6. 0. 0. 24. 104. 38. 21. 68. 103. 14. 2. 29. 30. 15.
    21. 8. 88. 83. 9. 6. 6. 27. 76. 132. 1. 0. 0. 0. 0. 0. 67. 133. 67.
    15. 0. 0. 0. 1. 4. 58. 114. 68. 4. 0. 0. 1. 0. 13. 53. 133. 39. 0.
    0. 0. 54. 28. 0. 0. 0. 0. 0. 1. 133. 117. 15. 6. 7. 3. 3. 33. 26.
    17. 36. 133. 133. 10. 4. 12. 0. 0. 19. 133. 45. 0. 0. 0. 20. 14. 0.
    0. 0. 0. 0. 0. 81. 133. 97. 14. 2. 0. 0. 4. 6. 29. 124. 133. 69. 1.
    0. 1. 0. 0. 1. 31. 27. 0. 0. 0. 0. 1. 0. 0. 0. 0. 0. 0. 0. 8. 12. 1.
