<?xml version="1.0"?>
<opencv_storage>
<keypoints type_id="opencv-matrix">
  <rows>14</rows>
  <cols>7</cols>
  <dt>d</dt>
  <data>
    9.2530088424682617e+00 2.3624774932861328e+01 2.6361010074615479e+00
    2.4635803222656250e+01 7.6612569391727448e-02 11076351. -1.
    1.1653482437133789e+01 3.3461570739746094e+01 4.9294085502624512e+00
    3.2137564086914063e+02 7.6551176607608795e-02 6160896. -1.
    1.4569204330444336e+01 1.8313491821289063e+01 1.8929117918014526e+00
    2.3504760742187500e+01 4.8063322901725769e-02 3801599. -1.
    1.4851071357727051e+01 1.5332543373107910e+01 2.2610566616058350e+00
    4.7086090087890625e+01 7.4708491563796997e-02 16646655. -1.
    1.7861019134521484e+01 1.5377872467041016e+01 1.8290420770645142e+00
    6.9184631347656250e+01 5.5943638086318970e-02 1311231. -1.
    1.7966491699218750e+01 1.8635637283325195e+01 7.7796411514282227e+00
    4.8710815429687500e+01 5.6974429637193680e-02 5767425. -1.
    2.1865720748901367e+01 2.3156236648559570e+01 2.4005074501037598e+00
    1.8016561889648438e+02 6.2807120382785797e-02 4260607. -1.
    2.3310125350952148e+01 2.3454971313476563e+01 1.9450454711914063e+01
    4.9971649169921875e+01 5.6071840226650238e-02 5177858. -1.
    2.4367519378662109e+01 9.5029935836791992e+00 2.8270828723907471e+00
    6.8659698486328125e+01 7.7472493052482605e-02 16122623. -1.
    2.6464027404785156e+01 2.8861156463623047e+01 4.9559917449951172e+00
    2.3663961791992188e+02 7.0370644330978394e-02 6554112. -1.
    3.0967782974243164e+01 1.5007477760314941e+01 1.8010298013687134e+00
    2.8921289062500000e+02 4.8126250505447388e-02 197119. -1.
    3.4578994750976563e+01 1.3153932571411133e+01 5.6412835121154785e+00
    1.3355249023437500e+02 7.9215280711650848e-02 15925760. -1.
    3.7779129028320313e+01 4.0650554656982422e+01 3.2766253948211670e+00
    1.1682315063476563e+02 8.9134059846401215e-02 10093567. -1.
    3.7779129028320313e+01 4.0650554656982422e+01 3.2766253948211670e+00
    2.4990147399902344e+02 8.9134059846401215e-02 10093567. -1.</data></keypoints>
<descriptors type_id="opencv-matrix">
  <rows>14</rows>
  <cols>128</cols>
  <dt>f</dt>
  <data>
    25. 0. 0. 0. 0. 0. 0. 7. 150. 4. 4. 2. 0. 2. 2. 72. 121. 31. 29. 6.
    1. 4. 5. 22. 73. 27. 10. 25. 6. 0. 1. 9. 61. 0. 0. 0. 0. 0. 0. 5.
    150. 3. 0. 1. 6. 13. 17. 86. 68. 32. 13. 21. 44. 37. 29. 34. 28. 72.
    33. 85. 26. 0. 0. 2. 58. 7. 0. 0. 0. 0. 0. 0. 150. 74. 1. 10. 22. 3.
    1. 9. 65. 24. 6. 53. 136. 21. 7. 24. 25. 19. 10. 32. 76. 43. 15. 37.
    19. 8. 0. 0. 0. 0. 0. 0. 150. 144. 0. 1. 5. 3. 1. 0. 65. 89. 3. 2.
    24. 38. 54. 46. 6. 6. 5. 1. 8. 66. 62. 82. 4. 0. 0. 0. 0. 0. 0. 7.
    17. 0. 0. 0. 0. 0. 22. 129. 3. 2. 1. 0. 0. 1. 129. 129. 6. 4. 1. 1.
    1. 9. 129. 83. 56. 0. 0. 0. 0. 0. 0. 19. 129. 7. 0. 0. 7. 9. 14.
    129. 22. 25. 24. 19. 68. 35. 30. 69. 23. 90. 49. 23. 7. 8. 18. 34.
    82. 7. 0. 0. 0. 0. 0. 6. 129. 114. 10. 2. 8. 3. 1. 13. 24. 60. 51.
    12. 72. 54. 39. 16. 17. 37. 53. 8. 7. 24. 75. 86. 27. 17. 0. 0. 0.
    0. 0. 0. 104. 129. 8. 1. 0. 0. 0. 0. 16. 62. 80. 25. 0. 1. 2. 1. 15.
    33. 106. 5. 0. 1. 5. 17. 84. 0. 0. 0. 0. 0. 0. 77. 127. 2. 5. 4. 18.
    24. 9. 127. 10. 0. 3. 6. 54. 69. 30. 78. 12. 0. 0. 1. 7. 5. 24. 127.
    127. 3. 2. 1. 0. 0. 0. 109. 127. 29. 83. 51. 7. 4. 1. 65. 126. 33.
    41. 19. 10. 16. 14. 55. 33. 2. 1. 26. 34. 3. 8. 61. 127. 1. 1. 4. 5.
    3. 1. 75. 70. 7. 17. 37. 23. 7. 2. 26. 127. 32. 11. 6. 0. 0. 0. 21.
    32. 15. 12. 57. 15. 1. 1. 2. 127. 0. 0. 0. 3. 16. 11. 64. 31. 3. 3.
    5. 21. 67. 30. 30. 66. 59. 26. 5. 3. 2. 2. 19. 9. 30. 12. 71. 17. 1.
    1. 2. 39. 0. 0. 0. 0. 0. 0. 8. 161. 1. 1. 3. 15. 10. 3. 70. 80. 16.
    7. 9. 27. 17. 4. 27. 60. 6. 1. 0. 4. 10. 30. 59. 77. 1. 0. 0. 0. 0.
    0. 1. 161. 9. 1. 3. 10. 37. 13. 41. 105. 11. 6. 13. 22. 99. 47. 91.
    77. 7. 1. 2. 37. 17. 9. 81. 65. 5. 0. 0. 0. 0. 0. 0. 161. 77. 14.
    31. 6. 4. 1. 3. 97. 96. 47. 87. 17. 14. 6. 10. 70. 83. 10. 18. 34.
    2. 1. 6. 27. 7. 0. 0. 0. 0. 0. 0. 161. 79. 2. 6. 9. 3. 2. 2. 83. 35.
    4. 12. 20. 19. 19. 7. 53. 62. 35. 10. 4. 1. 3. 2. 112. 60. 15. 21.
    7. 1. 0. 0. 25. 52. 22. 23. 9. 4. 4. 1. 75. 31. 0. 0. 0. 4. 25. 43.
    10. 4. 3. 1. 25. 48. 8. 25. 125. 63. 0. 1. 9. 19. 3. 5. 62. 32. 1.
    2. 18. 61. 21. 9. 125. 23. 0. 0. 1. 8. 11. 35. 28. 3. 1. 0. 21. 62.
    9. 11. 125. 125. 0. 0. 0. 6. 5. 4. 104. 54. 1. 7. 9. 74. 96. 28.
    125. 68. 14. 14. 9. 17. 34. 33. 25. 55. 8. 3. 39. 27. 1. 1. 106.
    115. 0. 0. 0. 0. 0. 0. 115. 125. 14. 38. 22. 5. 4. 2. 6. 90. 35. 62.
    35. 4. 2. 0. 8. 125. 25. 6. 7. 1. 0. 0. 7. 0. 0. 0. 0. 0. 0. 4. 68.
    0. 0. 0. 0. 0. 14. 130. 22. 7. 12. 2. 3. 22. 130. 130. 0. 1. 3. 1.
    32. 126. 68. 2. 49. 1. 0. 0. 0. 0. 0. 9. 130. 10. 1. 1. 1. 4. 3.
    107. 56. 16. 19. 11. 10. 39. 19. 62. 6. 5. 5. 11. 76. 82. 6. 16. 44.
    11. 0. 0. 0. 0. 0. 1. 130. 130. 4. 3. 0. 1. 1. 8. 54. 73. 24. 35.
    10. 12. 10. 14. 4. 10. 11. 95. 65. 7. 2. 6. 5. 3. 0. 0. 0. 0. 0. 0.
    53. 125. 13. 0. 0. 0. 0. 0. 16. 120. 130. 24. 2. 1. 3. 2. 0. 1. 90.
    103. 17. 0. 1. 1. 1. 1. 40. 23. 8. 0. 5. 45. 0. 1. 16. 104. 119. 12.
    2. 1. 2. 0. 7. 119. 76. 20. 27. 25. 52. 10. 10. 16. 2. 2. 18. 105.
    4. 18. 119. 108. 1. 0. 0. 1. 68. 72. 84. 27. 53. 47. 30. 8. 12. 2.
    0. 6. 29. 80. 119. 64. 2. 0. 0. 1. 15. 23. 83. 116. 28. 12. 59. 86.
    0. 0. 5. 64. 119. 40. 15. 3. 0. 2. 6. 119. 40. 6. 3. 5. 5. 11. 38.
    39. 0. 0. 1. 31. 56. 14. 21. 16. 11. 5. 6. 6. 1. 2. 45. 119. 39. 27.
    20. 2. 0. 0. 1. 119. 15. 11. 61. 32. 1. 0. 1. 19. 6. 8. 28. 47. 34.
    11. 6. 3. 0. 0. 0. 0. 0. 0. 0. 0. 0. 0. 0. 0. 0. 0. 10. 19. 0. 0. 0.
    0. 0. 0. 6. 11. 0. 0. 0. 0. 0. 0. 0. 0. 36. 7. 0. 0. 0. 0. 0. 1.
    165. 64. 7. 5. 12. 16. 92. 165. 42. 15. 10. 17. 156. 75. 93. 123. 0.
    0. 0. 0. 9. 2. 0. 0. 44. 5. 0. 0. 0. 0. 0. 3. 165. 165. 128. 13. 10.
    6. 6. 43. 42. 114. 158. 47. 131. 40. 7. 13. 0. 0. 0. 0. 7. 3. 0. 0.
    0. 0. 0. 0. 0. 0. 0. 0. 0. 10. 16. 0. 0. 0. 0. 0. 0. 9. 15. 0. 0. 0.
    0. 0. 0. 0. 0. 0. 0. 0. 0. 0. 7. 0. 0. 0. 0. 0. 0. 5. 143. 0. 0. 2.
    4. 1. 0. 143. 73. 48. 52. 31. 22. 1. 6. 123. 11. 101. 42. 38. 2. 1.
    10. 11. 40. 0. 0. 0. 0. 0. 0. 7. 143. 8. 1. 2. 23. 10. 2. 92. 74.
    30. 10. 22. 143. 55. 4. 26. 46. 71. 19. 57. 58. 15. 3. 9. 45. 3. 0.
    0. 0. 0. 0. 0. 143. 81. 16. 8. 8. 2. 0. 3. 57. 39. 32. 28. 70. 44.
    19. 20. 28. 4. 0. 1. 50. 69. 31. 73. 17. 4. 0. 0. 0. 0. 0. 0. 143.
    70. 5. 2. 1. 2. 2. 2. 102. 36. 11. 4. 2. 10. 17. 19. 67. 6. 0. 0. 8.
    30. 11. 32. 57. 19. 0. 0. 0. 0. 8. 97. 85. 19. 6. 9. 9. 3. 22. 81.
    28. 14. 81. 62. 28. 17. 31. 36. 13. 7. 17. 12. 32. 93. 14. 12. 39.
    13. 1. 0. 1. 12. 61. 58. 115. 13. 1. 5. 25. 45. 15. 39. 59. 18. 17.
    30. 78. 115. 30. 63. 48. 22. 7. 7. 32. 52. 24. 71. 36. 83. 57. 2. 7.
    21. 24. 15. 115. 65. 3. 16. 34. 28. 5. 8. 43. 73. 27. 100. 115. 37.
    8. 11. 36. 115. 33. 31. 30. 6. 5. 13. 80. 115. 23. 1. 3. 1. 0. 0.
    64. 106. 2. 3. 20. 7. 0. 1. 38. 39. 5. 11. 58. 51. 69. 23. 18. 19.
    8. 21. 19. 28. 67. 26. 0. 123. 73. 7. 23. 7. 0. 0. 3. 25. 10. 5. 25.
    77. 13. 1. 3. 37. 9. 1. 1. 66. 34. 1. 40. 99. 5. 0. 6. 10. 9. 9. 29.
    124. 29. 0. 0. 9. 8. 1. 124. 124. 5. 0. 0. 21. 29. 15. 19. 1. 0. 0.
    0. 91. 124. 14. 28. 4. 0. 0. 1. 21. 103. 74. 36. 14. 0. 0. 0. 90.
    77. 23. 124. 33. 0. 0. 0. 4. 20. 112. 75. 1. 0. 0. 0. 17. 77. 37. 0.
    0. 0. 15. 14. 8. 81. 21. 2. 1. 6. 0. 0. 68. 124. 35. 50. 1. 12. 1.
    0. 3. 58. 124. 20. 0. 26. 18. 0. 0. 1. 24. 0. 0. 12. 109. 23. 0. 1.
    0. 7. 0. 0. 0. 0. 0. 0. 6. 43. 0. 0. 0. 0. 0. 19. 129. 4. 1. 5. 1.
    0. 2. 112. 129. 4. 2. 16. 6. 1. 5. 101. 43. 40. 2. 0. 0. 0. 0. 0. 4.
    129. 10. 1. 2. 3. 2. 14. 101. 37. 11. 33. 44. 69. 18. 69. 56. 13.
    80. 72. 19. 9. 10. 66. 32. 27. 8. 0. 0. 0. 0. 0. 0. 129. 129. 14. 8.
    3. 0. 1. 7. 36. 83. 38. 54. 74. 17. 23. 20. 22. 41. 28. 11. 12. 22.
    59. 82. 2. 3. 0. 0. 0. 0. 0. 0. 15. 122. 13. 0. 0. 0. 0. 0. 4. 129.
    126. 1. 0. 0. 1. 2. 5. 70. 129. 9. 1. 1. 1. 5. 1. 0. 0. 0. 0. 0. 0.
