<?xml version="1.0"?>
<opencv_storage>
<keypoints type_id="opencv-matrix">
  <rows>74</rows>
  <cols>7</cols>
  <dt>d</dt>
  <data>
    6.9917540550231934e+00 1.7474956512451172e+01 1.9064201116561890e+00
    1.6977310180664063e+02 2.8693610802292824e-02 4325887. -1.
    6.9917540550231934e+00 1.7474956512451172e+01 1.9064201116561890e+00
    3.3260833740234375e+02 2.8693610802292824e-02 4325887. -1.
    8.0039901733398438e+00 1.2291962623596191e+01 2.5931508541107178e+00
    5.8736633300781250e+01 2.3819034919142723e-02 9831167. -1.
    9.1756973266601563e+00 2.0617027282714844e+01 2.9189317226409912e+00
    3.5752435302734375e+02 2.9782891273498535e-02 1704959. -1.
    9.8555841445922852e+00 3.5066608428955078e+01 2.4226043224334717e+00
    1.9452551269531250e+02 1.3945702463388443e-02 4915967. -1.
    1.2871137619018555e+01 5.0231189727783203e+01 3.3809688091278076e+00
    2.0607305908203125e+02 1.3648581691086292e-02 12321791. -1.
    1.5516047477722168e+01 2.4284490585327148e+01 2.1384747028350830e+00
    2.3749499511718750e+02 4.9498185515403748e-02 12648959. -1.
    1.5546645164489746e+01 2.8031053543090820e+01 2.6847093105316162e+00
    2.5316146850585938e+02 2.8014222159981728e-02 12387071. -1.
    1.5633796691894531e+01 5.6501605987548828e+01 3.5679466724395752e+00
    1.7604876708984375e+02 1.3436130248010159e-02 16253951. -1.
    1.6003112792968750e+01 2.2806901931762695e+01 3.8252294063568115e+00
    2.0805146789550781e+02 4.9729302525520325e-02 4522240. -1.
    1.6003112792968750e+01 2.2806901931762695e+01 3.8252294063568115e+00
    2.4946911621093750e+02 4.9729302525520325e-02 4522240. -1.
    1.6426649093627930e+01 6.8406929016113281e+01 1.9716461896896362e+00
    1.1127014160156250e+01 2.1135898306965828e-02 6750719. -1.
    1.6743089675903320e+01 6.3556224822998047e+01 2.6227519512176514e+00
    1.2734378051757813e+02 2.4849813431501389e-02 10683135. -1.
    1.6772960662841797e+01 5.6051780700683594e+01 1.2676733970642090e+01
    1.9949174499511719e+02 2.2393276914954185e-02 7668481. -1.
    1.7087354660034180e+01 1.1839930534362793e+01 1.9036368131637573e+00
    1.3387600708007813e+02 2.5879269465804100e-02 4194815. -1.
    1.8353746414184570e+01 7.1821351051330566e+00 2.0507798194885254e+00
    2.8511611938476563e+02 1.7174059525132179e-02 9568767. -1.
    1.9070785522460938e+01 1.5608796119689941e+01 2.4478814601898193e+00
    7.1350524902343750e+01 3.1844992190599442e-02 5702399. -1.
    1.9070785522460938e+01 1.5608796119689941e+01 2.4478814601898193e+00
    1.7488800048828125e+02 3.1844992190599442e-02 5702399. -1.
    2.0323804855346680e+01 7.6362396240234375e+01 2.3845951557159424e+00
    2.4156756591796875e+02 2.6501182466745377e-02 3801855. -1.
    2.3484922409057617e+01 8.4085060119628906e+01 2.0155203342437744e+00
    1.2413008117675781e+02 4.5194376260042191e-02 8323583. -1.
    2.3484922409057617e+01 8.4085060119628906e+01 2.0155203342437744e+00
    2.2127178955078125e+02 4.5194376260042191e-02 8323583. -1.
    2.4197092056274414e+01 1.2969353675842285e+01 2.2333548069000244e+00
    1.4274526977539063e+02 3.1214844435453415e-02 15794687. -1.
    2.4485689163208008e+01 7.2549011230468750e+01 2.8208651542663574e+00
    1.3365731811523438e+02 4.2527314275503159e-02 15926015. -1.
    2.6215072631835938e+01 5.9754862785339355e+00 4.9897012710571289e+00
    2.5181884765625000e+02 1.4700180850923061e-02 7078400. -1.
    2.8726264953613281e+01 1.0540584564208984e+01 2.7286269664764404e+00
    2.4624130249023438e+02 2.2957429289817810e-02 13566719. -1.
    2.8997150421142578e+01 8.5086372375488281e+01 2.6483552455902100e+00
    3.0687182617187500e+02 3.6210097372531891e-02 11404031. -1.
    3.0112348556518555e+01 5.4332653045654297e+01 2.0785219669342041e+00
    1.0245819091796875e+01 1.7579197883605957e-02 10551807. -1.
    3.0112348556518555e+01 5.4332653045654297e+01 2.0785219669342041e+00
    2.1249330139160156e+02 1.7579197883605957e-02 10551807. -1.
    3.5636024475097656e+01 4.0475835800170898e+00 3.0736308097839355e+00
    2.5300224304199219e+02 1.4368677511811256e-02 5440511. -1.
    3.6707820892333984e+01 6.1130268096923828e+01 2.0538969039916992e+01
    2.6146423339843750e+01 3.8289841264486313e-02 9110018. -1.
    3.7776042938232422e+01 6.1462345123291016e+01 1.8527294397354126e+00
    5.1113525390625000e+01 1.3745122589170933e-02 2228735. -1.
    4.1135375976562500e+01 7.8043388366699219e+01 4.1470341682434082e+00
    2.9514404296875000e+01 4.9519605934619904e-02 10420480. -1.
    4.1316947937011719e+01 7.7239898681640625e+01 3.5287284851074219e+00
    2.8957519531250000e+01 4.9832306802272797e-02 15401983. -1.
    4.1316947937011719e+01 7.7239898681640625e+01 3.5287284851074219e+00
    8.0593322753906250e+01 4.9832306802272797e-02 15401983. -1.
    4.2167358398437500e+01 7.2370635986328125e+01 3.7353913784027100e+00
    3.0684204101562500e+01 4.1845615953207016e-02 2818304. -1.
    4.2167358398437500e+01 7.2370635986328125e+01 3.7353913784027100e+00
    7.6367675781250000e+01 4.1845615953207016e-02 2818304. -1.
    4.2277130126953125e+01 7.2495658874511719e+01 3.5896930694580078e+00
    8.1551940917968750e+01 4.2962942272424698e-02 16647167. -1.
    4.5657112121582031e+01 2.7641021728515625e+01 2.7441523075103760e+00
    4.0941772460937500e+00 1.3419415801763535e-02 13959935. -1.
    4.6897830963134766e+01 7.1643280029296875e+01 2.3034863471984863e+00
    2.8322753906250000e+00 6.8359740078449249e-02 1311487. -1.
    4.6897830963134766e+01 7.1643280029296875e+01 2.3034863471984863e+00
    9.8940093994140625e+01 6.8359740078449249e-02 1311487. -1.
    4.9947265625000000e+01 1.5318331718444824e+01 4.7477965354919434e+00
    1.8496572875976563e+02 1.5792679041624069e-02 3473920. -1.
    5.1711521148681641e+01 2.6404560089111328e+01 2.7624790668487549e+00
    1.5061901855468750e+02 2.2094788029789925e-02 14418687. -1.
    5.5234138488769531e+01 2.4166114807128906e+01 3.8721549510955811e+00
    1.5266033935546875e+02 1.8754316493868828e-02 5439744. -1.
    5.8117694854736328e+01 3.2163494110107422e+01 1.8791633844375610e+00
    1.1472607421875000e+02 1.9312120974063873e-02 3277311. -1.
    5.8281944274902344e+01 8.1974998474121094e+01 5.1940798759460449e+00
    2.5255522155761719e+02 7.0527337491512299e-02 9961984. -1.
    6.2519660949707031e+01 7.2644226074218750e+01 6.5987315177917480e+00
    2.9795440673828125e+02 5.4683692753314972e-02 10552064. -1.
    6.3104267120361328e+01 2.9896141052246094e+01 4.2859616279602051e+00
    8.8816192626953125e+01 1.7229253426194191e-02 12779776. -1.
    6.3209583282470703e+01 4.8582733154296875e+01 1.8383276462554932e+00
    5.3881652832031250e+01 5.6970167905092239e-02 1704447. -1.
    6.3410236358642578e+01 7.9197265625000000e+01 1.8579206466674805e+00
    1.1788415527343750e+02 3.7496645003557205e-02 2425343. -1.
    6.7272460937500000e+01 1.7197462081909180e+01 2.1653935909271240e+00
    1.2631523132324219e+02 1.8965771421790123e-02 13500927. -1.
    6.7272460937500000e+01 1.7197462081909180e+01 2.1653935909271240e+00
    3.5643057250976563e+02 1.8965771421790123e-02 13500927. -1.
    6.9038307189941406e+01 5.6322757720947266e+01 1.6214818954467773e+01
    1.8847381591796875e+01 8.1709891557693481e-02 8716546. -1.
    6.9038307189941406e+01 5.6322757720947266e+01 1.6214818954467773e+01
    8.8861175537109375e+01 8.1709891557693481e-02 8716546. -1.
    6.9252410888671875e+01 4.5049034118652344e+01 2.7208056449890137e+00
    5.0580871582031250e+01 5.6509837508201599e-02 13304575. -1.
    7.1945060729980469e+01 1.2440331459045410e+01 7.8915553092956543e+00
    2.6388174438476563e+02 3.2059416174888611e-02 6816001. -1.
    7.1945060729980469e+01 1.2440331459045410e+01 7.8915553092956543e+00
    3.3573193359375000e+02 3.2059416174888611e-02 6816001. -1.
    7.2718360900878906e+01 8.1677947998046875e+01 5.6471953392028809e+00
    1.0015643310546875e+02 2.3484459146857262e-02 15991296. -1.
    7.5277534484863281e+01 6.7247268676757813e+01 5.5055856704711914e+00
