<?xml version="1.0"?>
<opencv_storage>
<keypoints type_id="opencv-matrix">
  <rows>8</rows>
  <cols>7</cols>
  <dt>d</dt>
  <data>
    7.8371968269348145e+00 1.3811975479125977e+01 2.8977134227752686e+00
    3.1594796752929688e+02 1.3391929864883423e-01 1180671. -1.
    1.0648624420166016e+01 6.8073167800903320e+00 3.2991669178009033e+00
    6.4977294921875000e+01 1.0288748145103455e-01 10552319. -1.
    1.2021994590759277e+01 2.9936134338378906e+01 3.7754533290863037e+00
    2.3899230957031250e+01 1.2843714654445648e-01 3604736. -1.
    1.3679841041564941e+01 1.8138994216918945e+01 2.5919384956359863e+00
    1.4027856445312500e+02 1.0256665199995041e-01 9831167. -1.
    1.5861109733581543e+01 2.3533700942993164e+01 2.6488039493560791e+00
    1.9211532592773438e+02 9.7380198538303375e-02 11404031. -1.
    1.9817903518676758e+01 3.1256963729858398e+01 3.2371392250061035e+00
    2.6004629516601563e+02 1.3651345670223236e-01 9176063. -1.
    2.0830514907836914e+01 1.0036502838134766e+01 9.2979307174682617e+00
    1.3954779052734375e+02 1.1363380402326584e-01 1966593. -1.
    2.6800611495971680e+01 2.6631631851196289e+01 4.4943380355834961e+00
    1.4367465209960938e+02 1.2361316382884979e-01 16187648. -1.</data></keypoints>
<descriptors type_id="opencv-matrix">
  <rows>8</rows>
  <cols>128</cols>
  <dt>f</dt>
  <data>
    0. 0. 0. 0. 0. 0. 0. 3. 0. 0. 0. 0. 0. 0. 24. 26. 11. 0. 0. 0. 0. 2.
    47. 80. 12. 0. 0. 0. 0. 26. 118. 80. 22. 0. 0. 0. 0. 0. 0. 22. 97.
    4. 0. 0. 3. 10. 70. 118. 78. 2. 0. 0. 29. 67. 118. 96. 118. 2. 0. 0.
    1. 22. 60. 90. 38. 0. 0. 0. 0. 0. 16. 92. 118. 26. 0. 1. 10. 6. 32.
    98. 109. 18. 1. 3. 118. 38. 6. 13. 118. 26. 0. 0. 7. 3. 1. 3. 109.
    15. 2. 1. 0. 1. 12. 63. 74. 12. 6. 6. 8. 9. 26. 54. 54. 17. 2. 29.
    115. 16. 1. 11. 118. 81. 2. 7. 13. 1. 0. 0. 10. 0. 0. 0. 0. 0. 0. 3.
    132. 0. 0. 0. 0. 0. 0. 132. 92. 0. 1. 1. 0. 0. 3. 126. 1. 0. 6. 26.
    0. 0. 3. 8. 42. 2. 0. 0. 0. 0. 0. 4. 132. 48. 15. 1. 0. 0. 0. 58.
    87. 21. 104. 62. 0. 0. 0. 20. 0. 0. 83. 132. 2. 1. 10. 9. 18. 12. 0.
    0. 0. 0. 0. 0. 100. 132. 86. 2. 0. 0. 0. 1. 67. 84. 132. 54. 0. 0.
    12. 39. 8. 8. 65. 64. 1. 1. 53. 74. 0. 1. 0. 0. 0. 0. 0. 0. 8. 30.
    9. 0. 0. 0. 0. 0. 56. 124. 59. 8. 0. 0. 2. 10. 9. 51. 118. 58. 0. 0.
    4. 7. 56. 126. 29. 0. 0. 1. 2. 1. 41. 91. 35. 0. 8. 46. 9. 3. 34.
    50. 2. 4. 67. 81. 14. 17. 23. 115. 40. 14. 9. 24. 28. 16. 48. 126.
    26. 0. 0. 0. 0. 0. 126. 126. 43. 8. 12. 5. 1. 25. 55. 26. 48. 69.
    109. 40. 13. 28. 10. 27. 73. 106. 61. 15. 18. 22. 36. 31. 1. 0. 0.
    0. 0. 0. 115. 126. 126. 19. 2. 0. 0. 4. 9. 31. 126. 126. 14. 0. 0.
    1. 0. 7. 98. 69. 9. 0. 0. 0. 0. 4. 1. 0. 0. 0. 0. 0. 0. 16. 25. 1.
    0. 0. 0. 0. 0. 2. 20. 5. 0. 0. 0. 0. 0. 0. 0. 0. 0. 0. 0. 0. 6. 49.
    27. 16. 39. 66. 0. 0. 64. 13. 27. 42. 33. 3. 4. 68. 27. 0. 24. 56.
    10. 1. 23. 109. 0. 1. 99. 68. 7. 8. 11. 18. 7. 1. 5. 2. 112. 112. 2.
    4. 112. 9. 6. 4. 38. 33. 4. 63. 52. 6. 7. 47. 109. 11. 8. 31. 13. 4.
    16. 34. 81. 57. 21. 18. 2. 0. 0. 0. 112. 81. 1. 1. 112. 49. 0. 3.
    89. 43. 1. 7. 49. 31. 20. 26. 112. 27. 1. 3. 10. 17. 50. 90. 70. 8.
    0. 2. 0. 1. 1. 0. 95. 21. 0. 0. 90. 32. 3. 1. 112. 23. 0. 1. 55. 24.
    16. 33. 97. 59. 1. 2. 0. 0. 12. 37. 72. 20. 0. 0. 38. 54. 23. 22.
    33. 16. 17. 25. 104. 3. 10. 30. 70. 16. 7. 35. 76. 1. 1. 76. 52. 12.
    17. 32. 0. 0. 0. 102. 82. 25. 7. 0. 8. 29. 40. 28. 27. 114. 8. 1.
    114. 17. 24. 33. 21. 17. 1. 30. 69. 5. 1. 77. 114. 11. 9. 20. 9. 5.
    1. 30. 46. 76. 74. 18. 3. 11. 50. 21. 56. 114. 2. 1. 114. 93. 8. 20.
    44. 61. 3. 5. 43. 94. 2. 6. 61. 76. 13. 5. 15. 30. 20. 18. 23. 82.
    25. 10. 1. 11. 77. 21. 9. 11. 83. 7. 8. 49. 15. 34. 22. 48. 83. 2.
    19. 114. 26. 1. 1. 33. 40. 3. 1. 50. 39. 5. 6. 66. 24. 1. 1. 0. 0.
    0. 0. 0. 0. 1. 114. 14. 0. 0. 0. 0. 2. 69. 91. 75. 17. 0. 6. 65. 30.
    80. 7. 13. 9. 1. 8. 114. 43. 27. 14. 1. 0. 0. 0. 0. 0. 6. 114. 29.
    4. 1. 1. 5. 28. 114. 33. 94. 50. 18. 41. 55. 48. 38. 2. 89. 105. 10.
    15. 36. 24. 6. 16. 9. 0. 0. 0. 0. 0. 1. 114. 114. 27. 3. 1. 1. 3.
    26. 31. 43. 55. 43. 42. 19. 62. 90. 2. 15. 22. 18. 29. 23. 114. 64.
    4. 2. 0. 0. 0. 0. 0. 0. 114. 74. 1. 0. 0. 0. 0. 17. 88. 99. 40. 26.
    0. 0. 26. 83. 3. 6. 62. 114. 13. 4. 25. 20. 0. 0. 0. 0. 0. 0. 0. 0.
    2. 0. 0. 0. 0. 0. 21. 67. 0. 0. 0. 1. 5. 10. 108. 119. 0. 0. 0. 8.
    13. 7. 13. 3. 32. 2. 0. 0. 0. 0. 0. 3. 138. 26. 4. 2. 3. 9. 46. 138.
    23. 9. 7. 84. 120. 64. 91. 107. 0. 0. 0. 138. 138. 9. 5. 0. 17. 1.
    0. 0. 0. 0. 0. 2. 138. 75. 65. 24. 3. 2. 1. 17. 19. 33. 138. 138.
    80. 9. 2. 4. 0. 0. 8. 138. 65. 0. 0. 0. 0. 0. 0. 0. 0. 0. 0. 0. 0.
    1. 9. 6. 0. 0. 0. 0. 0. 0. 43. 59. 0. 0. 0. 0. 0. 0. 4. 9. 0. 0. 0.
    0. 0. 0. 0. 0. 0. 0. 0. 1. 0. 0. 0. 0. 0. 0. 15. 9. 0. 0. 0. 0. 0.
    5. 25. 2. 0. 0. 0. 0. 0. 0. 3. 0. 18. 0. 0. 0. 0. 0. 1. 13. 97. 1.
    0. 0. 3. 13. 109. 125. 10. 1. 0. 1. 20. 116. 125. 45. 1. 1. 1. 1.
    14. 69. 95. 11. 31. 0. 0. 0. 0. 2. 74. 86. 125. 33. 7. 10. 17. 16.
    73. 87. 50. 35. 22. 62. 125. 47. 39. 40. 10. 20. 20. 17. 37. 87. 64.
    51. 125. 3. 0. 0. 0. 14. 78. 125. 32. 16. 13. 14. 39. 125. 87. 29.
    59. 14. 24. 46. 45. 30. 5. 49. 14. 3. 33. 74. 39. 9. 9. 48.</data></descriptors>
</opencv_storage>
