<?xml version="1.0"?>
<opencv_storage>
<keypoints type_id="opencv-matrix">
  <rows>52</rows>
  <cols>7</cols>
  <dt>d</dt>
  <data>
    7.9816617965698242e+00 1.6823228836059570e+01 3.4879345893859863e+00
    3.0077026367187500e+01 2.5887515395879745e-02 14615551. -1.
    1.3374148368835449e+01 7.5039505958557129e+00 2.5306489467620850e+00
    3.5935699462890625e+01 2.3181183263659477e-02 8061695. -1.
    1.3374148368835449e+01 7.5039505958557129e+00 2.5306489467620850e+00
    2.5915924072265625e+02 2.3181183263659477e-02 8061695. -1.
    1.4280463218688965e+01 7.0277924537658691e+00 2.0757198333740234e+00
    4.2303039550781250e+01 2.3290880024433136e-02 10486271. -1.
    1.4280463218688965e+01 7.0277924537658691e+00 2.0757198333740234e+00
    2.6628298950195313e+02 2.3290880024433136e-02 10486271. -1.
    1.4983375549316406e+01 1.4889977455139160e+01 1.8885339498519897e+00
    7.4828125000000000e+01 3.1390924006700516e-02 3604991. -1.
    1.4983375549316406e+01 1.4889977455139160e+01 1.8885339498519897e+00
    1.2147241210937500e+02 3.1390924006700516e-02 3604991. -1.
    1.4983375549316406e+01 1.4889977455139160e+01 1.8885339498519897e+00
    3.5642300415039063e+02 3.1390924006700516e-02 3604991. -1.
    1.5411064147949219e+01 9.8887605667114258e+00 2.3572003841400146e+00
    3.6109954833984375e+01 2.8641747310757637e-02 2949887. -1.
    2.0065483093261719e+01 4.8646347045898438e+01 3.1336829662322998e+00
    1.7972274780273438e+02 3.5152643918991089e-02 6816767. -1.
    2.0822372436523438e+01 1.6509588241577148e+01 2.3180949687957764e+00
    1.3494262695312500e+02 3.5518500953912735e-02 1770239. -1.
    2.0822372436523438e+01 1.6509588241577148e+01 2.3180949687957764e+00
    1.6592562866210938e+02 3.5518500953912735e-02 1770239. -1.
    2.3828168869018555e+01 5.3374969482421875e+01 1.9283281564712524e+00
    3.3597915649414063e+02 3.6950029432773590e-02 5112319. -1.
    2.4015399932861328e+01 1.7530433654785156e+01 2.6903491020202637e+00
    2.7349731445312500e+01 4.5463636517524719e-02 12518143. -1.
    2.4371128082275391e+01 2.4200593948364258e+01 2.5160064697265625e+00
    4.6249481201171875e+01 3.7757825106382370e-02 7668479. -1.
    2.8552354812622070e+01 3.8559913635253906e+01 2.0491402149200439e+00
    3.4529656982421875e+02 1.4045543037354946e-02 9568767. -1.
    2.8649826049804688e+01 4.0361801147460938e+01 2.9193179607391357e+00
    3.0571170043945313e+02 1.5116304159164429e-02 1704959. -1.
    2.9461189270019531e+01 4.6152286529541016e+01 1.8440332412719727e+00
    3.2523291015625000e+02 4.8856072127819061e-02 1901055. -1.
    2.9961408615112305e+01 2.7473669052124023e+01 3.3203976154327393e+00
    3.4279833984375000e+02 1.9668741151690483e-02 11011071. -1.
    3.2700897216796875e+01 4.5601833343505859e+01 2.4082100391387939e+00
    3.3563110351562500e+02 2.2837895900011063e-02 4522751. -1.
    3.7595497131347656e+01 2.2976831436157227e+01 1.7627025604248047e+01
    4.5542022705078125e+01 4.7846533358097076e-02 14811394. -1.
    3.9719821929931641e+01 7.1843482971191406e+01 4.3227000236511230e+00
    6.8612243652343750e+01 4.5039124786853790e-02 13369600. -1.
    3.9719821929931641e+01 7.1843482971191406e+01 4.3227000236511230e+00
    2.4131869506835938e+02 4.5039124786853790e-02 13369600. -1.
    4.2412620544433594e+01 4.2354927062988281e+01 2.4918687343597412e+00
    2.6339816284179688e+02 5.8173406869173050e-02 6947583. -1.
    4.2825901031494141e+01 4.9978725433349609e+01 2.0155704021453857e+00
    1.0045910644531250e+02 4.9040153622627258e-02 8323583. -1.
    4.2919567108154297e+01 9.6364278793334961e+00 4.6082239151000977e+00
    7.7144775390625000e+01 2.0260250195860863e-02 1311232. -1.
    4.5703327178955078e+01 4.7478118896484375e+01 2.0095996856689453e+00
    9.9338500976562500e+01 6.6118560731410980e-02 8126975. -1.
    4.7063423156738281e+01 7.2472259521484375e+01 1.8608808517456055e+00
    2.3712191772460938e+02 4.5831173658370972e-02 2556415. -1.
    4.8620201110839844e+01 4.6469837188720703e+01 1.8424414396286011e+00
    7.1190826416015625e+01 4.6856757253408432e-02 1835519. -1.
    4.8842166900634766e+01 8.1980613708496094e+01 4.1240000724792480e+00
    2.1993818664550781e+02 5.9390146285295486e-02 9961728. -1.
    4.9215171813964844e+01 6.0814327239990234e+01 1.5733763694763184e+01
    2.0438545227050781e+02 6.1762355268001556e-02 6553858. -1.
    5.3393531799316406e+01 4.0926856994628906e+01 2.6018438339233398e+00
    2.0302920532226563e+02 2.6456089690327644e-02 10093311. -1.
    5.3605697631835938e+01 6.5331832885742188e+01 2.0337197780609131e+00
    2.2673007202148438e+02 2.5134760886430740e-02 8978943. -1.
    5.4767295837402344e+01 5.0434246063232422e+01 2.3087890148162842e+00
    1.6144424438476563e+02 5.1339060068130493e-02 1442559. -1.
    5.5533813476562500e+01 8.4857187271118164e+00 5.9105358123779297e+00
    1.0171569824218750e+02 1.7109308391809464e-02 2622208. -1.
    5.6332138061523438e+01 1.0026329994201660e+01 7.9732069969177246e+00
    1.0480439758300781e+02 1.6772512346506119e-02 7536897. -1.
    5.8439575195312500e+01 6.3889175415039063e+01 2.5624880790710449e+00
    2.2514570617675781e+02 3.8967479020357132e-02 8979199. -1.
    6.0860134124755859e+01 5.0842536926269531e+01 5.1032934188842773e+00
    1.3785614013671875e+02 2.6323208585381508e-02 8716800. -1.
    6.6814445495605469e+01 3.3539539337158203e+01 2.8628730773925781e+00
    1.7025830078125000e+02 2.1024821326136589e-02 328703. -1.
    6.7536560058593750e+01 6.5271965026855469e+01 9.2375297546386719e+00
    2.0377691650390625e+02 2.8736829757690430e-02 1507841. -1.
    6.8206260681152344e+01 4.7182174682617188e+01 3.0579934120178223e+00
    1.5944490051269531e+02 1.5357138589024544e-02 5047295. -1.
    6.9406661987304688e+01 5.7896137237548828e+01 3.1790859699249268e+00
    2.1647299194335938e+02 2.2103948518633842e-02 7865343. -1.
    7.1681892395019531e+01 3.3836769104003906e+01 3.3731133937835693e+00
    1.7260835266113281e+02 1.6414137557148933e-02 12190719. -1.
    7.3867034912109375e+01 3.0357458114624023e+01 2.2369024753570557e+00
    1.5075607299804688e+02 1.5880644321441650e-02 15860223. -1.
    7.3867034912109375e+01 3.0357458114624023e+01 2.2369024753570557e+00
    2.8156323242187500e+02 1.5880644321441650e-02 15860223. -1.
    7.5092300415039063e+01 4.1037227630615234e+01 1.1301266670227051e+01
    1.9343130493164063e+02 1.9226910546422005e-02 16056833. -1.
    8.0535270690917969e+01 5.0239742279052734e+01 2.1396288871765137e+00
    7.5547027587890625e+01 5.5205561220645905e-02 12648959. -1.
    8.0535270690917969e+01 5.0239742279052734e+01 2.1396288871765137e+00
    2.4364099121093750e+02 5.5205561220645905e-02 12648959. -1.
    8.2916992187500000e+01 4.5569408416748047e+01 3.1389644145965576e+00
    3.0316873168945313e+02 2.1171558648347855e-02 6947839. -1.
    8.3587234497070313e+01 2.6537710189819336e+01 5.8938484191894531e+00
    3.5804718017578125e+02 2.8616530820727348e-02 2425600. -1.
    8.9453979492187500e+01 3.5141567230224609e+01 1.8586450815200806e+00
    3.1322665405273438e+02 3.8787703961133957e-02 2490879. -1.
    9.0842544555664063e+01 3.1920360565185547e+01 3.0241203308105469e+00
    3.4370806884765625e+02 1.8125135451555252e-02 4260863. -1.</data></keypoints>
