<?xml version="1.0"?>
<opencv_storage>
<keypoints type_id="opencv-matrix">
  <rows>80</rows>
  <cols>7</cols>
  <dt>d</dt>
  <data>
    6.9490895271301270e+00 4.3155727386474609e+01 3.9537847042083740e+00
    2.7022277832031250e+01 3.2692987471818924e-02 6947072. -1.
    6.9490895271301270e+00 4.3155727386474609e+01 3.9537847042083740e+00
    2.4508242797851563e+02 3.2692987471818924e-02 6947072. -1.
    7.9836473464965820e+00 1.6818216323852539e+01 3.5176529884338379e+00
    3.0145202636718750e+01 2.5997638702392578e-02 15205375. -1.
    9.2971267700195313e+00 4.7368320465087891e+01 2.9737102985382080e+00
    2.9098388671875000e+01 2.7524126693606377e-02 3081215. -1.
    1.2438895225524902e+01 3.9461669921875000e+01 2.6713852882385254e+00
    1.8388528442382813e+02 1.7181869596242905e-02 11993855. -1.
    1.2438895225524902e+01 3.9461669921875000e+01 2.6713852882385254e+00
    3.4676132202148438e+02 1.7181869596242905e-02 11993855. -1.
    1.3060128211975098e+01 5.2081745147705078e+01 2.4452326297760010e+00
    4.3317382812500000e+01 2.3371271789073944e-02 5636863. -1.
    1.3372728347778320e+01 7.5046525001525879e+00 2.5318086147308350e+00
    3.5933349609375000e+01 2.3181354627013206e-02 8127231. -1.
    1.3372728347778320e+01 7.5046525001525879e+00 2.5318086147308350e+00
    2.5925601196289063e+02 2.3181354627013206e-02 8127231. -1.
    1.4280334472656250e+01 7.0278410911560059e+00 2.0758445262908936e+00
    4.2304168701171875e+01 2.3290963843464851e-02 10486271. -1.
    1.4280334472656250e+01 7.0278410911560059e+00 2.0758445262908936e+00
    2.6628335571289063e+02 2.3290963843464851e-02 10486271. -1.
    1.4999349594116211e+01 1.4891859054565430e+01 1.9038423299789429e+00
    7.4318450927734375e+01 3.1527969986200333e-02 4194815. -1.
    1.4999349594116211e+01 1.4891859054565430e+01 1.9038423299789429e+00
    1.2333959960937500e+02 3.1527969986200333e-02 4194815. -1.
    1.4999349594116211e+01 1.4891859054565430e+01 1.9038423299789429e+00
    3.5658477783203125e+02 3.1527969986200333e-02 4194815. -1.
    1.5374711036682129e+01 8.1032836914062500e+01 2.2916312217712402e+00
    1.3500556945800781e+02 7.3811277747154236e-02 918271. -1.
    1.5411133766174316e+01 9.8888483047485352e+00 2.3570907115936279e+00
    3.6103820800781250e+01 2.8642512857913971e-02 2949887. -1.
    1.6846382141113281e+01 3.5151473999023438e+01 2.5085818767547607e+00
    2.4196905517578125e+02 2.4326376616954803e-02 7471871. -1.
    2.0059495925903320e+01 8.0084350585937500e+01 1.8737767934799194e+00
    2.1190904235839844e+02 7.1782387793064117e-02 3080703. -1.
    2.0790916442871094e+01 1.6628095626831055e+01 2.4560544490814209e+00
    1.2768750000000000e+02 2.8294481337070465e-02 5899007. -1.
    2.1390619277954102e+01 7.6892814636230469e+01 3.0754959583282471e+00
    2.0872691345214844e+02 8.0705471336841583e-02 5506047. -1.
    2.1777460098266602e+01 5.5692260742187500e+01 4.0181937217712402e+00
    8.7508453369140625e+01 2.0764717832207680e-02 8126720. -1.
    2.2112020492553711e+01 1.1334312438964844e+01 4.8504586219787598e+00
    2.4427032470703125e+01 3.2044012099504471e-02 5046784. -1.
    2.3645814895629883e+01 1.8859489440917969e+01 1.9180202484130859e+00
    2.9908996582031250e+01 3.6111965775489807e-02 4784639. -1.
    2.9406225204467773e+01 5.1049968719482422e+01 2.1440615653991699e+00
    2.7437347412109375e+02 4.6208567917346954e-02 12845567. -1.
    3.3620220184326172e+01 5.1251976013183594e+01 2.3824441432952881e+00
    1.0438497924804688e+02 4.5848235487937927e-02 3736319. -1.
    3.4179801940917969e+01 7.1195037841796875e+01 3.6605865955352783e+00
    2.3438537597656250e+01 5.1368732005357742e-02 1376512. -1.
    3.4190231323242188e+01 7.0621437072753906e+01 3.3725955486297607e+00
    2.1696105957031250e+01 5.1811512559652328e-02 12125183. -1.
    3.4625755310058594e+01 5.7435874938964844e+01 2.4125154018402100e+00
    3.4044854736328125e+02 4.5298457145690918e-02 4653823. -1.
    3.4648178100585938e+01 8.2826789855957031e+01 3.3754403591156006e+00
    3.1284313964843750e+02 3.2654736191034317e-02 12190719. -1.
    3.5853298187255859e+01 5.9609069824218750e+01 4.0323672294616699e+00
    3.4195355224609375e+02 3.6518018692731857e-02 8388864. -1.
    3.5951232910156250e+01 2.4175031661987305e+01 1.8632265090942383e+01
    3.2182647705078125e+01 4.1092645376920700e-02 2097666. -1.
    3.6066696166992188e+01 2.9096206665039063e+01 4.4736332893371582e+00
    3.0846163940429688e+02 2.1313894540071487e-02 15859968. -1.
    3.8058330535888672e+01 4.9861297607421875e+01 8.3749895095825195e+00
    4.8135009765625000e+01 2.6865961030125618e-02 11075841. -1.
    3.8946849822998047e+01 6.9964752197265625e+01 3.0826961994171143e+00
    3.0844110107421875e+02 2.7939809486269951e-02 5637119. -1.
    4.0457756042480469e+01 6.1405834197998047e+01 2.4852936267852783e+00
    3.4094851684570313e+02 1.4860164374113083e-02 6816511. -1.
    4.2461116790771484e+01 2.7495637893676758e+01 2.0144031047821045e+00
    1.9327490234375000e+02 1.9678857177495956e-02 8323583. -1.
    4.3102035522460938e+01 4.6363819122314453e+01 5.0258479118347168e+00
    4.9894714355468750e+00 2.8304761275649071e-02 7602688. -1.
    4.3102035522460938e+01 4.6363819122314453e+01 5.0258479118347168e+00
    4.5373657226562500e+01 2.8304761275649071e-02 7602688. -1.
    4.6629669189453125e+01 3.5955837249755859e+01 2.0999417304992676e+00
    2.0074937438964844e+02 1.7879070714116096e-02 11338239. -1.
    4.6893581390380859e+01 4.9850460052490234e+01 2.0212874412536621e+00
    3.1287506103515625e+01 4.5050561428070068e-02 8520191. -1.
    4.7439765930175781e+01 6.2871303558349609e+01 1.3847521781921387e+01
    2.7709817504882813e+02 6.0062550008296967e-02 14025473. -1.
    4.8977706909179688e+01 7.0902084350585938e+01 4.2645087242126465e+00
    2.8804364013671875e+02 3.4204374998807907e-02 12386560. -1.
    4.9180168151855469e+01 8.5531663894653320e+00 2.2317206859588623e+00
    2.8204791259765625e+02 2.1402131766080856e-02 15729151. -1.
    5.0283142089843750e+01 4.0012111663818359e+01 2.0825121402740479e+00
    2.1925903320312500e+01 4.0808517485857010e-02 10682879. -1.
    5.0283142089843750e+01 4.0012111663818359e+01 2.0825121402740479e+00
    1.2260978698730469e+02 4.0808517485857010e-02 10682879. -1.
    5.0363098144531250e+01 5.2813781738281250e+01 1.8035582304000854e+00
    1.0950828552246094e+02 4.3339096009731293e-02 328191. -1.
    5.1328872680664063e+01 4.3288234710693359e+01 4.9530000686645508e+00
    4.9746398925781250e+00 5.3338736295700073e-02 6554112. -1.
    5.1328872680664063e+01 4.3288234710693359e+01 4.9530000686645508e+00
    2.4510786437988281e+02 5.3338736295700073e-02 6554112. -1.
    5.2979988098144531e+01 2.5959865570068359e+01 4.0161685943603516e+00
    1.5112304687500000e+02 2.1149381995201111e-02 8061184. -1.
    5.3056697845458984e+01 3.6092886924743652e+00 1.9038273096084595e+00
    2.5620458984375000e+02 2.8684411197900772e-02 4194815. -1.
    5.3796188354492188e+01 4.2903690338134766e+01 1.9906395673751831e+00
    1.3907705688476563e+02 3.4640971571207047e-02 7471615. -1.
    5.5402999877929688e+01 4.6481395721435547e+01 1.8089717626571655e+00
    2.5876245117187500e+02 5.8864854276180267e-02 524799. -1.
    5.5695407867431641e+01 7.1486450195312500e+01 2.4586718082427979e+00
    2.2953979492187500e+02 4.4232510030269623e-02 6030079. -1.
    5.6265647888183594e+01 7.9808876037597656e+01 4.0783925056457520e+00
    3.1035836791992188e+02 5.7640139013528824e-02 9175296. -1.
    5.7039775848388672e+01 7.5031242370605469e+01 2.4645409584045410e+00
    1.7892202758789063e+02 6.6080056130886078e-02 6161151. -1.
    5.8808586120605469e+01 8.3344139099121094e+01 1.9886547327041626e+00
    3.0456103515625000e+02 4.8763427883386612e-02 7340543. -1.
    5.9422908782958984e+01 6.9092819213867188e+01 3.3674874305725098e+00
    2.2804707336425781e+02 3.8865514099597931e-02 12059647. -1.
    5.9739551544189453e+01 5.8001461029052734e+01 2.4464159011840820e+00
