<?xml version="1.0"?>
<opencv_storage>
<keypoints type_id="opencv-matrix">
  <rows>36</rows>
  <cols>7</cols>
  <dt>d</dt>
  <data>
    1.0727397918701172e+01 2.4705362319946289e+01 5.8563036918640137e+00
    3.3062683105468750e+01 2.2106586024165154e-02 1966848. -1.
    1.0833781242370605e+01 3.9360523223876953e+01 5.7930026054382324e+00
    3.2634487915039063e+02 2.1790049970149994e-02 1180416. -1.
    1.2596691131591797e+01 3.2022289276123047e+01 3.4118645191192627e+00
    3.0743652343750000e+01 7.9588115215301514e-02 12977151. -1.
    1.2596691131591797e+01 3.2022289276123047e+01 3.4118645191192627e+00
    3.2520370483398438e+02 7.9588115215301514e-02 12977151. -1.
    1.5372920989990234e+01 3.2055397033691406e+01 6.7402887344360352e+00
    3.4887847900390625e+01 6.6911242902278900e-02 12124928. -1.
    1.5372920989990234e+01 3.2055397033691406e+01 6.7402887344360352e+00
    3.2421066284179688e+02 6.6911242902278900e-02 12124928. -1.
    1.5833213806152344e+01 2.8786027908325195e+01 1.8839281797409058e+00
    1.6197174072265625e+01 4.5614607632160187e-02 3473919. -1.
    1.5885731697082520e+01 3.5167510986328125e+01 1.8718817234039307e+00
    3.3997015380859375e+02 4.4933043420314789e-02 3015167. -1.
    2.3587715148925781e+01 2.4337615966796875e+01 2.3414616584777832e+00
    2.1385171508789063e+02 6.5921179950237274e-02 2491135. -1.
    2.7030046463012695e+01 2.0409692764282227e+01 1.9410461187362671e+00
    2.3899685668945313e+02 6.6926993429660797e-02 5636607. -1.
    2.7510618209838867e+01 3.0358892440795898e+01 2.5131785869598389e+00
    2.7043774414062500e+02 2.7698853984475136e-02 7602943. -1.
    3.1531646728515625e+01 5.0688713073730469e+01 1.8272272348403931e+00
    2.8824481201171875e+02 4.5390628278255463e-02 1245695. -1.
    3.1984489440917969e+01 2.5963432312011719e+01 3.0039300918579102e+00
    3.2854632568359375e+02 3.8821849972009659e-02 3802111. -1.
    3.2154117584228516e+01 4.5313682556152344e+01 1.8789924383163452e+00
    1.0412001037597656e+02 6.4463272690773010e-02 3277311. -1.
    3.2390972137451172e+01 2.7002969741821289e+01 2.6031482696533203e+01
    3.9653442382812500e+01 3.2239761203527451e-02 9569026. -1.
    3.2390972137451172e+01 2.7002969741821289e+01 2.6031482696533203e+01
    3.2831906127929688e+02 3.2239761203527451e-02 9569026. -1.
    3.2975387573242188e+01 5.3397682189941406e+01 1.9040132761001587e+00
    2.5895727539062500e+02 6.8340294063091278e-02 4194815. -1.
    3.4456745147705078e+01 2.1778858184814453e+01 2.4627931118011475e+00
    3.2769500732421875e+02 4.2578365653753281e-02 6161151. -1.
    3.4534797668457031e+01 5.0118320465087891e+01 6.2465300559997559e+00
    2.4402020263671875e+02 5.6094259023666382e-02 6619904. -1.
    3.5131816864013672e+01 2.9461147308349609e+01 2.1635062694549561e+00
    1.2696981811523438e+02 4.7487068921327591e-02 13500927. -1.
    3.5131816864013672e+01 2.9461147308349609e+01 2.1635062694549561e+00
    3.0214984130859375e+02 4.7487068921327591e-02 13500927. -1.
    3.5131816864013672e+01 2.9461147308349609e+01 2.1635062694549561e+00
    3.5499044799804688e+02 4.7487068921327591e-02 13500927. -1.
    3.5604255676269531e+01 3.4944545745849609e+01 1.8080171346664429e+00
    3.5878295898437500e+01 4.2473632842302322e-02 459263. -1.
    3.5604255676269531e+01 3.4944545745849609e+01 1.8080171346664429e+00
    2.0957516479492188e+02 4.2473632842302322e-02 459263. -1.
    3.5866558074951172e+01 1.8124803543090820e+01 2.1815221309661865e+00
    2.7537213134765625e+02 6.2676578760147095e-02 14090751. -1.
    3.6975036621093750e+01 4.1313339233398438e+01 2.0911126136779785e+00
    2.4626913452148438e+02 3.6775659769773483e-02 11010559. -1.
    3.8343345642089844e+01 3.0961702346801758e+01 2.2181015014648438e+00
    1.2951194763183594e+02 3.7492398172616959e-02 15270399. -1.
    4.1359451293945313e+01 2.8682182312011719e+01 2.4646742343902588e+00
    1.2813652038574219e+02 3.9807200431823730e-02 6161151. -1.
    4.3432983398437500e+01 4.1962875366210938e+01 2.5033710002899170e+00
    4.5130462646484375e+01 6.2791258096694946e-02 7340799. -1.
    4.5218894958496094e+01 2.9166114807128906e+01 2.0209603309631348e+00
    7.9303161621093750e+01 4.9691852182149887e-02 8520191. -1.
    4.5218894958496094e+01 2.9166114807128906e+01 2.0209603309631348e+00
    2.5588943481445313e+02 4.9691852182149887e-02 8520191. -1.
    4.6702224731445313e+01 2.5865676879882813e+01 2.5131585597991943e+00
    3.3766580200195313e+02 6.3838869333267212e-02 7602943. -1.
    4.7131164550781250e+01 3.3604228973388672e+01 3.5947728157043457e+00
    2.5852111816406250e+01 7.2966352105140686e-02 65792. -1.
    4.7448596954345703e+01 3.3089244842529297e+01 3.2589967250823975e+00
    3.8652343750000000e+00 7.4856750667095184e-02 9700351. -1.
    5.1889919281005859e+01 3.2338363647460938e+01 3.6075050830841064e+00
    1.6822386169433594e+02 7.1716912090778351e-02 327936. -1.
    5.1889919281005859e+01 3.2338363647460938e+01 3.6075050830841064e+00
    1.8973020935058594e+02 7.1716912090778351e-02 327936. -1.</data></keypoints>
