<?xml version="1.0"?>
<opencv_storage>
<keypoints type_id="opencv-matrix">
  <rows>24</rows>
  <cols>7</cols>
  <dt>d</dt>
  <data>
    1.6666866302490234e+01 6.4893829345703125e+01 3.4902551174163818e+00
    2.7609481811523438e+02 8.0511003732681274e-02 14615551. -1.
    1.6872192382812500e+01 6.4917388916015625e+01 3.6023786067962646e+00
    2.9860595703125000e+01 7.9338453710079193e-02 196864. -1.
    1.6872192382812500e+01 6.4917388916015625e+01 3.6023786067962646e+00
    2.7896008300781250e+02 7.9338453710079193e-02 196864. -1.
    2.2021690368652344e+01 4.9337577819824219e+01 5.5535917282104492e+00
    3.5919381713867188e+02 6.2654063105583191e-02 14811648. -1.
    2.2102350234985352e+01 4.2239284515380859e+01 5.5165743827819824e+00
    3.5900949096679688e+02 6.7854791879653931e-02 14352896. -1.
    2.8317230224609375e+01 5.6323070526123047e+01 2.0087525844573975e+00
    8.9299163818359375e+01 2.8031341731548309e-02 8126975. -1.
    2.8888875961303711e+01 4.9745899200439453e+01 2.8128955364227295e+00
    9.1125366210937500e+01 5.5253341794013977e-02 15729407. -1.
    4.2307445526123047e+01 5.0919963836669922e+01 5.1236848831176758e+00
    2.1506166076660156e+02 5.4572042077779770e-02 8978944. -1.
    4.2477981567382813e+01 4.2208377838134766e+01 4.6590142250061035e+00
    1.8402937316894531e+02 5.4925940930843353e-02 2097664. -1.
    4.2566272735595703e+01 1.5867605209350586e+01 5.1031622886657715e+00
    6.4810119628906250e+01 9.8794423043727875e-02 8716800. -1.
    4.4191627502441406e+01 5.1892322540283203e+01 3.0969822406768799e+00
    2.2101397705078125e+02 5.3029809147119522e-02 5964799. -1.
    5.1042713165283203e+01 3.4028347015380859e+01 2.6430435180664063e+00
    3.3653259277343750e+00 8.7145693600177765e-02 11207423. -1.
    5.1042713165283203e+01 3.4028347015380859e+01 2.6430435180664063e+00
    1.2063508605957031e+02 8.7145693600177765e-02 11207423. -1.
    5.1070659637451172e+01 5.1676322937011719e+01 2.7232918739318848e+00
    3.0828573608398438e+02 5.5757664144039154e-02 13370111. -1.
    5.1070659637451172e+01 5.1676322937011719e+01 2.7232918739318848e+00
    3.5139828491210938e+02 5.5757664144039154e-02 13370111. -1.
    5.1435951232910156e+01 2.2349681854248047e+01 2.7031080722808838e+00
    3.1070950317382813e+02 1.1514607816934586e-01 12845823. -1.
    5.1517921447753906e+01 1.5321272850036621e+01 2.8086557388305664e+00
    9.8516479492187500e+01 1.2056510895490646e-01 15663871. -1.
    5.1517921447753906e+01 1.5321272850036621e+01 2.8086557388305664e+00
    2.9120635986328125e+02 1.2056510895490646e-01 15663871. -1.
    5.5241184234619141e+01 2.8319751739501953e+01 2.7540340423583984e+00
    3.4539514160156250e+02 1.1544669419527054e-01 14222079. -1.
    5.6696708679199219e+01 5.8976303100585938e+01 1.9059799909591675e+00
    3.3314398193359375e+02 5.1633361726999283e-02 4325887. -1.
    5.7169036865234375e+01 4.6063903808593750e+01 9.8264770507812500e+00
    1.7741731262207031e+02 8.8486216962337494e-02 5964289. -1.
    6.1312770843505859e+01 3.2139602661132813e+01 2.9033317565917969e+00
    2.0352209472656250e+02 1.1476434767246246e-01 1311743. -1.
    6.1474266052246094e+01 5.8319732666015625e+01 2.6126768589019775e+00
    1.8570794677734375e+02 5.6042481213808060e-02 10420991. -1.
    6.4722427368164063e+01 6.4875701904296875e+01 3.7552437782287598e+00
    2.6240081787109375e+02 8.5803411900997162e-02 3211520. -1.</data></keypoints>
<descriptors type_id="opencv-matrix">
  <rows>24</rows>
  <cols>128</cols>
  <dt>f</dt>
  <data>
    0. 0. 0. 0. 0. 0. 0. 1. 0. 0. 0. 0. 0. 1. 15. 9. 0. 0. 0. 0. 0. 9.
    18. 2. 0. 0. 0. 0. 0. 2. 1. 0. 17. 0. 0. 0. 0. 0. 0. 10. 91. 1. 0.
    0. 0. 17. 95. 150. 8. 0. 0. 0. 14. 152. 147. 33. 0. 0. 0. 0. 3. 38.
    121. 23. 43. 4. 0. 0. 0. 0. 0. 2. 152. 37. 0. 0. 0. 11. 14. 48. 86.
    7. 0. 0. 10. 152. 147. 27. 1. 0. 2. 3. 1. 29. 152. 64. 23. 4. 0. 0.
    0. 0. 0. 0. 152. 51. 0. 0. 0. 0. 0. 0. 140. 20. 0. 0. 0. 1. 12. 6.
    6. 1. 6. 23. 26. 2. 16. 8. 39. 78. 0. 0. 0. 0. 0. 1. 137. 137. 0. 0.
    0. 1. 0. 3. 47. 75. 10. 8. 0. 3. 12. 3. 0. 0. 32. 59. 0. 0. 3. 4.
    46. 10. 0. 0. 0. 0. 0. 10. 137. 81. 14. 2. 0. 0. 0. 60. 95. 51. 117.
    122. 0. 0. 0. 9. 0. 0. 135. 137. 0. 0. 0. 0. 25. 21. 0. 0. 0. 0. 0.
    1. 83. 137. 96. 11. 0. 0. 0. 6. 8. 27. 137. 137. 0. 0. 0. 1. 0. 0.
    64. 121. 0. 0. 0. 0. 0. 3. 0. 0. 0. 0. 0. 0. 0. 15. 22. 2. 0. 0. 0.
    0. 0. 1. 27. 15. 0. 0. 0. 0. 0. 0. 2. 4. 0. 0. 0. 0. 0. 0. 0. 0. 0.
    0. 0. 3. 0. 0. 0. 0. 0. 1. 26. 17. 0. 0. 0. 0. 0. 16. 33. 3. 0. 0.
    0. 0. 0. 4. 7. 1. 26. 0. 0. 0. 0. 0. 0. 15. 98. 1. 0. 0. 0. 13. 88.
    148. 9. 0. 0. 0. 0. 148. 148. 34. 0. 0. 0. 0. 0. 36. 148. 45. 53. 8.
    0. 0. 0. 0. 0. 2. 148. 49. 0. 0. 0. 5. 13. 42. 103. 11. 0. 0. 0. 85.
    148. 40. 1. 0. 3. 6. 2. 15. 148. 65. 24. 6. 0. 0. 0. 0. 0. 0. 148.
    71. 0. 0. 0. 0. 0. 0. 148. 39. 0. 0. 0. 0. 6. 7. 7. 1. 3. 18. 34. 7.
    9. 5. 43. 0. 0. 0. 0. 0. 0. 0. 178. 16. 3. 4. 3. 0. 0. 5. 80. 15.
    93. 59. 32. 11. 3. 2. 9. 28. 151. 10. 2. 4. 10. 7. 55. 0. 0. 0. 0.
    0. 0. 0. 178. 14. 1. 4. 8. 1. 0. 1. 83. 9. 14. 55. 80. 26. 12. 2.
    22. 22. 29. 10. 4. 7. 48. 31. 51. 0. 0. 0. 0. 0. 0. 7. 178. 15. 1.
    3. 5. 2. 0. 18. 88. 11. 5. 26. 44. 28. 26. 17. 40. 5. 3. 20. 9. 3.
    42. 45. 46. 8. 1. 0. 0. 0. 0. 38. 178. 35. 39. 0. 0. 1. 0. 100. 39.
    14. 117. 0. 2. 10. 16. 11. 5. 2. 92. 20. 21. 3. 5. 8. 32. 0. 0. 0.
    0. 0. 0. 5. 179. 6. 1. 0. 0. 0. 5. 123. 74. 11. 51. 10. 0. 0. 22.
    112. 0. 6. 77. 3. 1. 0. 5. 11. 56. 0. 0. 0. 0. 0. 0. 1. 179. 18. 4.
    5. 5. 0. 0. 3. 87. 16. 98. 74. 47. 16. 4. 0. 13. 35. 161. 12. 3. 5.
    14. 10. 55. 0. 0. 0. 0. 0. 0. 1. 179. 12. 1. 4. 8. 1. 0. 2. 73. 8.
    11. 47. 75. 24. 12. 3. 23. 17. 20. 8. 4. 7. 50. 32. 40. 0. 0. 0. 0.
    0. 0. 8. 179. 10. 1. 2. 4. 2. 0. 21. 61. 7. 4. 17. 27. 22. 21. 15.
    28. 3. 2. 17. 8. 2. 27. 31. 6. 9. 76. 92. 14. 0. 0. 0. 14. 82. 94.
    17. 3. 0. 0. 0. 6. 12. 3. 2. 16. 0. 0. 0. 0. 0. 0. 0. 19. 0. 0. 0.
    24. 25. 53. 142. 146. 2. 0. 1. 146. 146. 57. 24. 18. 1. 0. 5. 80.
    18. 0. 1. 13. 0. 0. 1. 0. 0. 0. 0. 24. 0. 0. 0. 25. 2. 1. 6. 146.
    122. 45. 26. 146. 6. 1. 1. 20. 20. 45. 146. 83. 0. 0. 0. 13. 0. 0.
    17. 0. 0. 0. 0. 24. 0. 0. 0. 0. 0. 1. 1. 22. 106. 81. 12. 21. 0. 1.
    1. 2. 16. 95. 99. 8. 0. 1. 2. 14. 1. 2. 13. 0. 0. 0. 2. 18. 0. 0. 0.
    73. 6. 1. 7. 129. 4. 0. 0. 129. 17. 2. 5. 63. 1. 0. 0. 52. 6. 17.
    20. 6. 0. 0. 0. 0. 7. 15. 6. 9. 1. 0. 0. 100. 2. 0. 0. 129. 7. 0. 1.
    129. 11. 1. 6. 98. 4. 0. 2. 63. 24. 49. 101. 90. 3. 0. 1. 71. 71.
    40. 16. 8. 0. 0. 2. 63. 0. 0. 0. 129. 70. 19. 27. 129. 2. 0. 1. 61.
    46. 43. 86. 48. 4. 2. 12. 129. 91. 32. 30. 113. 11. 2. 2. 11. 14.
    27. 59. 2. 0. 40. 8. 7. 37. 23. 13. 4. 0. 52. 8. 3. 22. 50. 35. 1.
    0. 51. 11. 7. 46. 30. 11. 4. 0. 42. 10. 1. 7. 26. 22. 5. 11. 30. 24.
    0. 0. 38. 128. 55. 75. 26. 5. 0. 0. 19. 111. 16. 6. 5. 19. 28. 18.
    8. 26. 20. 22. 19. 17. 16. 34. 3. 4. 21. 17. 54. 128. 19. 27. 42.
    29. 128. 89. 33. 14. 1. 1. 13. 36. 68. 9. 1. 73. 45. 25. 4. 6. 22.
    19. 15. 57. 17. 14. 8. 17. 14. 4. 0. 8. 9. 103. 128. 19. 128. 58. 0.
    1. 5. 86. 88. 39. 60. 65. 1. 25. 39. 60. 22. 3. 4. 2. 7. 30. 25. 35.
    45. 46. 43. 85. 3. 0. 0. 29. 31. 6. 12. 24. 7. 3. 26. 128. 14. 1.
    61. 121. 2. 3. 21. 54. 10. 3. 23. 29. 0. 1. 8. 20. 67. 63. 5. 0. 1.
    1. 28. 130. 43. 20. 104. 1. 2. 4. 7. 25. 24. 130. 28. 1. 32. 46. 18.
    2. 1. 52. 8. 7. 31. 33. 33. 7. 2. 6. 14. 2. 0. 0. 130. 82. 5. 5.
    130. 1. 1. 5. 55. 28. 4. 25. 21. 0. 25. 52. 67. 52. 12. 4. 14. 12.
    39. 18. 4. 8. 29. 20. 10. 50. 51. 32. 124. 18. 0. 0. 130. 9. 4. 12.
    63. 17. 6. 11. 33. 0. 4. 20. 59. 82. 102. 10. 7. 8. 17. 7. 3. 11.
    130. 35. 10. 54. 89. 35. 17. 18. 9. 2. 130. 55. 24. 17. 7. 4. 4. 12.
    73. 2. 0. 0. 0. 15. 83. 22. 0. 0. 1. 4. 0. 2. 108. 12. 1. 0. 0. 0.
    0. 0. 0. 3. 32. 0. 0. 0. 0. 0. 2. 78. 44. 7. 16. 6. 0. 0. 25. 148.
    3. 3. 27. 10. 1. 4. 53. 30. 27. 0. 0. 0. 0. 0. 0. 16. 132. 2. 0. 0.
