<?xml version="1.0"?>
<opencv_storage>
<keypoints type_id="opencv-matrix">
  <rows>145</rows>
  <cols>7</cols>
  <dt>d</dt>
  <data>
    7.9169063568115234e+00 4.2899723052978516e+01 6.0727963447570801e+00
    3.4317413330078125e+02 2.3030852898955345e-02 4588288. -1.
    9.5507354736328125e+00 1.3064469909667969e+02 1.9405990839004517e+00
    2.7477331542968750e+02 1.9958622753620148e-02 5571071. -1.
    1.9291738510131836e+01 3.0036861419677734e+01 5.0627532005310059e+00
    8.6672912597656250e+01 1.9592216238379478e-02 8126976. -1.
    1.9634349822998047e+01 4.1294574737548828e+01 1.2746724128723145e+01
    3.4321282958984375e+02 4.4654421508312225e-02 8061697. -1.
    2.2855625152587891e+01 5.5999893188476563e+01 3.9292728900909424e+00
    3.2576968383789063e+02 2.3953929543495178e-02 6488320. -1.
    2.6542930603027344e+01 5.9305175781250000e+01 2.1208853721618652e+00
    3.4502764892578125e+02 1.6962677240371704e-02 12059135. -1.
    2.7893356323242188e+01 2.7524013519287109e+01 8.6800394058227539e+00
    7.8131408691406250e+00 2.9449408873915672e-02 13697281. -1.
    2.7893356323242188e+01 2.7524013519287109e+01 8.6800394058227539e+00
    7.7064208984375000e+01 2.9449408873915672e-02 13697281. -1.
    2.9074504852294922e+01 5.4255931854248047e+01 3.2014076709747314e+00
    5.3507720947265625e+01 2.5014426559209824e-02 8389631. -1.
    2.9264339447021484e+01 6.7578872680664063e+01 5.6753644943237305e+00
    3.2406225585937500e+02 2.3574979975819588e-02 16384512. -1.
    3.1090383529663086e+01 2.1426307678222656e+01 4.4880290031433105e+00
    5.3080749511718750e+00 2.0767841488122940e-02 16122112. -1.
    3.3477653503417969e+01 5.1048976898193359e+01 2.6811182498931885e+00
    1.4783226013183594e+02 2.1135741844773293e-02 12255999. -1.
    3.4120597839355469e+01 3.6308742523193359e+01 4.1763095855712891e+00
    8.8799682617187500e+01 2.6513868942856789e-02 10879232. -1.
    3.4696678161621094e+01 6.1191886901855469e+01 6.7668838500976563e+00
    3.2744158935546875e+02 5.4364938288927078e-02 12387072. -1.
    3.4956687927246094e+01 4.4393619537353516e+01 4.0887460708618164e+00
    2.0926269531250000e+01 3.0982559546828270e-02 9371904. -1.
    3.4956687927246094e+01 4.4393619537353516e+01 4.0887460708618164e+00
    2.0672326660156250e+02 3.0982559546828270e-02 9371904. -1.
    3.5036518096923828e+01 5.4822086334228516e+01 2.5853097438812256e+00
    8.4815032958984375e+01 3.0501727014780045e-02 9634559. -1.
    3.5821491241455078e+01 7.2631317138671875e+01 2.9679524898529053e+00
    3.3419525146484375e+02 2.0462613552808762e-02 2884607. -1.
    3.8358776092529297e+01 5.1754257202148438e+01 4.7453513145446777e+00
    6.0998413085937500e+01 3.4060325473546982e-02 3408384. -1.
    3.9509552001953125e+01 6.8785018920898438e+01 3.3340873718261719e+00
    2.1395538330078125e+01 2.8697876259684563e-02 11338751. -1.
    3.9509552001953125e+01 6.8785018920898438e+01 3.3340873718261719e+00
    2.2738116455078125e+02 2.8697876259684563e-02 11338751. -1.
    4.0071384429931641e+01 2.2831321716308594e+01 8.6715803146362305e+00
    1.2286741638183594e+02 8.1485509872436523e-02 13631745. -1.
    4.0619014739990234e+01 4.5004837036132813e+01 4.0698933601379395e+00
    2.9830932617187500e+01 2.7166916057467461e-02 9044224. -1.
    4.1466598510742188e+01 3.5414306640625000e+01 4.6714105606079102e+00
    3.2307351684570313e+02 3.6405276507139206e-02 2294272. -1.
    4.2325080871582031e+01 1.4491198539733887e+01 4.9021277427673340e+00
    1.1414529418945313e+02 2.9890414327383041e-02 5767680. -1.
    4.3976837158203125e+01 4.9493759155273438e+01 2.9424991607666016e+00
    3.7927215576171875e+01 2.8172975406050682e-02 2294783. -1.
    4.4428874969482422e+01 6.6569702148437500e+01 2.9327917098999023e+00
    1.3414349365234375e+02 2.1158503368496895e-02 2032639. -1.
    4.4717136383056641e+01 7.5904396057128906e+01 7.9949326515197754e+00
    3.4485412597656250e+02 1.5509888529777527e-02 7733505. -1.
    4.7365928649902344e+01 4.2652641296386719e+01 3.3983452320098877e+00
    1.9916198730468750e+01 3.2172299921512604e-02 12715007. -1.
    4.7365928649902344e+01 4.2652641296386719e+01 3.3983452320098877e+00
    3.3637445068359375e+02 3.2172299921512604e-02 12715007. -1.
    4.8239704132080078e+01 6.2145389556884766e+01 6.3575816154479980e+00
    2.6060681152343750e+02 3.7080548703670502e-02 7865088. -1.
    5.2721889495849609e+01 6.9797767639160156e+01 5.0708398818969727e+00
    3.4029821777343750e+02 2.7217362076044083e-02 8258048. -1.
    5.5850704193115234e+01 4.6985202789306641e+01 1.2488963127136230e+01
    8.7298522949218750e+01 3.6906380206346512e-02 6554369. -1.
    5.6182598114013672e+01 6.3839801788330078e+01 4.2796220779418945e+00
    3.4010467529296875e+02 3.0147397890686989e-02 12648704. -1.
    5.8102291107177734e+01 2.8847927093505859e+01 4.9863080978393555e+00
    6.0165161132812500e+01 2.3605639114975929e-02 7012864. -1.
    6.0587776184082031e+01 5.3268505096435547e+01 4.1967391967773438e+00
    2.2144386291503906e+02 1.9277460873126984e-02 11272448. -1.
    6.0587776184082031e+01 5.3268505096435547e+01 4.1967391967773438e+00
    2.5747189331054688e+02 1.9277460873126984e-02 11272448. -1.
    6.0802520751953125e+01 1.3174084472656250e+02 3.9776921272277832e+00
    3.1189685058593750e+02 1.7456069588661194e-02 7405824. -1.
    6.5004379272460938e+01 8.8977134704589844e+01 4.9517545700073242e+00
    3.2512600708007813e+02 2.1175840869545937e-02 6488576. -1.
    7.1669616699218750e+01 1.2279020690917969e+02 4.2509870529174805e+00
    2.9417877197265625e+01 1.9089236855506897e-02 12189952. -1.
    7.2357040405273438e+01 5.5145183563232422e+01 4.3818907737731934e+00
    1.3729132080078125e+02 2.9738789424300194e-02 14352640. -1.
    7.2408988952636719e+01 7.1364295959472656e+01 1.7806236267089844e+01
    1.3538841247558594e+02 3.1905055046081543e-02 15532290. -1.
    7.2408988952636719e+01 7.1364295959472656e+01 1.7806236267089844e+01
    3.4090469360351563e+02 3.1905055046081543e-02 15532290. -1.
    7.2488533020019531e+01 5.5580120086669922e+01 4.7225160598754883e+00
    1.3605639648437500e+02 2.9838904738426208e-02 3080704. -1.
    7.2782073974609375e+01 4.7798793792724609e+01 5.2785677909851074e+00
    2.3356761169433594e+02 3.1105602160096169e-02 11141632. -1.
    7.2961341857910156e+01 3.4400676727294922e+01 3.1492469310760498e+00
    4.9518432617187500e+01 3.1762529164552689e-02 7209983. -1.
    7.5908859252929688e+01 1.1770659637451172e+02 2.7784764766693115e+00
    2.9585449218750000e+01 1.3812199234962463e-02 14877439. -1.
    7.8352676391601563e+01 1.0888374328613281e+02 6.0757503509521484e+00
    2.8160064697265625e+01 2.0216876640915871e-02 4588288. -1.
    7.8907409667968750e+01 4.2897708892822266e+01 2.6957070827484131e+00
    2.5424699401855469e+02 2.7724625542759895e-02 12649215. -1.
    7.9940528869628906e+01 3.6583671569824219e+01 6.5585360527038574e+00
    1.4832275390625000e+02 5.0234332680702209e-02 10158848. -1.
    7.9940528869628906e+01 3.6583671569824219e+01 6.5585360527038574e+00
    2.5030809020996094e+02 5.0234332680702209e-02 10158848. -1.
    8.0094062805175781e+01 1.0192566680908203e+02 4.1238608360290527e+00
    3.2426623535156250e+02 1.8154032528400421e-02 9961728. -1.
    8.0160095214843750e+01 4.6090198516845703e+01 2.3757922649383545e+00
    2.6890316772460938e+02 1.8584446981549263e-02 3539711. -1.
    8.3899307250976563e+01 1.6290089416503906e+02 8.7220296859741211e+00
    2.4424501037597656e+02 2.8646329417824745e-02 14024961. -1.
    8.7277870178222656e+01 2.8636993408203125e+01 3.0486605167388916e+00
    2.6546313476562500e+02 1.7586810514330864e-02 4850687. -1.
    8.7705459594726563e+01 3.3541530609130859e+01 4.9755759239196777e+00
    1.4842532348632813e+02 3.3941008150577545e-02 6881792. -1.
    9.2109191894531250e+01 4.4867691040039063e+01 4.3310708999633789e+00
    2.7279486083984375e+02 1.9159549847245216e-02 13566208. -1.
    9.2247543334960938e+01 3.7195095062255859e+01 3.2914650440216064e+00
