<?xml version="1.0"?>
<opencv_storage>
<keypoints type_id="opencv-matrix">
  <rows>28</rows>
  <cols>7</cols>
  <dt>d</dt>
  <data>
    1.1549884796142578e+01 2.4394464492797852e+01 3.9375743865966797e+00
    3.0707888793945313e+02 5.1113355904817581e-02 6619392. -1.
    1.4418793678283691e+01 1.8750402450561523e+01 3.5558145046234131e+00
    3.1036169433593750e+02 9.0004123747348785e-02 15991807. -1.
    1.6144344329833984e+01 2.4681554794311523e+01 1.9194697141647339e+00
    5.4246185302734375e+01 4.8738759011030197e-02 4784639. -1.
    1.6144344329833984e+01 2.4681554794311523e+01 1.9194697141647339e+00
    3.3250570678710938e+02 4.8738759011030197e-02 4784639. -1.
    1.7594509124755859e+01 2.7718299865722656e+01 1.9530471563339233e+00
    9.2959197998046875e+01 7.3996767401695251e-02 6095359. -1.
    1.8645694732666016e+01 2.8384544372558594e+01 2.5152246952056885e+00
    9.5649139404296875e+01 7.1324989199638367e-02 7668479. -1.
    1.8645694732666016e+01 2.8384544372558594e+01 2.5152246952056885e+00
    3.0466387939453125e+02 7.1324989199638367e-02 7668479. -1.
    1.8972404479980469e+01 2.3018800735473633e+01 2.0188367366790771e+00
    7.9035980224609375e+01 8.3213128149509430e-02 8454655. -1.
    1.8972404479980469e+01 2.3018800735473633e+01 2.0188367366790771e+00
    2.8730285644531250e+02 8.3213128149509430e-02 8454655. -1.
    2.0882026672363281e+01 1.9761394500732422e+01 2.0292005538940430e+00
    8.6019683837890625e+01 7.0914588868618011e-02 8847871. -1.
    2.4535303115844727e+01 2.9054946899414063e+01 2.0616731643676758e+00
    1.0401817321777344e+02 7.1528553962707520e-02 9961983. -1.
    2.4535303115844727e+01 2.9054946899414063e+01 2.0616731643676758e+00
    2.4794758605957031e+02 7.1528553962707520e-02 9961983. -1.
    2.4804355621337891e+01 2.3814907073974609e+01 1.2845133781433105e+01
    7.8312957763671875e+01 5.4923206567764282e-02 8585985. -1.
    2.4804355621337891e+01 2.3814907073974609e+01 1.2845133781433105e+01
    1.9315077209472656e+02 5.4923206567764282e-02 8585985. -1.
    2.4804355621337891e+01 2.3814907073974609e+01 1.2845133781433105e+01
    3.5178717041015625e+02 5.4923206567764282e-02 8585985. -1.
    2.5025588989257813e+01 1.8136228561401367e+01 3.1024007797241211e+00
    8.9590148925781250e+00 6.9152623414993286e-02 6095871. -1.
    2.5025588989257813e+01 1.8136228561401367e+01 3.1024007797241211e+00
    7.9021148681640625e+01 6.9152623414993286e-02 6095871. -1.
    2.5314678192138672e+01 3.9787082672119141e+01 3.0585174560546875e+00
    2.6686920166015625e+02 4.5050773769617081e-02 5112831. -1.
    2.5345367431640625e+01 1.0471065521240234e+01 2.6176016330718994e+00
    8.1204101562500000e+01 4.5167110860347748e-02 10552063. -1.
    2.8909065246582031e+01 1.9585353851318359e+01 2.1264262199401855e+00
    1.4445372009277344e+02 5.8711312711238861e-02 12190207. -1.
    2.8994129180908203e+01 2.7870155334472656e+01 2.1265196800231934e+00
    2.7915808105468750e+02 7.5520075857639313e-02 12190207. -1.
    3.2415863037109375e+01 2.5272769927978516e+01 2.4056136608123779e+00
    1.8031074523925781e+02 8.7607197463512421e-02 4457215. -1.
    3.2415863037109375e+01 2.5272769927978516e+01 2.4056136608123779e+00
    2.5448809814453125e+02 8.7607197463512421e-02 4457215. -1.
    3.2415863037109375e+01 2.5272769927978516e+01 2.4056136608123779e+00
    2.7166198730468750e+02 8.7607197463512421e-02 4457215. -1.
    3.3421749114990234e+01 2.8698064804077148e+01 2.0910289287567139e+00
    2.4907461547851563e+02 6.3285671174526215e-02 11010559. -1.
    3.5635322570800781e+01 2.3707008361816406e+01 1.8430184125900269e+00
    1.8136227416992188e+02 4.3033670634031296e-02 1901055. -1.
    3.8326862335205078e+01 2.3855968475341797e+01 5.1487221717834473e+00
    1.8135299682617188e+02 3.3863082528114319e-02 9306624. -1.
    4.0074207305908203e+01 2.5542293548583984e+01 2.6797130107879639e+00
    1.6792196655273438e+02 3.3559232950210571e-02 12255999. -1.</data></keypoints>
<descriptors type_id="opencv-matrix">
  <rows>28</rows>
  <cols>128</cols>
  <dt>f</dt>
  <data>
    0. 0. 0. 2. 0. 0. 0. 0. 3. 3. 7. 4. 0. 0. 0. 3. 8. 2. 1. 0. 0. 4.
    46. 36. 0. 0. 0. 0. 2. 28. 45. 3. 0. 0. 1. 15. 13. 3. 1. 0. 55. 26.
    38. 45. 20. 10. 15. 15. 121. 49. 14. 8. 10. 21. 80. 121. 9. 7. 6.
    26. 118. 120. 77. 21. 12. 0. 0. 2. 8. 8. 17. 34. 40. 4. 2. 6. 13.
    21. 121. 121. 121. 49. 15. 16. 9. 15. 121. 121. 10. 12. 13. 52. 76.
    62. 118. 40. 85. 8. 0. 0. 0. 0. 1. 31. 121. 35. 1. 0. 0. 2. 52. 103.
    35. 34. 11. 12. 14. 29. 90. 64. 21. 30. 7. 11. 4. 22. 80. 40. 1. 0.
    1. 0. 0. 0. 0. 2. 2. 0. 0. 0. 0. 1. 29. 14. 0. 0. 0. 0. 1. 12. 39.
    1. 0. 0. 0. 0. 1. 4. 1. 0. 27. 20. 37. 26. 8. 1. 1. 5. 114. 36. 14.
    3. 4. 15. 103. 107. 10. 5. 7. 16. 114. 113. 114. 21. 0. 0. 4. 5. 38.
    28. 5. 0. 38. 9. 11. 15. 20. 20. 110. 40. 114. 93. 46. 12. 5. 13.
    63. 72. 14. 21. 53. 97. 114. 58. 53. 47. 1. 0. 2. 8. 28. 84. 91. 48.
    50. 6. 0. 0. 1. 8. 77. 75. 61. 25. 1. 1. 12. 70. 97. 70. 42. 33. 2.
    4. 9. 91. 81. 61. 16. 11. 6. 11. 40. 79. 65. 56. 1. 0. 0. 2. 87. 35.
    75. 31. 103. 21. 5. 4. 65. 23. 7. 62. 57. 18. 28. 108. 0. 0. 0. 72.
    1. 0. 6. 116. 2. 0. 3. 63. 4. 4. 88. 38. 108. 33. 5. 2. 41. 60. 54.
    32. 104. 42. 0. 1. 62. 48. 100. 77. 2. 0. 0. 62. 20. 5. 15. 29. 0.
    0. 4. 116. 0. 12. 116. 63. 21. 2. 0. 0. 34. 25. 115. 63. 31. 4. 0.
    9. 116. 57. 29. 7. 2. 1. 5. 55. 27. 38. 116. 30. 0. 1. 12. 35. 1. 3.
    9. 9. 52. 18. 3. 0. 62. 46. 13. 1. 4. 4. 9. 14. 49. 87. 21. 0. 0. 2.
    13. 32. 1. 23. 56. 4. 0. 2. 41. 16. 20. 22. 47. 21. 1. 0. 0. 1. 114.
    106. 23. 7. 0. 0. 0. 2. 34. 29. 114. 76. 10. 6. 4. 3. 0. 0. 66. 54.
    59. 38. 5. 1. 28. 5. 10. 8. 6. 7. 36. 40. 114. 77. 46. 12. 0. 3. 23.
    16. 65. 29. 76. 57. 0. 1. 41. 69. 9. 8. 29. 18. 4. 60. 114. 33. 25.
    0. 0. 0. 7. 26. 57. 97. 30. 10. 4. 0. 5. 35. 114. 66. 81. 84. 4. 0.
    0. 58. 84. 39. 16. 114. 17. 0. 0. 36. 39. 13. 62. 3. 0. 1. 24. 16.
    2. 30. 114. 42. 0. 1. 20. 21. 23. 32. 30. 29. 1. 0. 0. 114. 59. 11.
    0. 78. 15. 0. 0. 111. 20. 0. 62. 7. 1. 21. 97. 0. 0. 5. 112. 0. 0.
    19. 97. 1. 0. 30. 98. 0. 0. 12. 97. 24. 1. 22. 41. 6. 0. 11. 112.
    22. 0. 5. 48. 60. 41. 72. 72. 1. 0. 0. 112. 28. 13. 46. 56. 0. 0.
    21. 81. 13. 19. 112. 74. 0. 0. 12. 47. 0. 0. 69. 79. 0. 0. 56. 3.
    33. 53. 53. 33. 56. 13. 0. 79. 112. 50. 36. 13. 3. 0. 3. 23. 29. 62.
    112. 6. 0. 7. 42. 23. 1. 17. 89. 8. 0. 1. 69. 0. 3. 29. 112. 37. 23.
    3. 0. 40. 82. 35. 21. 9. 2. 0. 3. 22. 37. 99. 19. 0. 0. 3. 16. 2. 2.
    47. 58. 0. 0. 0. 4. 51. 5. 2. 13. 98. 1. 0. 5. 96. 0. 0. 8. 89. 23.
    18. 52. 29. 20. 1. 1. 93. 91. 14. 17. 21. 14. 1. 2. 57. 24. 0. 1.
    82. 57. 19. 41. 90. 1. 1. 2. 116. 21. 9. 39. 79. 3. 0. 20. 56. 6. 5.
    79. 116. 22. 0. 15. 40. 2. 0. 32. 93. 4. 0. 16. 17. 52. 64. 62. 35.
    51. 6. 1. 68. 116. 71. 66. 15. 1. 0. 1. 28. 22. 47. 116. 30. 0. 0.
    23. 13. 1. 7. 116. 43. 0. 0. 13. 0. 5. 12. 116. 65. 34. 2. 0. 17.
    116. 53. 30. 10. 2. 1. 3. 12. 37. 94. 36. 0. 0. 0. 5. 1. 1. 16. 55.
    2. 0. 0. 0. 2. 0. 0. 2. 15. 10. 30. 34. 10. 1. 0. 1. 6. 49. 109. 36.
    91. 45. 18. 0. 0. 19. 47. 57. 17. 37. 85. 20. 12. 29. 28. 19. 60. 0.
    0. 0. 11. 4. 9. 89. 66. 1. 0. 0. 19. 46. 70. 89. 67. 15. 0. 0. 26.
    109. 85. 66. 71. 33. 2. 2. 12. 109. 43. 30. 109. 15. 0. 0. 28. 7. 0.
    20. 109. 79. 0. 1. 43. 20. 3. 21. 60. 68. 5. 3. 104. 109. 4. 9. 85.
    97. 0. 1. 41. 46. 1. 0. 76. 65. 2. 1. 7. 5. 0. 0. 26. 90. 5. 0. 19.
    42. 4. 0. 8. 109. 50. 24. 40. 27. 10. 0. 41. 73. 17. 36. 42. 16. 1.
    0. 24. 63. 111. 9. 3. 1. 2. 1. 73. 30. 72. 34. 10. 0. 0. 28. 47. 1.
    0. 59. 67. 0. 0. 40. 43. 0. 0. 53. 58. 1. 4. 53. 15. 12. 32. 3. 12.
    35. 57. 49. 111. 50. 17. 10. 9. 15. 8. 36. 55. 10. 6. 111. 107. 0.
    0. 23. 110. 0. 0. 28. 31. 1. 0. 99. 7. 2. 0. 1. 44. 109. 37. 78. 54.
    86. 43. 19. 41. 101. 4. 1. 71. 50. 68. 102. 28. 3. 0. 17. 109. 25.
    37. 48. 4. 0. 0. 50. 11. 22. 34. 79. 18. 31. 2. 7. 0. 2. 60. 105.
