<?xml version="1.0"?>
<opencv_storage>
<keypoints type_id="opencv-matrix">
  <rows>98</rows>
  <cols>7</cols>
  <dt>d</dt>
  <data>
    3.7860260009765625e+00 5.9405204772949219e+01 2.0402829647064209e+00
    2.2868411254882813e+02 2.8103537857532501e-02 9241087. -1.
    3.8096499443054199e+00 5.2969928741455078e+01 2.2044932842254639e+00
    5.3528869628906250e+01 2.7784202247858047e-02 14811647. -1.
    3.8096499443054199e+00 5.2969928741455078e+01 2.2044932842254639e+00
    2.1143885803222656e+02 2.7784202247858047e-02 14811647. -1.
    3.8301014900207520e+00 8.0519233703613281e+01 2.0223300457000732e+00
    1.6213987731933594e+02 3.2855533063411713e-02 8585727. -1.
    3.8363544940948486e+00 3.4351139068603516e+01 2.0194525718688965e+00
    8.1637512207031250e+01 2.7091031894087791e-02 8454655. -1.
    4.1985969543457031e+00 4.0103389739990234e+01 2.1576888561248779e+00
    5.6471435546875000e+01 2.7049379423260689e-02 13304319. -1.
    7.1544761657714844e+00 7.8849281311035156e+01 2.7856681346893311e+00
    1.6932916259765625e+02 3.9085377007722855e-02 15008511. -1.
    7.1544761657714844e+00 7.8849281311035156e+01 2.7856681346893311e+00
    3.1816638183593750e+02 3.9085377007722855e-02 15008511. -1.
    7.8898100852966309e+00 2.9125017166137695e+01 4.3163495063781738e+00
    3.7056579589843750e+01 5.3144887089729309e-02 13304064. -1.
    8.9932012557983398e+00 2.8476905822753906e+01 3.4256553649902344e+00
    3.6563293457031250e+01 5.3279284387826920e-02 13304831. -1.
    9.0963497161865234e+00 4.8280532836914063e+01 1.7980308532714844e+00
    2.4882489013671875e+02 2.6990156620740891e-02 66047. -1.
    9.5509262084960938e+00 5.0618152618408203e+01 5.5348420143127441e+00
    3.1208587646484375e+02 1.4737376943230629e-02 14549504. -1.
    1.0059975624084473e+01 4.9533710479736328e+00 2.1519653797149658e+00
    2.6739785766601563e+02 4.3184362351894379e-02 13107711. -1.
    1.0561916351318359e+01 3.3930366516113281e+01 3.9233307838439941e+00
    3.8097717285156250e+01 3.4662507474422455e-02 6357248. -1.
    1.1675653457641602e+01 2.1659868240356445e+01 2.5317256450653076e+00
    3.1705416870117188e+02 4.3013803660869598e-02 8127231. -1.
    1.1777395248413086e+01 9.8920040130615234e+00 1.8407560586929321e+00
    5.6962371826171875e+01 2.7307277545332909e-02 1769983. -1.
    1.2899807929992676e+01 1.6452194213867188e+01 1.8414242267608643e+00
    9.9294036865234375e+01 6.4469859004020691e-02 1835519. -1.
    1.2899807929992676e+01 1.6452194213867188e+01 1.8414242267608643e+00
    1.5773786926269531e+02 6.4469859004020691e-02 1835519. -1.
    1.2899807929992676e+01 1.6452194213867188e+01 1.8414242267608643e+00
    3.4648373413085938e+02 6.4469859004020691e-02 1835519. -1.
    1.3576415061950684e+01 2.3345800399780273e+01 1.8366888761520386e+00
    3.1475863647460938e+02 4.5988131314516068e-02 1638911. -1.
    1.4397377014160156e+01 7.8169433593750000e+01 1.8301190137863159e+00
    2.2659178161621094e+02 2.2178906947374344e-02 1376767. -1.
    1.5105712890625000e+01 5.4661022186279297e+01 4.1810598373413086e+00
    2.0176422119140625e+01 2.2169020026922226e-02 11010304. -1.
    1.6113466262817383e+01 1.6373682022094727e+01 1.8812118768692017e+00
    1.2530197143554688e+02 4.8453368246555328e-02 3342847. -1.
    1.7969892501831055e+01 1.0997798919677734e+01 1.9662256240844727e+00
    1.6876394653320313e+02 2.9827008023858070e-02 6554111. -1.
    1.7969892501831055e+01 1.0997798919677734e+01 1.9662256240844727e+00
    2.9883020019531250e+02 2.9827008023858070e-02 6554111. -1.
    1.9562599182128906e+01 4.9730617523193359e+01 4.2321114540100098e+00
    3.5993963623046875e+02 2.1819742396473885e-02 11862272. -1.
    2.1218353271484375e+01 7.9141288757324219e+01 6.8416152000427246e+00
    2.2368984985351563e+02 2.8354872018098831e-02 13173504. -1.
    2.4548290252685547e+01 7.9314055442810059e+00 1.8659912347793579e+00
    3.0938519287109375e+02 4.7340434044599533e-02 2753023. -1.
    2.4646057128906250e+01 5.5680966377258301e+00 4.0302305221557617e+00
    1.2712593078613281e+02 5.1536627113819122e-02 8323328. -1.
    2.4646057128906250e+01 5.5680966377258301e+00 4.0302305221557617e+00
    2.9761245727539063e+02 5.1536627113819122e-02 8323328. -1.
    2.4999755859375000e+01 5.2079868316650391e+01 3.9109838008880615e+00
    3.5748080444335938e+02 2.6251252740621567e-02 6160640. -1.
    2.5745862960815430e+01 6.9337684631347656e+01 2.6129205226898193e+00
    1.4565853881835938e+02 2.1398957818746567e-02 10420991. -1.
    2.9845365524291992e+01 8.0285850524902344e+01 4.6103620529174805e+00
    1.8795242309570313e+02 3.6232274025678635e-02 1376768. -1.
    3.1471639633178711e+01 5.4061450958251953e+01 1.9486736059188843e+00
    1.2980380249023438e+02 6.9129876792430878e-02 5898751. -1.
    3.2552673339843750e+01 9.6301527023315430e+00 2.8738789558410645e+00
    9.1100585937500000e+01 4.3803583830595016e-02 590847. -1.
    3.2552673339843750e+01 9.6301527023315430e+00 2.8738789558410645e+00
    2.3692448425292969e+02 4.3803583830595016e-02 590847. -1.
    3.2789596557617188e+01 3.5710891723632813e+01 2.4634704589843750e+00
    6.0812072753906250e+00 1.6666783019900322e-02 6161151. -1.
    3.3607700347900391e+01 1.3411460876464844e+01 2.8889920711517334e+00
    2.3143240356445313e+02 4.1660893708467484e-02 984063. -1.
    3.4398769378662109e+01 3.0091566085815430e+01 2.3337378501892090e+00
    3.5425744628906250e+02 1.7557671293616295e-02 2228991. -1.
    3.4555789947509766e+01 6.8565307617187500e+01 2.0986452102661133e+00
    5.2615112304687500e+01 2.4047559127211571e-02 11272703. -1.
    3.6370147705078125e+01 5.2120326995849609e+01 2.6164698600769043e+00
    2.6151388549804688e+02 7.3308274149894714e-02 10486527. -1.
    3.6877429962158203e+01 8.1196289062500000e+01 3.4798061847686768e+00
    2.0487466430664063e+02 4.7988384962081909e-02 14418943. -1.
    3.8150981903076172e+01 7.1351310729980469e+01 1.9707431793212891e+00
    1.9973947143554688e+02 3.6727782338857651e-02 6750719. -1.
    3.8150981903076172e+01 7.1351310729980469e+01 1.9707431793212891e+00
    2.2918870544433594e+02 3.6727782338857651e-02 6750719. -1.
    3.9440399169921875e+01 5.6621294021606445e+00 3.3747174739837646e+00
    1.7670776367187500e+01 1.9781773909926414e-02 12190719. -1.
    3.9440399169921875e+01 5.6621294021606445e+00 3.3747174739837646e+00
    1.1322395324707031e+02 1.9781773909926414e-02 12190719. -1.
    4.0949840545654297e+01 7.8764320373535156e+01 1.8235546350479126e+00
    1.8349060058593750e+02 6.6203854978084564e-02 1114623. -1.
    4.0949840545654297e+01 7.8764320373535156e+01 1.8235546350479126e+00
    3.4958566284179688e+02 6.6203854978084564e-02 1114623. -1.
    4.2074535369873047e+01 5.2417339324951172e+01 1.9846819639205933e+00
    4.1825561523437500e+01 6.9924704730510712e-02 7209471. -1.
    4.2074535369873047e+01 5.2417339324951172e+01 1.9846819639205933e+00
    3.0403515625000000e+02 6.9924704730510712e-02 7209471. -1.
    4.2729850769042969e+01 3.1113050460815430e+01 3.9131171703338623e+00
    8.0175659179687500e+01 3.9949681609869003e-02 6226176. -1.
    4.2729850769042969e+01 3.1113050460815430e+01 3.9131171703338623e+00
    1.9549060058593750e+02 3.9949681609869003e-02 6226176. -1.
    4.4103057861328125e+01 6.8961509704589844e+01 3.9992077350616455e+00
    2.9976681518554688e+02 3.6131706088781357e-02 7799040. -1.
    4.5147193908691406e+01 3.4862747192382813e+01 2.8750054836273193e+00
    7.2912170410156250e+01 3.4992750734090805e-02 590847. -1.
    4.7766574859619141e+01 4.5264625549316406e+01 6.0309948921203613e+00
    1.6023632812500000e+02 3.0348394066095352e-02 4064000. -1.
    4.8157928466796875e+01 3.0661088943481445e+01 2.7944731712341309e+00
    3.3644024658203125e+02 3.8625970482826233e-02 15270655. -1.
    5.0629894256591797e+01 6.2590293884277344e+01 1.5545312881469727e+01
    2.7099316406250000e+02 6.5723620355129242e-02 5701890. -1.
    5.3006664276123047e+01 5.9280994415283203e+01 3.0014426708221436e+00
