<?xml version="1.0"?>
<opencv_storage>
<keypoints type_id="opencv-matrix">
  <rows>58</rows>
  <cols>7</cols>
  <dt>d</dt>
  <data>
    5.5510101318359375e+02 3.0020925903320313e+02 3.5038635253906250e+01
    8.3868835449218750e+01 4.1935261338949203e-02 14352643. -1.
    5.5510101318359375e+02 3.0020925903320313e+02 3.5038635253906250e+01
    2.8154949951171875e+02 4.1935261338949203e-02 14352643. -1.
    5.6456347656250000e+02 2.8491259765625000e+02 1.2876324653625488e+01
    2.7545739746093750e+02 1.8783535808324814e-02 8782593. -1.
    5.7193072509765625e+02 3.2018161010742188e+02 2.0343754291534424e+00
    6.6679687500000000e+00 2.4506736546754837e-02 9044479. -1.
    5.7193072509765625e+02 3.2018161010742188e+02 2.0343754291534424e+00
    8.5085723876953125e+01 2.4506736546754837e-02 9044479. -1.
    5.8331732177734375e+02 3.0959481811523438e+02 1.7989708185195923e+00
    8.9933868408203125e+01 1.8026540055871010e-02 131583. -1.
    6.4839703369140625e+02 3.2565356445312500e+02 1.9487648010253906e+00
    1.4033621215820313e+02 1.5110811218619347e-02 5898751. -1.
    6.5647967529296875e+02 3.2408181762695313e+02 1.6618305206298828e+01
    1.3340348815917969e+02 1.6850925981998444e-02 10551554. -1.
    6.7145489501953125e+02 2.6100833129882813e+02 1.7966375350952148e+00
    2.5653656005859375e+02 1.7236098647117615e-02 511. -1.
    6.7912072753906250e+02 5.1501092529296875e+02 1.9802465438842773e+00
    9.0495300292968750e+01 1.7036031931638718e-02 7078399. -1.
    6.8558154296875000e+02 5.0248132324218750e+02 2.5408248901367188e+01
    9.5355773925781250e+01 3.5333104431629181e-02 7799554. -1.
    6.8558154296875000e+02 5.0248132324218750e+02 2.5408248901367188e+01
    1.7365815734863281e+02 3.5333104431629181e-02 7799554. -1.
    7.1802856445312500e+02 5.1501739501953125e+02 1.9030193090438843e+00
    8.9934417724609375e+01 1.6286473721265793e-02 4194815. -1.
    7.2413293457031250e+02 5.1480773925781250e+02 2.1363847255706787e+00
    8.9943206787109375e+01 1.3818486593663692e-02 12583423. -1.
    7.2986437988281250e+02 5.1507202148437500e+02 1.8232215642929077e+00
    8.9143707275390625e+01 1.3600554317235947e-02 1114623. -1.
    7.5109429931640625e+02 5.1507727050781250e+02 1.8496853113174438e+00
    8.9382354736328125e+01 1.5012518502771854e-02 2163199. -1.
    7.5750256347656250e+02 5.1508245849609375e+02 1.8237383365631104e+00
    9.0478698730468750e+01 1.5441609546542168e-02 1114623. -1.
    7.8636413574218750e+02 3.2168887329101563e+02 1.8312977552413940e+00
    1.5403106689453125e+02 1.7073921859264374e-02 1442303. -1.
    7.9344305419921875e+02 3.2893542480468750e+02 4.2519145011901855e+00
    1.4332908630371094e+02 1.7729759216308594e-02 12189952. -1.
    7.9353765869140625e+02 2.6503744506835938e+02 3.0781359672546387e+00
    2.1993997192382813e+02 2.5107666850090027e-02 5571583. -1.
    7.9753021240234375e+02 3.3288180541992188e+02 5.1891083717346191e+00
    1.3689486694335938e+02 1.5372418798506260e-02 9896448. -1.
    8.0483935546875000e+02 5.1510089111328125e+02 1.9159902334213257e+00
    8.9718750000000000e+01 1.6450855880975723e-02 4653567. -1.
    8.0764501953125000e+02 2.7202627563476563e+02 1.2413456916809082e+01
    1.9327258300781250e+02 4.4626701623201370e-02 6161153. -1.
    8.0783142089843750e+02 3.4474343872070313e+02 1.9765424728393555e+00
    1.2003897094726563e+02 1.5598755329847336e-02 6947327. -1.
    8.0946008300781250e+02 2.9453836059570313e+02 3.8623321533203125e+01
    1.5028105163574219e+02 4.8336401581764221e-02 4653571. -1.
    8.0946008300781250e+02 2.9453836059570313e+02 3.8623321533203125e+01
    1.7850894165039063e+02 4.8336401581764221e-02 4653571. -1.
    8.0946008300781250e+02 2.9453836059570313e+02 3.8623321533203125e+01
    2.1234751892089844e+02 4.8336401581764221e-02 4653571. -1.
    8.1198626708984375e+02 3.2953222656250000e+02 2.0003936290740967e+00
    2.6982141113281250e+02 1.8234284594655037e-02 7799295. -1.
    8.3283618164062500e+02 2.8648904418945313e+02 2.0021789073944092e+00
    2.7416726684570313e+02 3.5860687494277954e-02 7864831. -1.
    8.3743170166015625e+02 2.1697880554199219e+02 2.1564279556274414e+01
    1.9672540283203125e+02 3.0584041029214859e-02 12648962. -1.
    8.3743170166015625e+02 2.1697880554199219e+02 2.1564279556274414e+01
    2.7548562622070313e+02 3.0584041029214859e-02 12648962. -1.
    8.4231250000000000e+02 5.1507897949218750e+02 1.9455541372299194e+00
    8.9902404785156250e+01 1.7954537644982338e-02 5767679. -1.
    8.6471392822265625e+02 2.5858004760742188e+02 1.2679755210876465e+01
    3.0359155273437500e+02 1.5555423684418201e-02 7668481. -1.
    8.7034411621093750e+02 2.1883219909667969e+02 1.6548198699951172e+01
    2.7119491577148438e+02 2.5694204494357109e-02 10223874. -1.
    8.7637738037109375e+02 4.8135614013671875e+02 1.5165765762329102e+01
    2.2984471130371094e+02 1.7622595652937889e-02 3932418. -1.
    8.8702178955078125e+02 3.2713308715820313e+02 2.0770642757415771e+00
    2.1054000854492188e+02 5.5370457470417023e-02 10551807. -1.
    8.8702178955078125e+02 3.2713308715820313e+02 2.0770642757415771e+00
    3.5994433593750000e+02 5.5370457470417023e-02 10551807. -1.
    8.8774310302734375e+02 3.7992919921875000e+02 3.1701207160949707e+00
    1.8701530456542969e+02 4.8818990588188171e-02 7668735. -1.
    8.8834948730468750e+02 4.2582223510742188e+02 4.2854356765747070e+00
    1.7346128845214844e+02 4.8166356980800629e-02 12779776. -1.
    8.8905432128906250e+02 4.0113174438476563e+02 6.3447647094726563e+00
    1.8003930664062500e+02 3.7499159574508667e-02 7734016. -1.
    8.9050347900390625e+02 2.1136621093750000e+02 1.8866080045700073e+00
    2.6925314331054688e+02 1.5340802259743214e-02 3539455. -1.
    8.9169610595703125e+02 3.7896694946289063e+02 2.0812408924102783e+00
    2.5957257080078125e+02 2.1875591948628426e-02 10682879. -1.
    8.9759991455078125e+02 2.2375041198730469e+02 2.3420652389526367e+01
    2.7849172973632813e+02 3.0044166371226311e-02 1901314. -1.
    8.9759991455078125e+02 2.2375041198730469e+02 2.3420652389526367e+01
    3.3839831542968750e+02 3.0044166371226311e-02 1901314. -1.
    8.9964038085937500e+02 5.0945980834960938e+02 5.4618255615234375e+01
    1.1212171936035156e+02 4.1661545634269714e-02 13042435. -1.
    9.0001000976562500e+02 2.9428280639648438e+02 3.4044017791748047e+01
    3.6662414550781250e+01 5.9991974383592606e-02 12255491. -1.
    9.0001000976562500e+02 2.9428280639648438e+02 3.4044017791748047e+01
    3.3117950439453125e+02 5.9991974383592606e-02 12255491. -1.
    9.0038842773437500e+02 4.5302227783203125e+02 1.5277862548828125e+01
    1.7909307861328125e+02 2.2127000615000725e-02 4456706. -1.
    9.0038842773437500e+02 4.5302227783203125e+02 1.5277862548828125e+01
    3.5948495483398438e+02 2.2127000615000725e-02 4456706. -1.
    9.0858428955078125e+02 4.2746359252929688e+02 2.6225488185882568e+00
    8.1100799560546875e+01 2.2039838135242462e-02 10683135. -1.
    9.1072985839843750e+02 3.8244619750976563e+02 6.8696680068969727e+00
    3.5405841064453125e+02 4.8155687749385834e-02 13501184. -1.
    9.1288409423828125e+02 3.7995431518554688e+02 3.2810051441192627e+00
    3.5355569458007813e+02 4.9388732761144638e-02 10159103. -1.
    9.1290997314453125e+02 4.2681698608398438e+02 3.1153824329376221e+00
    1.0603820800781250e+01 4.8550199717283249e-02 6423551. -1.
    9.2298687744140625e+02 3.0651330566406250e+02 1.7959597110748291e+00
    9.6880279541015625e+01 3.0769912526011467e-02 511. -1.
    9.2298687744140625e+02 3.0651330566406250e+02 1.7959597110748291e+00
    1.7142463684082031e+02 3.0769912526011467e-02 511. -1.
    9.4742901611328125e+02 2.9803018188476563e+02 1.6247083663940430e+01
    9.4831756591796875e+01 2.5134366005659103e-02 8913154. -1.
    9.8579321289062500e+02 2.9852127075195313e+02 3.3637859344482422e+01
    9.8764923095703125e+01 4.1801676154136658e-02 11403523. -1.
    9.8579321289062500e+02 2.9852127075195313e+02 3.3637859344482422e+01
