<?xml version="1.0"?>
<opencv_storage>
<keypoints type_id="opencv-matrix">
  <rows>18</rows>
  <cols>7</cols>
  <dt>d</dt>
  <data>
    1.1729109764099121e+01 2.6916336059570313e+01 2.6460585594177246e+00
    3.5245407104492188e+02 4.8330720514059067e-02 11338495. -1.
    1.2993421554565430e+01 1.7276477813720703e+01 3.4460742473602295e+00
    3.5724758911132813e+02 7.3199778795242310e-02 13698047. -1.
    1.3031459808349609e+01 1.2683804512023926e+01 2.8649814128875732e+00
    1.8884155273437500e+01 7.5682833790779114e-02 328703. -1.
    1.3031459808349609e+01 1.2683804512023926e+01 2.8649814128875732e+00
    1.7615246582031250e+02 7.5682833790779114e-02 328703. -1.
    1.7504697799682617e+01 1.3219586372375488e+01 3.1154403686523438e+00
    1.7530145263671875e+02 8.6333401501178741e-02 6423551. -1.
    1.7504697799682617e+01 1.3219586372375488e+01 3.1154403686523438e+00
    2.9997323608398438e+02 8.6333401501178741e-02 6423551. -1.
    1.8964101791381836e+01 9.3676452636718750e+00 2.4678523540496826e+00
    1.0854067993164063e+02 8.0391764640808105e-02 6292223. -1.
    1.8964101791381836e+01 9.3676452636718750e+00 2.4678523540496826e+00
    2.9222998046875000e+02 8.0391764640808105e-02 6292223. -1.
    2.0413160324096680e+01 3.4472846984863281e+01 1.9628895521163940e+00
    2.9882867431640625e+02 5.3852096199989319e-02 6423039. -1.
    2.1990661621093750e+01 3.8183349609375000e+01 2.3752114772796631e+00
    2.5119122314453125e+02 8.9987993240356445e-02 3539711. -1.
    2.4163211822509766e+01 3.5725044250488281e+01 1.8380663394927979e+00
    2.7641726684570313e+02 6.3856624066829681e-02 1704447. -1.
    2.4520286560058594e+01 2.5405248641967773e+01 1.6869071960449219e+01
    1.3521099853515625e+02 3.9880450814962387e-02 11600130. -1.
    2.4520286560058594e+01 2.5405248641967773e+01 1.6869071960449219e+01
    3.3022003173828125e+02 3.9880450814962387e-02 11600130. -1.
    2.5474832534790039e+01 2.1440382003784180e+01 3.3806893825531006e+00
    2.7013067626953125e+02 7.2854377329349518e-02 12321791. -1.
    2.7716735839843750e+01 3.5685184478759766e+01 1.8631222248077393e+00
    2.6084088134765625e+02 6.5385937690734863e-02 2687487. -1.
    2.9892648696899414e+01 3.8180755615234375e+01 2.3782262802124023e+00
    2.8897680664062500e+02 9.3185044825077057e-02 3605247. -1.
    3.1123891830444336e+01 3.4413177490234375e+01 2.0348896980285645e+00
    2.3990074157714844e+02 5.6469097733497620e-02 9044479. -1.
    3.9682666778564453e+01 2.6572332382202148e+01 2.9551885128021240e+00
    1.8005422973632813e+02 4.7308392822742462e-02 2622463. -1.</data></keypoints>
<descriptors type_id="opencv-matrix">
  <rows>18</rows>
  <cols>128</cols>
  <dt>f</dt>
  <data>
    3. 1. 0. 0. 0. 0. 0. 1. 135. 34. 15. 1. 0. 0. 0. 27. 129. 72. 108.
    89. 3. 0. 0. 9. 19. 5. 16. 65. 15. 2. 13. 42. 1. 1. 2. 5. 10. 2. 0.
    0. 42. 69. 109. 25. 31. 16. 1. 6. 135. 92. 120. 15. 2. 2. 1. 9. 135.
    13. 4. 9. 13. 2. 1. 90. 0. 0. 0. 0. 7. 7. 0. 0. 23. 5. 7. 6. 32. 84.
    14. 15. 135. 15. 5. 1. 2. 17. 13. 52. 135. 21. 0. 2. 23. 19. 1. 47.
    0. 0. 0. 0. 0. 0. 0. 0. 7. 1. 0. 0. 0. 11. 5. 5. 128. 69. 5. 0. 0.
    3. 4. 16. 101. 135. 43. 0. 1. 3. 0. 7. 7. 0. 0. 0. 0. 0. 0. 5. 59.
    0. 0. 0. 7. 3. 20. 133. 11. 28. 32. 29. 58. 12. 83. 115. 20. 73. 27.
    7. 9. 81. 80. 8. 40. 0. 0. 0. 0. 0. 0. 5. 133. 13. 3. 5. 31. 9. 4.
    83. 51. 20. 18. 43. 133. 92. 19. 34. 74. 84. 27. 21. 22. 24. 24. 30.
    40. 4. 1. 0. 0. 0. 0. 1. 133. 95. 48. 22. 6. 1. 0. 4. 35. 29. 44.
    77. 61. 21. 12. 34. 13. 4. 25. 11. 5. 8. 79. 103. 6. 6. 6. 4. 6. 3.
    0. 0. 56. 75. 66. 8. 6. 6. 1. 3. 133. 37. 18. 5. 5. 2. 1. 27. 39. 3.
    69. 74. 73. 36. 5. 35. 1. 0. 0. 0. 0. 0. 0. 3. 15. 0. 0. 0. 0. 0. 6.
    92. 9. 6. 17. 3. 1. 1. 87. 125. 1. 17. 23. 1. 1. 31. 125. 18. 24. 0.
    0. 0. 0. 0. 0. 12. 125. 2. 0. 0. 7. 10. 8. 125. 23. 15. 63. 44. 107.
    66. 18. 82. 27. 125. 97. 17. 14. 16. 18. 10. 38. 9. 0. 0. 0. 0. 0.
    2. 125. 91. 0. 0. 6. 10. 3. 27. 61. 29. 3. 8. 119. 125. 15. 10. 28.
    18. 4. 4. 28. 71. 32. 44. 8. 6. 0. 0. 0. 0. 0. 0. 122. 125. 3. 0. 0.
    0. 0. 0. 44. 98. 38. 56. 44. 18. 0. 0. 28. 6. 4. 21. 28. 11. 4. 26.
    8. 13. 46. 60. 8. 2. 2. 2. 87. 32. 9. 10. 10. 10. 23. 73. 10. 2. 0.
    7. 137. 66. 28. 23. 0. 0. 0. 3. 79. 4. 0. 0. 22. 25. 17. 30. 84. 93.
    26. 12. 137. 87. 14. 23. 24. 9. 14. 39. 37. 10. 5. 106. 137. 4. 1.
    3. 0. 0. 0. 16. 85. 0. 0. 0. 5. 51. 80. 14. 22. 113. 51. 11. 78. 14.
    88. 127. 7. 23. 37. 43. 8. 4. 33. 137. 75. 0. 0. 0. 0. 0. 0. 21. 21.
    0. 0. 0. 0. 41. 128. 12. 1. 1. 0. 0. 0. 1. 101. 80. 1. 1. 0. 0. 0.
    0. 13. 49. 0. 0. 0. 0. 0. 0. 0. 2. 0. 0. 0. 0. 3. 27. 121. 15. 1. 5.
    29. 4. 4. 6. 67. 86. 8. 2. 12. 5. 37. 10. 8. 22. 15. 13. 27. 54. 3.
    0. 0. 2. 109. 53. 33. 16. 81. 26. 23. 1. 11. 20. 18. 57. 19. 25. 28.
    41. 83. 73. 21. 14. 121. 81. 15. 18. 27. 10. 10. 38. 25. 6. 2. 50.
    121. 12. 3. 6. 82. 121. 25. 0. 8. 13. 3. 14. 10. 71. 69. 11. 43.
    121. 51. 14. 102. 18. 64. 94. 12. 29. 40. 46. 10. 4. 20. 121. 78. 0.
    0. 0. 1. 59. 23. 0. 0. 0. 0. 0. 0. 63. 121. 11. 1. 3. 1. 0. 0. 2.
    99. 75. 1. 2. 1. 0. 0. 0. 11. 41. 1. 0. 0. 0. 0. 0. 0. 0. 0. 0. 61.
    99. 0. 0. 2. 7. 4. 38. 119. 52. 0. 0. 2. 3. 3. 105. 81. 0. 0. 0. 0.
    0. 4. 36. 5. 0. 24. 24. 32. 40. 3. 1. 50. 119. 9. 13. 74. 119. 28.
    22. 62. 35. 87. 42. 43. 31. 32. 111. 37. 14. 4. 0. 0. 0. 94. 111. 6.
    1. 12. 30. 51. 34. 7. 14. 26. 12. 19. 8. 22. 85. 44. 45. 41. 42.
    119. 25. 19. 25. 58. 13. 15. 119. 7. 0. 3. 34. 119. 21. 1. 4. 6. 36.
    24. 9. 1. 36. 67. 14. 9. 13. 6. 3. 23. 115. 30. 9. 16. 24. 76. 75.
    29. 12. 2. 15. 0. 0. 17. 87. 39. 0. 0. 0. 12. 0. 0. 0. 0. 0. 0. 6.
    104. 1. 1. 2. 0. 0. 21. 126. 21. 2. 10. 46. 23. 42. 96. 71. 10. 17.
    12. 19. 18. 24. 17. 4. 42. 2. 0. 0. 0. 0. 0. 6. 126. 16. 1. 9. 23.
    1. 1. 62. 37. 7. 39. 126. 126. 8. 4. 15. 27. 43. 60. 50. 17. 3. 7.
    25. 27. 11. 0. 0. 0. 0. 0. 0. 126. 126. 8. 9. 20. 1. 0. 3. 20. 53.
    12. 29. 126. 51. 75. 25. 25. 9. 7. 5. 11. 12. 126. 126. 2. 3. 0. 0.
    0. 0. 0. 0. 17. 100. 11. 0. 0. 0. 0. 0. 11. 126. 62. 1. 2. 5. 20.
    15. 4. 44. 126. 25. 0. 0. 36. 29. 0. 0. 23. 24. 4. 48. 127. 28. 2.
    3. 13. 12. 8. 127. 73. 1. 0. 0. 0. 0. 13. 90. 12. 0. 0. 0. 0. 0. 2.
    3. 0. 0. 10. 12. 127. 127. 24. 9. 9. 5. 127. 53. 70. 29. 19. 63. 16.
    19. 20. 1. 0. 2. 127. 127. 9. 6. 0. 0. 0. 0. 25. 12. 0. 0. 17. 4.
    10. 36. 33. 42. 53. 44. 127. 13. 5. 10. 33. 8. 33. 127. 26. 2. 1.
    43. 127. 21. 2. 10. 0. 0. 0. 4. 48. 3. 0. 0. 15. 18. 12. 3. 8. 23.
    16. 20. 28. 45. 85. 60. 18. 1. 9. 55. 1. 1. 25. 127. 114. 1. 1. 3.
    0. 0. 0. 7. 17. 0. 0. 0. 12. 1. 0. 0. 0. 0. 0. 4. 78. 19. 3. 1. 1.
    0. 0. 47. 39. 7. 3. 2. 11. 4. 8. 100. 10. 0. 0. 26. 16. 1. 26. 123.
    8. 4. 0. 0. 0. 0. 16. 27. 57. 66. 11. 0. 0. 13. 40. 17. 123. 32. 6.
    3. 3. 2. 3. 66. 39. 1. 0. 106. 112. 0. 1. 35. 72. 9. 0. 0. 1. 4. 35.
    120. 38. 8. 1. 3. 58. 104. 97. 54. 123. 62. 1. 6. 29. 18. 6. 11. 32.
    15. 1. 71. 123. 43. 5. 1. 73. 110. 22. 3. 1. 1. 2. 14. 18. 84. 30.
    18. 97. 33. 3. 6. 80. 113. 1. 1. 51. 28. 0. 0. 34. 81. 1. 1. 27. 68.
    28. 1. 0. 0. 0. 0. 0. 0. 0. 2. 0. 0. 0. 0. 0. 1. 23. 16. 2. 0. 0. 0.
    0. 10. 34. 14. 9. 0. 0. 0. 0. 1. 32. 56. 25. 8. 6. 6. 1. 0. 0. 12.
    97. 10. 2. 4. 4. 15. 86. 121. 12. 1. 1. 12. 48. 121. 118. 52. 43. 0.
    0. 0. 4. 14. 46. 121. 55. 17. 7. 14. 17. 8. 8. 28. 121. 52. 15. 42.
    11. 4. 8. 69. 59. 8. 12. 91. 53. 23. 15. 112. 26. 2. 38. 56. 5. 3.
    32. 121. 50. 4. 1. 0. 3. 6. 15. 117. 55. 6. 3. 20. 62. 18. 21. 116.
    121. 3. 2. 21. 39. 8. 1. 78. 24. 1. 33. 121. 114. 36. 1. 22. 17. 0.
    0. 0. 1. 5. 48. 79. 8. 5. 0. 0. 21. 70. 72. 21. 91. 14. 0. 0. 4. 13.
    4. 95. 27. 0. 1. 32. 1. 0. 9. 92. 107. 75. 6. 9. 9. 5. 12. 47. 27.
    13. 6. 51. 115. 35. 16. 15. 115. 4. 1. 13. 21. 5. 2. 74. 28. 2. 2.
    115. 50. 1. 0. 17. 103. 115. 8. 6. 6. 2. 1. 8. 57. 28. 6. 24. 111.
    9. 1. 2. 115. 36. 0. 6. 26. 8. 1. 3. 20. 4. 0. 41. 108. 111. 7. 1.
