<?xml version="1.0"?>
<opencv_storage>
<keypoints type_id="opencv-matrix">
  <rows>20</rows>
  <cols>7</cols>
  <dt>d</dt>
  <data>
    2.4236108779907227e+01 3.2789310455322266e+01 9.3202314376831055e+00
    4.9401916503906250e+01 1.2287536263465881e-01 2097665. -1.
    2.4236108779907227e+01 3.2789310455322266e+01 9.3202314376831055e+00
    3.1136206054687500e+02 1.2287536263465881e-01 2097665. -1.
    2.8062671661376953e+01 4.0584247589111328e+01 2.3715634346008301e+00
    1.7441445922851563e+02 9.3352757394313812e-02 3408639. -1.
    2.8062671661376953e+01 4.0584247589111328e+01 2.3715634346008301e+00
    2.9793078613281250e+02 9.3352757394313812e-02 3408639. -1.
    2.8098535537719727e+01 2.4879892349243164e+01 2.3591768741607666e+00
    6.2089569091796875e+01 9.3327134847640991e-02 3015423. -1.
    2.8098535537719727e+01 2.4879892349243164e+01 2.3591768741607666e+00
    1.8590025329589844e+02 9.3327134847640991e-02 3015423. -1.
    2.9004831314086914e+01 1.7652427673339844e+01 3.4042065143585205e+00
    8.5355621337890625e+01 1.1934211105108261e-01 12846079. -1.
    2.9011569976806641e+01 4.7843120574951172e+01 3.4097201824188232e+00
    2.7434906005859375e+02 1.1917664110660553e-01 12977151. -1.
    3.2771118164062500e+01 3.2762268066406250e+01 4.6301989555358887e+00
    1.1931761169433594e+02 8.7131939828395844e-02 1638912. -1.
    3.2771118164062500e+01 3.2762268066406250e+01 4.6301989555358887e+00
    2.4161233520507813e+02 8.7131939828395844e-02 1638912. -1.
    3.4263309478759766e+01 3.0577695846557617e+01 2.5623624324798584e+00
    9.7926910400390625e+01 7.5826205313205719e-02 8979199. -1.
    3.4267299652099609e+01 3.4922100067138672e+01 2.5523788928985596e+00
    2.6206253051757813e+02 7.5929112732410431e-02 8717055. -1.
    3.9977775573730469e+01 3.4980972290039063e+01 2.1494922637939453e+00
    1.8620269775390625e+02 1.0833519697189331e-01 12976639. -1.
    3.9977775573730469e+01 3.4980972290039063e+01 2.1494922637939453e+00
    3.5596951293945313e+02 1.0833519697189331e-01 12976639. -1.
    3.9980270385742188e+01 3.0513086318969727e+01 2.1465327739715576e+00
    4.0486450195312500e+00 1.0835853964090347e-01 12911103. -1.
    3.9980270385742188e+01 3.0513086318969727e+01 2.1465327739715576e+00
    1.7378347778320313e+02 1.0835853964090347e-01 12911103. -1.
    4.5080070495605469e+01 1.8505317687988281e+01 4.8198122978210449e+00
    9.5707397460937500e+01 1.1199463903903961e-01 4588032. -1.
    4.5080070495605469e+01 1.8505317687988281e+01 4.8198122978210449e+00
    1.7631700134277344e+02 1.1199463903903961e-01 4588032. -1.
    4.5109630584716797e+01 4.6937332153320313e+01 4.7835288047790527e+00
    1.8587388610839844e+02 1.1254759132862091e-01 3998208. -1.
    4.5109630584716797e+01 4.6937332153320313e+01 4.7835288047790527e+00
    2.6419107055664063e+02 1.1254759132862091e-01 3998208. -1.</data></keypoints>
<descriptors type_id="opencv-matrix">
  <rows>20</rows>
  <cols>128</cols>
  <dt>f</dt>
  <data>
    33. 2. 0. 0. 0. 0. 0. 25. 92. 7. 5. 1. 0. 1. 19. 135. 14. 8. 10. 2.
    2. 99. 68. 39. 1. 0. 1. 1. 4. 135. 21. 0. 76. 15. 0. 0. 0. 0. 0. 4.
    135. 44. 8. 4. 2. 3. 32. 87. 30. 12. 24. 42. 79. 46. 76. 48. 9. 11.
    14. 53. 63. 83. 4. 1. 41. 19. 0. 0. 0. 0. 0. 0. 135. 135. 126. 17.
    1. 1. 1. 13. 14. 34. 135. 126. 37. 6. 3. 6. 2. 4. 97. 135. 18. 1. 0.
    1. 1. 5. 1. 0. 0. 0. 0. 0. 1. 28. 44. 2. 0. 0. 0. 0. 0. 5. 82. 9. 0.
    0. 0. 0. 0. 1. 31. 16. 0. 0. 0. 0. 1. 0. 0. 0. 0. 0. 1. 5. 1. 0. 0.
    0. 0. 2. 41. 19. 0. 0. 0. 0. 0. 6. 65. 4. 0. 0. 0. 0. 0. 15. 22. 1.
    46. 0. 0. 0. 0. 0. 1. 26. 134. 10. 1. 1. 2. 23. 134. 134. 8. 3. 2.
    3. 30. 116. 134. 25. 2. 0. 0. 0. 14. 134. 87. 3. 96. 4. 0. 0. 0. 0.
    0. 16. 134. 93. 39. 6. 4. 8. 14. 46. 22. 37. 65. 46. 87. 51. 31. 12.
    9. 1. 3. 77. 68. 65. 15. 10. 42. 26. 0. 0. 0. 0. 0. 3. 94. 134. 22.
    2. 0. 1. 5. 9. 11. 31. 61. 107. 2. 2. 10. 9. 1. 0. 15. 134. 6. 1. 1.
    1. 3. 39. 132. 0. 0. 0. 3. 0. 7. 35. 132. 23. 4. 8. 9. 5. 0. 1. 60.
    128. 61. 18. 3. 0. 0. 0. 0. 21. 28. 2. 0. 0. 40. 20. 31. 0. 0. 0. 4.
    3. 132. 25. 21. 4. 2. 35. 39. 45. 10. 1. 9. 21. 9. 132. 71. 9. 0. 0.
    0. 4. 2. 82. 17. 0. 19. 3. 0. 0. 0. 8. 132. 23. 132. 18. 0. 0. 0. 7.
    74. 86. 62. 2. 0. 0. 0. 132. 66. 29. 0. 0. 0. 0. 0. 132. 54. 0. 11.
    1. 0. 0. 0. 8. 132. 27. 16. 0. 0. 0. 0. 3. 110. 65. 17. 0. 0. 0. 0.
    12. 9. 29. 1. 0. 0. 0. 0. 98. 24. 1. 30. 0. 0. 0. 0. 0. 0. 3. 138.
    1. 0. 0. 0. 0. 0. 29. 111. 4. 10. 3. 0. 0. 0. 8. 0. 4. 9. 3. 1. 0.
    0. 0. 38. 0. 0. 0. 0. 6. 36. 14. 138. 17. 9. 9. 0. 1. 4. 24. 75. 39.
    106. 101. 0. 0. 0. 2. 16. 107. 54. 10. 1. 0. 0. 0. 18. 1. 0. 0. 10.
    106. 122. 43. 111. 40. 46. 51. 16. 45. 14. 13. 16. 50. 87. 138. 0.
    0. 0. 0. 73. 138. 28. 10. 0. 0. 0. 0. 44. 42. 0. 0. 38. 90. 12. 10.
    1. 3. 13. 24. 111. 133. 1. 0. 3. 8. 10. 39. 18. 15. 0. 0. 25. 103.
    11. 1. 0. 0. 0. 0. 42. 10. 12. 92. 39. 0. 0. 40. 1. 0. 1. 131. 110.
    25. 13. 3. 3. 0. 0. 14. 17. 40. 11. 8. 25. 0. 0. 0. 0. 1. 10. 103.
    18. 42. 122. 107. 10. 0. 0. 1. 112. 14. 14. 44. 16. 51. 46. 40. 16.
    0. 0. 0. 0. 138. 87. 49. 73. 0. 0. 0. 0. 10. 28. 138. 39. 14. 36. 6.
    0. 0. 0. 0. 138. 24. 4. 1. 0. 9. 9. 16. 75. 2. 0. 0. 0. 100. 107.
    38. 15. 0. 0. 0. 1. 10. 55. 107. 30. 3. 0. 0. 0. 0. 0. 0. 138. 29.
    0. 0. 0. 0. 0. 1. 112. 8. 0. 0. 0. 3. 10. 5. 0. 0. 0. 0. 1. 3. 9. 4.
    10. 26. 132. 9. 0. 0. 0. 1. 16. 65. 109. 3. 0. 0. 0. 0. 17. 29. 9.
    13. 0. 0. 0. 0. 1. 0. 24. 102. 0. 0. 0. 0. 20. 22. 132. 9. 0. 0. 0.
    3. 132. 87. 73. 7. 0. 0. 0. 17. 60. 29. 65. 132. 0. 0. 0. 2. 0. 0.
    52. 132. 0. 0. 0. 0. 41. 3. 5. 0. 0. 0. 28. 20. 132. 45. 39. 35. 2.
    4. 19. 24. 10. 9. 69. 132. 9. 21. 9. 1. 0. 0. 16. 82. 2. 4. 0. 0. 3.
    0. 2. 0. 0. 0. 132. 40. 7. 5. 8. 8. 4. 22. 132. 37. 0. 0. 3. 18. 59.
    128. 62. 1. 0. 0. 0. 2. 28. 23. 0. 0. 21. 0. 0. 0. 0. 0. 0. 2. 146.
    0. 0. 2. 12. 0. 0. 32. 75. 0. 0. 35. 146. 1. 0. 8. 26. 3. 3. 11. 73.
    2. 1. 9. 36. 1. 0. 0. 0. 0. 0. 3. 146. 26. 5. 9. 20. 0. 0. 28. 67.
    10. 7. 52. 146. 20. 14. 9. 40. 2. 0. 3. 42. 32. 94. 45. 17. 8. 0. 0.
    0. 0. 0. 0. 110. 132. 72. 19. 4. 0. 0. 1. 39. 71. 108. 120. 44. 3.
    6. 5. 111. 95. 5. 4. 3. 7. 82. 46. 0. 1. 0. 0. 0. 0. 0. 0. 0. 13.
    19. 1. 0. 0. 0. 0. 13. 26. 26. 7. 0. 0. 0. 0. 107. 146. 1. 0. 0. 0.
    0. 1. 0. 0. 0. 0. 0. 0. 0. 1. 0. 0. 0. 0. 0. 1. 19. 13. 12. 0. 0. 0.
    0. 7. 26. 25. 104. 1. 0. 0. 0. 0. 1. 147. 17. 0. 0. 0. 0. 0. 0. 8.
    110. 1. 0. 0. 4. 19. 72. 132. 39. 5. 6. 3. 44. 121. 108. 71. 111.
    46. 81. 7. 3. 4. 5. 97. 36. 3. 0. 0. 0. 0. 0. 1. 147. 26. 0. 0. 21.
    8. 5. 26. 67. 8. 14. 21. 147. 51. 7. 11. 41. 45. 95. 31. 42. 3. 0.
    2. 21. 2. 0. 0. 0. 0. 0. 0. 147. 30. 0. 0. 13. 2. 0. 0. 74. 7. 0. 1.
    147. 33. 0. 0. 28. 10. 1. 2. 71. 11. 3. 3. 0. 4. 32. 22. 0. 0. 48.
    91. 1. 6. 23. 76. 35. 13. 19. 33. 15. 64. 63. 57. 31. 26. 2. 3. 41.
    94. 8. 0. 31. 47. 0. 1. 19. 42. 64. 70. 39. 14. 3. 4. 97. 56. 17. 7.
    18. 50. 27. 20. 19. 11. 1. 2. 18. 124. 91. 15. 57. 57. 17. 14. 18.
    29. 40. 17. 32. 16. 2. 4. 59. 112. 11. 16. 124. 30. 0. 0. 1. 14. 16.
    62. 52. 6. 0. 1. 24. 112. 85. 17. 1. 1. 7. 21. 124. 62. 35. 2. 9.
    39. 36. 39. 26. 34. 5. 7. 63. 124. 55. 12. 3. 4. 3. 25. 20. 113. 70.
    18. 35. 5. 2. 4. 0. 3. 13. 46. 124. 4. 0. 0. 9. 5. 4. 28. 24. 41.
    41. 44. 55. 24. 3. 4. 4. 15. 55. 123. 20. 5. 1. 4. 29. 16. 71. 123.
    0. 0. 0. 3. 123. 51. 15. 4. 26. 13. 12. 116. 65. 3. 1. 16. 123. 69.
    15. 14. 2. 0. 1. 29. 61. 23. 72. 104. 20. 1. 1. 8. 1. 2. 37. 66.
    123. 20. 6. 1. 16. 3. 3. 18. 51. 72. 57. 36. 109. 22. 23. 37. 14. 6.
    21. 62. 19. 16. 87. 123. 19. 2. 0. 7. 58. 17. 46. 36. 15. 11. 14.
    52. 0. 86. 50. 0. 1. 25. 35. 4. 1. 33. 20. 12. 30. 67. 27. 9. 12. 2.
    3. 30. 36. 64. 57. 50. 45. 1. 1. 36. 24. 1. 12. 99. 27. 15. 68. 14.
    2. 0. 0. 1. 94. 66. 48. 3. 0. 0. 19. 48. 5. 10. 74. 36. 13. 18. 72.
    22. 0. 0. 10. 43. 92. 39. 11. 0. 31. 8. 0. 0. 10. 2. 0. 2. 126. 54.
