<?xml version="1.0"?>
<opencv_storage>
<keypoints type_id="opencv-matrix">
  <rows>19</rows>
  <cols>7</cols>
  <dt>d</dt>
  <data>
    1.6585580825805664e+01 2.3111665725708008e+01 1.8413801193237305e+00
    1.4753387451171875e+01 6.9820292294025421e-02 1835519. -1.
    2.0057933807373047e+01 2.4111499786376953e+01 2.7480070590972900e+00
    1.3732177734375000e+01 4.9597125500440598e-02 14025471. -1.
    2.0057933807373047e+01 2.4111499786376953e+01 2.7480070590972900e+00
    1.8496748352050781e+02 4.9597125500440598e-02 14025471. -1.
    2.0595291137695313e+01 3.6472587585449219e+01 2.2996332645416260e+00
    3.0505947875976563e+02 4.9159139394760132e-02 1180415. -1.
    2.2942308425903320e+01 1.5193766593933105e+01 3.3826622962951660e+00
    6.4747589111328125e+01 6.3848100602626801e-02 12387327. -1.
    2.4013385772705078e+01 2.4504943847656250e+01 2.3634648323059082e+00
    5.8793670654296875e+01 5.6940928101539612e-02 3146495. -1.
    2.5057159423828125e+01 3.0463769912719727e+01 4.9681921005249023e+00
    2.7372799682617188e+02 4.8953913152217865e-02 6750720. -1.
    2.5191671371459961e+01 2.6939140319824219e+01 1.8316652774810791e+00
    5.7911926269531250e+01 3.1241966411471367e-02 1442303. -1.
    2.5227708816528320e+01 2.4856067657470703e+01 1.5315030097961426e+01
    1.4846130371093750e+01 9.6446335315704346e-02 4587778. -1.
    2.5227708816528320e+01 2.4856067657470703e+01 1.5315030097961426e+01
    5.4592041015625000e+01 9.6446335315704346e-02 4587778. -1.
    2.5227708816528320e+01 2.4856067657470703e+01 1.5315030097961426e+01
    1.2450451660156250e+02 9.6446335315704346e-02 4587778. -1.
    2.5227708816528320e+01 2.4856067657470703e+01 1.5315030097961426e+01
    3.2310940551757813e+02 9.6446335315704346e-02 4587778. -1.
    2.5592653274536133e+01 3.5029754638671875e+01 2.1487557888031006e+00
    2.6877502441406250e+02 3.2296843826770782e-02 12976639. -1.
    3.0344249725341797e+01 3.6124248504638672e+01 2.8174927234649658e+00
    2.1672787475585938e+02 7.1813583374023438e-02 15860479. -1.
    3.0344249725341797e+01 3.6124248504638672e+01 2.8174927234649658e+00
    3.0710733032226563e+02 7.1813583374023438e-02 15860479. -1.
    3.2392456054687500e+01 3.0159666061401367e+01 1.9231843948364258e+00
    2.2634188842773438e+02 4.8443336039781570e-02 4981247. -1.
    3.6246044158935547e+01 3.0213754653930664e+01 2.5506560802459717e+00
    1.7171185302734375e+02 6.7700855433940887e-02 8651519. -1.
    3.6246044158935547e+01 3.0213754653930664e+01 2.5506560802459717e+00
    2.3152050781250000e+02 6.7700855433940887e-02 8651519. -1.
    3.6999866485595703e+01 2.4845031738281250e+01 1.9496065378189087e+00
    1.8411492919921875e+02 3.7463609129190445e-02 5964287. -1.</data></keypoints>
<descriptors type_id="opencv-matrix">
  <rows>19</rows>
  <cols>128</cols>
  <dt>f</dt>
  <data>
    72. 0. 0. 0. 0. 0. 0. 115. 83. 9. 7. 8. 5. 0. 0. 121. 125. 27. 7. 4.
    5. 1. 0. 18. 25. 2. 1. 22. 93. 11. 0. 6. 125. 0. 0. 0. 1. 1. 1. 101.
    73. 11. 4. 21. 75. 21. 5. 57. 125. 43. 3. 8. 15. 5. 4. 17. 40. 5. 1.
    6. 102. 58. 2. 2. 125. 29. 0. 0. 1. 2. 1. 18. 84. 29. 1. 1. 31. 66.
    52. 27. 110. 10. 12. 15. 5. 15. 42. 85. 24. 5. 19. 118. 45. 8. 1. 5.
    125. 76. 1. 0. 0. 0. 0. 0. 34. 125. 26. 1. 0. 2. 11. 3. 3. 49. 28.
    26. 7. 8. 14. 7. 2. 4. 9. 53. 14. 23. 37. 19. 75. 2. 0. 0. 0. 0. 0.
    116. 116. 9. 1. 10. 14. 1. 1. 115. 44. 13. 3. 58. 51. 3. 2. 27. 36.
    12. 20. 10. 3. 7. 15. 47. 116. 7. 1. 2. 7. 9. 6. 111. 116. 25. 2. 8.
    36. 16. 6. 26. 33. 42. 22. 26. 116. 34. 2. 12. 30. 56. 79. 10. 5. 1.
    5. 60. 116. 77. 3. 0. 3. 10. 20. 25. 63. 31. 19. 45. 16. 11. 26. 42.
    17. 3. 8. 81. 75. 14. 18. 105. 17. 4. 3. 7. 5. 2. 14. 116. 67. 116.
    8. 0. 0. 0. 0. 0. 6. 116. 56. 7. 4. 4. 7. 3. 12. 55. 75. 6. 4. 5.
    22. 62. 7. 10. 87. 45. 2. 0. 0. 27. 1. 0. 4. 36. 2. 6. 58. 44. 2. 4.
    30. 83. 9. 56. 53. 6. 4. 7. 12. 6. 8. 118. 39. 8. 0. 0. 0. 0. 64.
    113. 10. 0. 5. 1. 47. 118. 9. 13. 8. 5. 75. 9. 30. 107. 7. 6. 14.
    86. 14. 12. 27. 44. 44. 32. 26. 52. 2. 9. 18. 24. 118. 87. 2. 0. 5.
    1. 5. 36. 37. 76. 70. 7. 118. 12. 2. 14. 41. 38. 12. 41. 32. 11. 10.
    57. 118. 11. 2. 9. 9. 11. 10. 118. 114. 3. 1. 2. 6. 10. 25. 67. 28.
    5. 6. 17. 34. 3. 6. 42. 38. 4. 2. 78. 5. 0. 2. 118. 100. 5. 1. 4. 0.
    0. 1. 118. 35. 1. 0. 0. 39. 2. 0. 0. 0. 0. 0. 1. 134. 12. 0. 0. 0.
    0. 0. 16. 134. 19. 0. 0. 0. 0. 1. 17. 76. 8. 7. 5. 16. 37. 15. 15.
    56. 3. 0. 0. 0. 0. 0. 6. 134. 25. 2. 0. 0. 0. 4. 78. 134. 46. 11. 0.
    0. 0. 14. 49. 134. 65. 1. 0. 1. 23. 25. 11. 30. 18. 0. 0. 0. 0. 0.
    0. 105. 134. 38. 0. 0. 0. 1. 6. 39. 134. 131. 1. 0. 0. 3. 4. 91.
    134. 19. 0. 0. 0. 0. 2. 1. 5. 0. 0. 0. 0. 0. 0. 4. 54. 19. 0. 0. 0.
    0. 0. 104. 93. 34. 0. 0. 0. 0. 7. 134. 57. 8. 1. 4. 5. 4. 48. 2. 0.
    0. 0. 0. 0. 0. 3. 23. 0. 0. 0. 0. 0. 4. 109. 11. 0. 0. 0. 0. 0. 68.
    141. 3. 0. 0. 0. 1. 17. 141. 88. 26. 0. 0. 0. 0. 0. 0. 11. 141. 3.
    0. 0. 0. 1. 10. 141. 75. 18. 4. 1. 8. 14. 37. 141. 28. 26. 24. 35.
    8. 10. 36. 31. 42. 6. 0. 0. 0. 0. 0. 2. 141. 104. 1. 0. 1. 1. 1. 29.
    78. 87. 14. 3. 28. 45. 8. 13. 25. 27. 44. 37. 13. 51. 10. 1. 13. 5.
    0. 0. 0. 0. 0. 0. 141. 127. 1. 0. 0. 0. 0. 0. 65. 141. 18. 0. 1. 8.
    3. 3. 20. 38. 9. 5. 21. 42. 9. 4. 68. 37. 1. 0. 30. 24. 17. 26. 50.
    46. 18. 54. 20. 2. 5. 9. 39. 41. 25. 63. 17. 12. 11. 1. 29. 12. 0.
    0. 38. 100. 17. 3. 12. 49. 14. 2. 75. 85. 4. 0. 17. 65. 127. 95. 17.
    49. 10. 1. 127. 38. 42. 64. 5. 4. 2. 23. 82. 4. 0. 0. 66. 27. 1. 17.
    9. 127. 17. 1. 8. 71. 20. 1. 15. 24. 14. 14. 61. 127. 52. 4. 127.
    31. 4. 3. 27. 41. 8. 16. 82. 14. 3. 35. 48. 4. 0. 3. 39. 114. 15. 1.
    3. 9. 15. 20. 28. 50. 10. 22. 86. 27. 6. 12. 109. 13. 20. 17. 40.
    17. 11. 46. 35. 12. 44. 127. 14. 0. 0. 2. 19. 0. 0. 0. 0. 0. 0. 43.
    33. 0. 0. 0. 0. 0. 30. 126. 2. 0. 0. 0. 0. 41. 126. 70. 0. 0. 0. 0.
    2. 126. 66. 0. 115. 10. 0. 0. 0. 0. 0. 36. 126. 10. 0. 0. 1. 6. 7.
    126. 15. 8. 5. 1. 6. 40. 30. 44. 4. 4. 1. 6. 50. 90. 27. 8. 126. 26.
    0. 0. 0. 0. 0. 20. 126. 114. 11. 0. 0. 3. 1. 24. 13. 56. 62. 12. 4.
    29. 13. 9. 1. 0. 32. 114. 65. 6. 9. 9. 24. 55. 3. 0. 0. 0. 0. 1. 14.
    126. 55. 0. 0. 0. 0. 0. 0. 47. 126. 39. 0. 0. 0. 0. 0. 0. 79. 126.
    5. 0. 0. 0. 14. 35. 39. 64. 21. 0. 0. 0. 63. 30. 20. 93. 33. 0. 0.
    6. 111. 24. 2. 0. 4. 7. 0. 14. 2. 0. 0. 1. 106. 59. 0. 1. 7. 27.
    111. 73. 6. 49. 20. 1. 124. 21. 32. 50. 3. 7. 3. 40. 124. 3. 0. 0.
    3. 1. 0. 43. 2. 0. 0. 0. 124. 29. 0. 1. 5. 4. 2. 5. 61. 124. 53. 2.
    124. 36. 1. 1. 38. 42. 7. 11. 124. 25. 0. 3. 2. 0. 0. 3. 1. 0. 0.
    44. 94. 7. 0. 0. 8. 18. 4. 26. 112. 18. 4. 2. 124. 10. 1. 4. 64. 11.
    12. 50. 104. 15. 18. 45. 1. 0. 0. 12. 0. 1. 10. 124. 40. 1. 0. 0. 0.
    0. 0. 0. 0. 0. 0. 1. 1. 0. 0. 0. 0. 3. 23. 19. 0. 0. 0. 0. 0. 14.
    38. 3. 0. 0. 0. 0. 0. 0. 0. 0. 27. 1. 0. 0. 0. 0. 0. 27. 149. 36. 8.
    5. 5. 33. 149. 149. 15. 9. 10. 39. 90. 149. 149. 63. 0. 0. 0. 3. 9.
    7. 1. 0. 25. 15. 0. 0. 0. 0. 0. 5. 149. 149. 119. 24. 6. 8. 12. 62.
    17. 65. 137. 149. 127. 52. 16. 14. 0. 0. 0. 20. 16. 2. 0. 0. 0. 1.
    0. 0. 0. 0. 0. 0. 0. 29. 11. 1. 0. 0. 0. 0. 0. 5. 10. 5. 0. 0. 0. 0.
    0. 0. 0. 0. 0. 0. 0. 0. 0. 0. 0. 0. 0. 0. 0. 0. 0. 0. 0. 0. 0. 0.
    25. 28. 0. 0. 0. 0. 0. 1. 19. 9. 0. 0. 0. 0. 0. 0. 0. 0. 33. 3. 0.
    0. 0. 0. 0. 11. 141. 48. 9. 7. 6. 19. 141. 141. 18. 13. 12. 45. 141.
    141. 141. 76. 0. 0. 0. 2. 29. 8. 0. 0. 39. 14. 0. 0. 0. 0. 0. 2.
    141. 141. 141. 29. 5. 4. 9. 42. 17. 63. 141. 141. 121. 35. 12. 11.
    0. 0. 0. 5. 20. 3. 0. 0. 0. 0. 0. 0. 0. 0. 0. 0. 0. 16. 33. 1. 0. 0.
    0. 0. 0. 4. 37. 4. 0. 0. 0. 0. 0. 0. 0. 0. 0. 0. 0. 0. 0. 0. 0. 0.
    0. 0. 0. 0. 0. 0. 0. 0. 0. 4. 20. 4. 0. 0. 0. 0. 0. 11. 27. 1. 0. 0.
    0. 0. 0. 0. 0. 0. 39. 5. 0. 0. 0. 0. 0. 3. 142. 68. 17. 10. 13. 43.
    117. 142. 13. 13. 18. 65. 142. 142. 140. 40. 0. 0. 0. 7. 19. 2. 0.
    0. 32. 17. 0. 0. 0. 0. 0. 1. 142. 142. 142. 37. 10. 5. 4. 25. 9. 53.
