<?xml version="1.0"?>
<opencv_storage>
<keypoints type_id="opencv-matrix">
  <rows>8</rows>
  <cols>7</cols>
  <dt>d</dt>
  <data>
    2.3558460235595703e+01 1.7727603912353516e+01 4.5854463577270508e+00
    5.1631134033203125e+01 4.2034689337015152e-02 983552. -1.
    2.5400491714477539e+01 2.5049837112426758e+01 1.5505210876464844e+01
    3.4792327880859375e+01 4.6530704945325851e-02 5505282. -1.
    2.5400491714477539e+01 2.5049837112426758e+01 1.5505210876464844e+01
    7.7143127441406250e+01 4.6530704945325851e-02 5505282. -1.
    2.5400491714477539e+01 2.5049837112426758e+01 1.5505210876464844e+01
    1.1954545593261719e+02 4.6530704945325851e-02 5505282. -1.
    2.5400491714477539e+01 2.5049837112426758e+01 1.5505210876464844e+01
    3.2262295532226563e+02 4.6530704945325851e-02 5505282. -1.
    2.5441368103027344e+01 3.8402660369873047e+01 2.3185617923736572e+00
    2.1682913208007813e+02 3.6383908241987228e-02 1770239. -1.
    2.5441368103027344e+01 3.8402660369873047e+01 2.3185617923736572e+00
    3.4024856567382813e+02 3.6383908241987228e-02 1770239. -1.
    2.7177869796752930e+01 3.2823242187500000e+01 4.8603191375732422e+00
    2.3173786926269531e+02 4.1992787271738052e-02 5177856. -1.</data></keypoints>
<descriptors type_id="opencv-matrix">
  <rows>8</rows>
  <cols>128</cols>
  <dt>f</dt>
  <data>
    6. 0. 0. 0. 0. 0. 3. 14. 5. 0. 0. 0. 0. 1. 75. 38. 0. 0. 0. 0. 0. 0.
    132. 79. 0. 0. 0. 0. 0. 44. 132. 19. 65. 6. 0. 0. 0. 0. 1. 14. 132.
    5. 0. 1. 1. 1. 97. 125. 11. 4. 13. 25. 15. 4. 132. 126. 10. 38. 27.
    9. 18. 63. 100. 24. 86. 5. 0. 0. 0. 0. 0. 2. 132. 22. 1. 11. 12. 5.
    3. 22. 42. 9. 14. 83. 54. 27. 14. 14. 49. 23. 16. 14. 31. 5. 6. 51.
    33. 17. 0. 0. 0. 0. 0. 0. 132. 132. 16. 0. 4. 6. 0. 0. 20. 67. 87.
    22. 18. 50. 23. 7. 18. 6. 95. 62. 8. 4. 10. 13. 0. 0. 0. 0. 0. 0. 0.
    0. 0. 0. 0. 0. 0. 0. 30. 14. 0. 0. 0. 0. 0. 2. 36. 4. 0. 0. 0. 0. 0.
    0. 0. 0. 33. 2. 0. 0. 0. 0. 0. 13. 141. 42. 10. 5. 5. 23. 141. 141.
    19. 11. 14. 43. 125. 141. 141. 68. 0. 0. 0. 4. 20. 3. 0. 0. 29. 10.
    0. 0. 0. 0. 0. 3. 141. 141. 141. 19. 5. 6. 10. 50. 19. 75. 141. 141.
    141. 38. 14. 14. 0. 0. 0. 10. 28. 1. 0. 0. 0. 0. 0. 0. 0. 0. 0. 0.
    0. 24. 22. 0. 0. 0. 0. 0. 0. 8. 17. 1. 0. 0. 0. 0. 0. 0. 0. 0. 0. 0.
    0. 0. 0. 0. 0. 0. 0. 0. 0. 1. 0. 0. 0. 0. 0. 1. 7. 29. 0. 0. 0. 0.
    1. 6. 8. 6. 0. 0. 0. 0. 0. 0. 0. 0. 22. 5. 0. 0. 0. 0. 0. 16. 150.
    63. 12. 10. 7. 25. 97. 150. 19. 16. 17. 58. 144. 150. 120. 75. 0. 0.
    0. 2. 15. 19. 0. 0. 23. 23. 0. 0. 0. 0. 0. 2. 150. 150. 150. 36. 5.
    5. 7. 38. 16. 64. 150. 150. 91. 36. 9. 10. 0. 0. 2. 8. 8. 3. 0. 0.
    0. 1. 0. 0. 0. 0. 0. 0. 1. 17. 21. 2. 0. 0. 0. 0. 0. 3. 33. 14. 0.
    0. 0. 0. 0. 0. 0. 0. 0. 0. 0. 0. 0. 0. 0. 0. 0. 0. 0. 0. 0. 0. 0. 0.
    0. 5. 16. 4. 0. 0. 0. 0. 0. 13. 25. 1. 0. 0. 0. 0. 0. 0. 0. 0. 39.
    3. 0. 0. 0. 0. 0. 4. 142. 66. 18. 11. 13. 46. 113. 142. 15. 14. 19.
    78. 142. 142. 142. 41. 0. 0. 0. 8. 14. 1. 0. 0. 28. 13. 1. 0. 0. 0.
    0. 1. 142. 142. 142. 41. 10. 5. 5. 25. 10. 52. 142. 142. 138. 20. 5.
    7. 0. 0. 0. 27. 19. 0. 0. 0. 0. 0. 0. 0. 0. 0. 0. 0. 0. 15. 32. 1.
    0. 0. 0. 0. 0. 4. 27. 10. 0. 0. 0. 0. 0. 0. 0. 0. 0. 0. 0. 0. 0. 0.
    0. 0. 0. 0. 0. 0. 0. 0. 0. 0. 0. 1. 32. 13. 0. 0. 0. 0. 0. 9. 30. 3.
    0. 0. 0. 0. 0. 0. 0. 0. 29. 0. 0. 0. 0. 0. 0. 15. 140. 23. 5. 4. 9.
    41. 140. 140. 10. 6. 6. 18. 140. 140. 140. 52. 0. 0. 0. 0. 24. 24.
    0. 0. 33. 2. 0. 0. 0. 0. 0. 5. 140. 140. 133. 35. 13. 11. 17. 69.
    16. 40. 140. 140. 140. 78. 19. 14. 0. 0. 0. 1. 19. 9. 0. 0. 0. 0. 0.
    0. 0. 0. 0. 0. 0. 4. 22. 3. 0. 0. 0. 0. 0. 1. 29. 7. 0. 0. 0. 0. 0.
    0. 0. 0. 0. 0. 0. 0. 0. 0. 0. 0. 0. 0. 0. 3. 1. 0. 0. 0. 0. 3. 23.
    19. 0. 0. 0. 0. 0. 20. 19. 2. 0. 0. 0. 0. 0. 2. 1. 0. 22. 2. 0. 0.
    0. 0. 0. 12. 102. 8. 0. 0. 0. 23. 69. 111. 11. 0. 0. 0. 0. 141. 100.
    22. 0. 0. 0. 0. 0. 40. 100. 23. 28. 8. 0. 0. 0. 0. 0. 1. 141. 45. 0.
    0. 0. 7. 12. 37. 120. 4. 0. 0. 1. 141. 127. 47. 6. 4. 3. 1. 1. 81.
    141. 86. 21. 0. 0. 0. 0. 0. 0. 16. 141. 4. 0. 0. 0. 0. 0. 140. 141.
    1. 3. 17. 15. 50. 19. 79. 4. 6. 19. 21. 57. 69. 14. 9. 12. 140. 4.
    0. 0. 0. 0. 0. 100. 140. 36. 4. 2. 1. 0. 4. 126. 30. 33. 17. 2. 4.
    9. 48. 3. 1. 102. 47. 1. 22. 53. 11. 33. 15. 0. 0. 0. 0. 0. 6. 140.
    66. 14. 8. 0. 0. 0. 32. 111. 38. 136. 140. 0. 0. 0. 5. 0. 1. 140.
    140. 0. 0. 0. 0. 25. 12. 0. 0. 0. 0. 0. 2. 93. 104. 74. 27. 0. 0. 0.
    6. 8. 17. 79. 140. 2. 0. 0. 0. 0. 0. 23. 56. 1. 0. 0. 0. 0. 3. 1. 0.
    0. 0. 0. 0. 0. 16. 24. 3. 0. 0. 0. 0. 0. 1. 16. 16. 0. 0. 0. 0. 0.
    0. 0. 2. 0. 0. 0. 0. 4. 0. 0. 0. 0. 0. 2. 10. 4. 0. 0. 0. 0. 1. 62.
    32. 0. 0. 0. 0. 0. 1. 123. 61. 0. 0. 0. 0. 0. 43. 127. 16. 48. 5. 0.
    0. 0. 0. 1. 11. 133. 5. 0. 1. 1. 1. 95. 115. 16. 6. 13. 18. 24. 8.
    133. 118. 16. 44. 20. 6. 23. 84. 110. 26. 62. 4. 0. 0. 0. 0. 0. 1.
    133. 25. 1. 8. 9. 4. 4. 21. 53. 9. 8. 64. 62. 29. 22. 21. 43. 24.
    14. 13. 47. 8. 11. 62. 23. 11. 0. 0. 0. 0. 0. 0. 133. 133. 17. 0. 2.
    4. 1. 1. 23. 79. 111. 25. 11. 36. 24. 9. 9. 2. 109. 85. 10. 2. 8.
    15.</data></descriptors>
</opencv_storage>
