<?xml version="1.0"?>
<opencv_storage>
<keypoints type_id="opencv-matrix">
  <rows>140</rows>
  <cols>7</cols>
  <dt>d</dt>
  <data>
    5.0301013183593750e+02 7.4755963134765625e+02 1.9454532861709595e+00
    8.8638885498046875e+01 1.1631222069263458e-01 5767679. -1.
    5.0301013183593750e+02 7.4755963134765625e+02 1.9454532861709595e+00
    1.7561195373535156e+02 1.1631222069263458e-01 5767679. -1.
    5.0716729736328125e+02 8.1241900634765625e+02 2.3699014186859131e+00
    8.9731750488281250e+01 1.0528409481048584e-01 3343103. -1.
    5.0716729736328125e+02 8.1241900634765625e+02 2.3699014186859131e+00
    1.9043423461914063e+02 1.0528409481048584e-01 3343103. -1.
    5.0921173095703125e+02 7.7094818115234375e+02 4.9990162849426270e+00
    1.8143896484375000e+02 1.0102100670337677e-01 7209472. -1.
    5.0921173095703125e+02 7.7094818115234375e+02 4.9990162849426270e+00
    2.6296215820312500e+02 1.0102100670337677e-01 7209472. -1.
    5.1238299560546875e+02 8.0767456054687500e+02 9.2603187561035156e+00
    9.4492004394531250e+01 1.2199983000755310e-01 1638913. -1.
    5.1238299560546875e+02 8.0767456054687500e+02 9.2603187561035156e+00
    1.7661233520507813e+02 1.2199983000755310e-01 1638913. -1.
    5.1312341308593750e+02 7.3971105957031250e+02 1.7609167098999023e+01
    1.9721981811523438e+02 9.0451575815677643e-02 14745858. -1.
    5.1319445800781250e+02 7.5285009765625000e+02 4.4691424369812012e+00
    1.0841152954101563e+02 7.4344672262668610e-02 15794432. -1.
    5.1319445800781250e+02 7.5285009765625000e+02 4.4691424369812012e+00
    1.2770811462402344e+02 7.4344672262668610e-02 15794432. -1.
    5.1434490966796875e+02 7.7656268310546875e+02 1.1989671707153320e+01
    1.8165220642089844e+02 1.1597210913896561e-01 3605249. -1.
    5.1472570800781250e+02 7.9039526367187500e+02 3.1751310825347900e+00
    4.5817932128906250e+01 7.3387816548347473e-02 7799807. -1.
    5.1472570800781250e+02 7.9039526367187500e+02 3.1751310825347900e+00
    3.5164175415039063e+02 7.3387816548347473e-02 7799807. -1.
    5.1719000244140625e+02 7.0894097900390625e+02 3.9620869159698486e+00
    2.2083941650390625e+02 6.7517489194869995e-02 7078144. -1.
    5.1985162353515625e+02 7.8665374755859375e+02 1.8618297576904297e+00
    5.2857330322265625e+01 5.6990709155797958e-02 2621951. -1.
    5.2052496337890625e+02 7.9962731933593750e+02 7.7897047996520996e+00
    3.2259042358398438e+02 8.1949725747108459e-02 5832961. -1.
    5.2347351074218750e+02 7.8397149658203125e+02 2.1895706653594971e+00
    5.2927062988281250e+01 5.6590069085359573e-02 14352895. -1.
    5.2408428955078125e+02 7.9568084716796875e+02 2.4626944065093994e+00
    1.1092536926269531e+02 4.6391002833843231e-02 6095615. -1.
    5.2675604248046875e+02 7.9218536376953125e+02 3.6608703136444092e+00
    7.4230895996093750e+01 5.5840026587247849e-02 1376512. -1.
    5.2675604248046875e+02 7.9218536376953125e+02 3.6608703136444092e+00
    9.5340911865234375e+01 5.5840026587247849e-02 1376512. -1.
    5.3273748779296875e+02 7.2619860839843750e+02 3.8821815490722656e+01
    1.7157995605468750e+02 1.1383853107690811e-01 5046787. -1.
    5.3273748779296875e+02 7.2619860839843750e+02 3.8821815490722656e+01
    2.7973626708984375e+02 1.1383853107690811e-01 5046787. -1.
    5.3372406005859375e+02 7.8669989013671875e+02 1.9783651828765869e+00
    1.2804241943359375e+02 5.7053983211517334e-02 7012863. -1.
    5.3600274658203125e+02 6.9834619140625000e+02 3.9608097076416016e+00
    2.7799026489257813e+02 9.6755787730216980e-02 7078144. -1.
    5.3600274658203125e+02 6.9834619140625000e+02 3.9608097076416016e+00
    3.4298138427734375e+02 9.6755787730216980e-02 7078144. -1.
    5.3856958007812500e+02 7.9032531738281250e+02 3.4124698638916016e+00
    1.3234985351562500e+02 6.9693639874458313e-02 12977151. -1.
    5.4606292724609375e+02 8.3789837646484375e+02 1.9998123645782471e+00
    8.7046203613281250e+01 1.0757018625736237e-01 7799295. -1.
    5.4606292724609375e+02 8.3789837646484375e+02 1.9998123645782471e+00
    1.7081849670410156e+02 1.0757018625736237e-01 7799295. -1.
    5.4902587890625000e+02 8.3453961181640625e+02 6.8364787101745605e+00
    9.5426483154296875e+01 9.6261635422706604e-02 13107968. -1.
    5.4902587890625000e+02 8.3453961181640625e+02 6.8364787101745605e+00
    1.7507861328125000e+02 9.6261635422706604e-02 13107968. -1.
    5.5000799560546875e+02 8.3342132568359375e+02 8.2681007385253906e+00
    1.0324835205078125e+02 9.5131032168865204e-02 10158337. -1.
    5.5000799560546875e+02 8.3342132568359375e+02 8.2681007385253906e+00
    1.7267382812500000e+02 9.5131032168865204e-02 10158337. -1.
    5.5270764160156250e+02 7.5661071777343750e+02 4.8625349998474121e+00
    8.4090301513671875e+01 7.2859309613704681e-02 5177856. -1.
    5.6078576660156250e+02 8.3564135742187500e+02 5.2769818305969238e+00
    9.3424011230468750e+01 4.9908328801393509e-02 11141632. -1.
    5.6159320068359375e+02 7.6332464599609375e+02 3.0125172138214111e+00
    1.7877996826171875e+02 8.1960059702396393e-02 3998719. -1.
    5.6257360839843750e+02 7.5678082275390625e+02 3.2964973449707031e+00
    1.7791452026367188e+02 5.9634033590555191e-02 10486783. -1.
    5.6259826660156250e+02 7.4527410888671875e+02 3.2569122314453125e+00
    1.7765084838867188e+02 5.4727841168642044e-02 9634815. -1.
    5.6325372314453125e+02 8.6754144287109375e+02 4.1221127510070801e+00
    1.1038558959960938e+02 9.5172137022018433e-02 9961728. -1.
    5.6325372314453125e+02 8.6754144287109375e+02 4.1221127510070801e+00
    1.7732620239257813e+02 9.5172137022018433e-02 9961728. -1.
    5.6566693115234375e+02 8.4659844970703125e+02 6.0694766044616699e+00
    1.8153884887695313e+02 8.8391929864883423e-02 4522752. -1.
    5.6777630615234375e+02 7.6113348388671875e+02 9.1197099685668945e+00
    2.3748474121093750e+00 3.6419425159692764e-02 524801. -1.
    5.6793719482421875e+02 9.3808428955078125e+02 3.8599438667297363e+00
    1.8547402954101563e+02 6.4521849155426025e-02 5177600. -1.
    5.6956982421875000e+02 9.2437756347656250e+02 2.8073689937591553e+00
    2.1195829772949219e+02 7.4299462139606476e-02 15598335. -1.
    5.6961517333984375e+02 7.6879156494140625e+02 8.8972442626953125e+01
    1.9851928710937500e+01 1.3370445370674133e-01 14877188. -1.
    5.6961517333984375e+02 7.6879156494140625e+02 8.8972442626953125e+01
    1.5043139648437500e+02 1.3370445370674133e-01 14877188. -1.
    5.6961517333984375e+02 7.6879156494140625e+02 8.8972442626953125e+01
    3.3891921997070313e+02 1.3370445370674133e-01 14877188. -1.
    5.7094012451171875e+02 8.6128625488281250e+02 1.5245457649230957e+01
    1.6503692626953125e+02 1.2460273504257202e-01 4260098. -1.
    5.7094012451171875e+02 8.6128625488281250e+02 1.5245457649230957e+01
    3.5054550170898438e+02 1.2460273504257202e-01 4260098. -1.
    5.7147595214843750e+02 8.3117462158203125e+02 4.8012237548828125e+00
    2.2006866455078125e+01 5.1580660045146942e-02 4260352. -1.
    5.7147595214843750e+02 8.3117462158203125e+02 4.8012237548828125e+00
    6.3118072509765625e+01 5.1580660045146942e-02 4260352. -1.
    5.7201672363281250e+02 8.3904785156250000e+02 2.0206227302551270e+00
    1.3355694580078125e+02 5.7090602815151215e-02 8520191. -1.
    5.7340759277343750e+02 8.3959124755859375e+02 2.6328599452972412e+00
    1.2680738830566406e+02 6.2859810888767242e-02 10945279. -1.
    5.7340759277343750e+02 8.3959124755859375e+02 2.6328599452972412e+00
    3.5872717285156250e+02 6.2859810888767242e-02 10945279. -1.
    5.7412396240234375e+02 7.1495989990234375e+02 1.6127456665039063e+01
    2.8261114501953125e+02 8.9722320437431335e-02 8388866. -1.
    5.7412396240234375e+02 7.1495989990234375e+02 1.6127456665039063e+01
    3.0789962768554688e+02 8.9722320437431335e-02 8388866. -1.
    5.7443359375000000e+02 7.6327783203125000e+02 3.0482587814331055e+00
    3.5797119140625000e+02 7.2863332927227020e-02 4850687. -1.
    5.7718438720703125e+02 9.1492108154296875e+02 4.4540572166442871e+00
