<?xml version="1.0"?>
<opencv_storage>
<keypoints type_id="opencv-matrix">
  <rows>121</rows>
  <cols>7</cols>
  <dt>d</dt>
  <data>
    5.0301037597656250e+02 7.4755902099609375e+02 1.9462871551513672e+00
    8.8705322265625000e+01 1.1630903184413910e-01 5833215. -1.
    5.0301037597656250e+02 7.4755902099609375e+02 1.9462871551513672e+00
    1.7563729858398438e+02 1.1630903184413910e-01 5833215. -1.
    5.0760165405273438e+02 7.6906292724609375e+02 1.9998115301132202e+00
    1.7704620361328125e+02 1.0757019370794296e-01 7799295. -1.
    5.0760165405273438e+02 7.6906292724609375e+02 1.9998115301132202e+00
    2.6081848144531250e+02 1.0757019370794296e-01 7799295. -1.
    5.0920132446289063e+02 7.2635858154296875e+02 2.0270519256591797e+00
    2.0721740722656250e+02 9.0442091226577759e-02 8782335. -1.
    5.0922619628906250e+02 7.7031909179687500e+02 4.1224436759948730e+00
    1.8375387573242188e+02 9.8955847322940826e-02 9961728. -1.
    5.0922619628906250e+02 7.7031909179687500e+02 4.1224436759948730e+00
    2.6358212280273438e+02 9.8955847322940826e-02 9961728. -1.
    5.1036502075195313e+02 7.1500183105468750e+02 2.7545204162597656e+00
    1.6304925537109375e+02 9.6703030169010162e-02 14222079. -1.
    5.1036502075195313e+02 7.1500183105468750e+02 2.7545204162597656e+00
    2.3781143188476563e+02 9.6703030169010162e-02 14222079. -1.
    5.1154464721679688e+02 8.0838623046875000e+02 8.0707950592041016e+00
    9.3659484863281250e+01 1.3070623576641083e-01 8388865. -1.
    5.1154464721679688e+02 8.0838623046875000e+02 8.0707950592041016e+00
    1.7801475524902344e+02 1.3070623576641083e-01 8388865. -1.
    5.1154464721679688e+02 8.0838623046875000e+02 8.0707950592041016e+00
    3.2438793945312500e+02 1.3070623576641083e-01 8388865. -1.
    5.1269445800781250e+02 7.4024163818359375e+02 1.6488702774047852e+01
    1.9693746948242188e+02 9.2747941613197327e-02 9961730. -1.
    5.1422503662109375e+02 7.7616387939453125e+02 1.1404743194580078e+01
    6.7426422119140625e+01 1.3320484757423401e-01 769. -1.
    5.1422503662109375e+02 7.7616387939453125e+02 1.1404743194580078e+01
    1.8528883361816406e+02 1.3320484757423401e-01 769. -1.
    5.1690979003906250e+02 7.0898406982421875e+02 3.6371574401855469e+00
    2.2460191345214844e+02 7.1612797677516937e-02 917760. -1.
    5.2388079833984375e+02 6.9897644042968750e+02 3.7058670520782471e+00
    1.9369200134277344e+02 9.5549240708351135e-02 2228480. -1.
    5.2388079833984375e+02 6.9897644042968750e+02 3.7058670520782471e+00
    2.6379055786132813e+02 9.5549240708351135e-02 2228480. -1.
    5.2871362304687500e+02 7.0233782958984375e+02 9.4980144500732422e+00
    2.2446405029296875e+02 9.4834662973880768e-02 3473921. -1.
    5.2871362304687500e+02 7.0233782958984375e+02 9.4980144500732422e+00
    2.9278021240234375e+02 9.4834662973880768e-02 3473921. -1.
    5.2989880371093750e+02 7.5804083251953125e+02 3.1516084671020508e+00
    9.5917999267578125e+01 7.4366502463817596e-02 7275519. -1.
    5.3151220703125000e+02 7.2749774169921875e+02 3.5966857910156250e+01
    1.6950003051757813e+02 1.2968307733535767e-01 16253187. -1.
    5.3151220703125000e+02 7.2749774169921875e+02 3.5966857910156250e+01
    2.1729525756835938e+02 1.2968307733535767e-01 16253187. -1.
    5.3151220703125000e+02 7.2749774169921875e+02 3.5966857910156250e+01
    2.7765539550781250e+02 1.2968307733535767e-01 16253187. -1.
    5.3268389892578125e+02 6.9919915771484375e+02 4.2240805625915527e+00
    2.7538470458984375e+02 8.1417411565780640e-02 11731200. -1.
    5.3268389892578125e+02 6.9919915771484375e+02 4.2240805625915527e+00
    3.2613891601562500e+02 8.1417411565780640e-02 11731200. -1.
    5.5048828125000000e+02 8.3310363769531250e+02 8.8578472137451172e+00
    1.0004949951171875e+02 9.5663435757160187e-02 15139073. -1.
    5.5048828125000000e+02 8.3310363769531250e+02 8.8578472137451172e+00
    1.7295675659179688e+02 9.5663435757160187e-02 15139073. -1.
    5.5176879882812500e+02 7.0701477050781250e+02 3.9937152862548828e+00
    2.7296340942382813e+02 6.2987014651298523e-02 7667968. -1.
    5.5216845703125000e+02 7.5357647705078125e+02 8.4421815872192383e+00
    6.7553405761718750e+00 9.0972758829593658e-02 11665665. -1.
    5.5733648681640625e+02 8.2788079833984375e+02 1.7545948028564453e+01
    1.5631883239746094e+02 9.4079032540321350e-02 14483714. -1.
    5.6182604980468750e+02 7.0690826416015625e+02 3.8160126209259033e+00
    2.7207260131835938e+02 6.8316861987113953e-02 4391168. -1.
    5.6422583007812500e+02 7.7485186767578125e+02 3.7200982570648193e+00
    2.7065588378906250e+02 6.4804024994373322e-02 2556160. -1.
    5.6433642578125000e+02 8.6622729492187500e+02 5.2274441719055176e+00
    1.1732223510742188e+02 1.3083738088607788e-01 10420736. -1.
    5.6433642578125000e+02 8.6622729492187500e+02 5.2274441719055176e+00
    2.6366424560546875e+02 1.3083738088607788e-01 10420736. -1.
    5.6818859863281250e+02 8.4471856689453125e+02 3.6169559955596924e+00
    1.2965162658691406e+02 6.6783919930458069e-02 524544. -1.
    5.6857611083984375e+02 8.3831506347656250e+02 3.3426616191864014e+00
    6.9470977783203125e+01 7.7442556619644165e-02 11535359. -1.
    5.7072985839843750e+02 8.3072070312500000e+02 5.1031970977783203e+00
    2.4182708740234375e+01 4.5569699257612228e-02 8716800. -1.
    5.7072985839843750e+02 8.3072070312500000e+02 5.1031970977783203e+00
    6.0067565917968750e+01 4.5569699257612228e-02 8716800. -1.
    5.7200531005859375e+02 8.3904382324218750e+02 2.0145199298858643e+00
    1.3359271240234375e+02 5.7091474533081055e-02 8323583. -1.
    5.7340679931640625e+02 8.3959057617187500e+02 2.6396131515502930e+00
    1.2684098815917969e+02 6.2899470329284668e-02 11141887. -1.
    5.7340679931640625e+02 8.3959057617187500e+02 2.6396131515502930e+00
    3.5875473022460938e+02 6.2899470329284668e-02 11141887. -1.
    5.7344842529296875e+02 7.7488226318359375e+02 3.7917816638946533e+00
    2.7024841308593750e+02 6.5421693027019501e-02 3932416. -1.
    5.7388079833984375e+02 7.7533575439453125e+02 8.8917541503906250e+01
    1.5301239013671875e+02 1.1517205089330673e-01 14877188. -1.
    5.7388079833984375e+02 7.7533575439453125e+02 8.8917541503906250e+01
    2.9762792968750000e+02 1.1517205089330673e-01 14877188. -1.
    5.7388079833984375e+02 7.7533575439453125e+02 8.8917541503906250e+01
    3.3844970703125000e+02 1.1517205089330673e-01 14877188. -1.
    5.7470123291015625e+02 8.6863317871093750e+02 9.6407127380371094e+00
    1.3254013061523438e+02 1.2694394588470459e-01 4588033. -1.
    5.7687762451171875e+02 8.4956835937500000e+02 3.5021119117736816e+00
    1.2003811645507813e+02 6.3732609152793884e-02 14877695. -1.
    5.7727337646484375e+02 8.2895825195312500e+02 2.6099460124969482e+00
    4.2646514892578125e+01 7.1690797805786133e-02 10355455. -1.
    5.7727337646484375e+02 8.2895825195312500e+02 2.6099460124969482e+00
    3.5899276733398438e+02 7.1690797805786133e-02 10355455. -1.
    5.7784716796875000e+02 8.2067224121093750e+02 4.7663989067077637e+00
    4.7378814697265625e+01 3.6333121359348297e-02 3736064. -1.
    5.7826007080078125e+02 1.0327933349609375e+03 5.0709295272827148e+00
    1.4293351745605469e+02 1.1383466422557831e-01 8258048. -1.
    5.7971508789062500e+02 8.3988812255859375e+02 4.4084658622741699e+00
    1.6353820800781250e+01 4.7933526337146759e-02 14811392. -1.
    5.7971508789062500e+02 8.3988812255859375e+02 4.4084658622741699e+00
    8.8817596435546875e+01 4.7933526337146759e-02 14811392. -1.
    5.8056518554687500e+02 8.2813952636718750e+02 1.8463947772979736e+00
    1.0672555541992188e+02 6.3191808760166168e-02 2032127. -1.
    5.8152746582031250e+02 7.6990283203125000e+02 2.0699617862701416e+00
    1.8162881469726563e+02 9.1292195022106171e-02 10289663. -1.
    5.8152746582031250e+02 7.6990283203125000e+02 2.0699617862701416e+00
    2.4942872619628906e+02 9.1292195022106171e-02 10289663. -1.
    5.8161663818359375e+02 8.3503869628906250e+02 2.6570029258728027e+00
