<?xml version="1.0"?>
<opencv_storage>
<keypoints type_id="opencv-matrix">
  <rows>11</rows>
  <cols>7</cols>
  <dt>d</dt>
  <data>
    1.4559225082397461e+01 2.3803375244140625e+01 2.3879504203796387e+00
    3.3294528198242188e+02 5.6002043187618256e-02 3867391. -1.
    2.3603067398071289e+01 1.8213392257690430e+01 2.9251191616058350e+00
    3.6946228027343750e+01 5.4881017655134201e-02 1836031. -1.
    2.3603067398071289e+01 1.8213392257690430e+01 2.9251191616058350e+00
    1.5142956542968750e+02 5.4881017655134201e-02 1836031. -1.
    2.5944349288940430e+01 3.3752079010009766e+01 8.0180368423461914e+00
    2.1911399841308594e+02 5.5398754775524139e-02 7930113. -1.
    2.5944349288940430e+01 3.3752079010009766e+01 8.0180368423461914e+00
    3.2812832641601563e+02 5.5398754775524139e-02 7930113. -1.
    2.6108860015869141e+01 2.1489700317382813e+01 2.5860679149627686e+00
    1.4790487670898438e+02 5.4220575839281082e-02 9634559. -1.
    2.6108860015869141e+01 2.1489700317382813e+01 2.5860679149627686e+00
    1.9442414855957031e+02 5.4220575839281082e-02 9634559. -1.
    3.2045619964599609e+01 1.9857145309448242e+01 2.4437506198883057e+00
    1.1250271606445313e+02 5.9162721037864685e-02 5571327. -1.
    3.2045619964599609e+01 1.9857145309448242e+01 2.4437506198883057e+00
    3.0439437866210938e+02 5.9162721037864685e-02 5571327. -1.
    3.3913677215576172e+01 2.6787332534790039e+01 3.2644169330596924e+00
    1.9950259399414063e+02 5.2540168166160583e-02 9765887. -1.
    3.6099029541015625e+01 2.1186565399169922e+01 2.6457736492156982e+00
    1.1266415405273438e+02 5.8716632425785065e-02 11338495. -1.</data></keypoints>
<descriptors type_id="opencv-matrix">
  <rows>11</rows>
  <cols>128</cols>
  <dt>f</dt>
  <data>
    1. 0. 0. 0. 0. 0. 0. 3. 1. 0. 0. 0. 0. 0. 27. 16. 0. 0. 0. 0. 0. 0.
    67. 23. 0. 0. 0. 0. 0. 5. 66. 54. 25. 0. 0. 0. 0. 0. 0. 11. 122. 1.
    0. 0. 1. 2. 92. 139. 13. 0. 3. 18. 22. 18. 139. 77. 3. 9. 22. 59.
    11. 11. 100. 55. 50. 2. 0. 0. 0. 0. 0. 1. 139. 20. 0. 0. 3. 4. 8.
    31. 79. 11. 5. 26. 68. 128. 44. 18. 7. 13. 23. 61. 51. 134. 19. 10.
    26. 5. 0. 0. 0. 0. 0. 0. 139. 134. 24. 0. 0. 0. 0. 1. 55. 139. 52.
    2. 17. 41. 12. 2. 13. 10. 3. 2. 83. 94. 19. 27. 40. 2. 0. 0. 0. 0.
    3. 17. 44. 1. 0. 0. 2. 70. 50. 39. 33. 6. 0. 0. 2. 56. 43. 40. 24.
    12. 4. 0. 0. 4. 119. 53. 87. 5. 0. 0. 0. 0. 0. 16. 119. 17. 2. 0. 2.
    70. 41. 44. 38. 18. 7. 0. 4. 119. 119. 16. 39. 60. 63. 4. 18. 47.
    43. 23. 102. 0. 0. 0. 0. 0. 0. 42. 119. 46. 53. 11. 13. 9. 8. 53.
    32. 119. 119. 8. 16. 59. 43. 6. 29. 24. 11. 2. 60. 119. 41. 22. 115.
    1. 0. 0. 0. 0. 1. 55. 65. 3. 8. 7. 24. 43. 59. 62. 45. 39. 17. 7. 9.
    19. 119. 59. 41. 38. 1. 0. 2. 23. 46. 24. 13. 62. 21. 28. 76. 38. 2.
    4. 73. 14. 31. 20. 35. 16. 6. 122. 48. 34. 30. 94. 39. 2. 1. 46. 49.
    94. 17. 19. 14. 28. 5. 2. 47. 82. 52. 65. 13. 1. 0. 6. 122. 39. 14.
    33. 37. 9. 1. 42. 35. 18. 19. 66. 122. 70. 13. 19. 68. 102. 37. 10.
    7. 11. 11. 39. 78. 32. 24. 8. 0. 0. 0. 34. 122. 31. 100. 86. 4. 1.
    0. 46. 9. 7. 122. 122. 28. 12. 4. 4. 6. 7. 122. 57. 1. 2. 4. 11. 32.
    30. 24. 4. 0. 0. 0. 4. 9. 13. 83. 73. 0. 0. 0. 2. 0. 1. 66. 33. 0.
    0. 0. 0. 0. 0. 27. 16. 0. 0. 0. 0. 0. 0. 0. 0. 0. 0. 0. 0. 0. 0. 0.
    0. 0. 1. 20. 11. 0. 0. 0. 0. 0. 12. 34. 2. 0. 0. 0. 0. 0. 5. 5. 0.
    22. 0. 0. 0. 0. 0. 0. 12. 119. 3. 0. 0. 0. 13. 111. 135. 11. 1. 0.
    4. 13. 135. 135. 39. 0. 0. 0. 2. 41. 121. 54. 0. 49. 9. 0. 0. 0. 0.
    0. 3. 135. 125. 18. 7. 1. 4. 11. 45. 37. 40. 62. 110. 63. 69. 41.
    14. 0. 0. 5. 70. 135. 48. 8. 0. 9. 8. 0. 0. 0. 0. 0. 0. 63. 135. 48.
    4. 0. 0. 0. 0. 5. 41. 135. 95. 5. 0. 0. 0. 0. 0. 31. 85. 38. 0. 0.
    0. 21. 0. 0. 0. 0. 0. 0. 15. 66. 0. 0. 0. 0. 1. 89. 123. 2. 0. 0. 0.
    8. 98. 134. 31. 0. 0. 0. 0. 30. 103. 9. 0. 69. 5. 0. 0. 0. 0. 0. 3.
    134. 48. 14. 4. 1. 6. 26. 68. 31. 12. 36. 98. 56. 120. 51. 26. 0. 0.
    4. 90. 126. 83. 0. 0. 23. 14. 0. 0. 0. 0. 0. 0. 110. 134. 117. 14.
    0. 0. 0. 2. 9. 32. 134. 134. 11. 2. 1. 1. 0. 0. 22. 124. 16. 0. 0.
    0. 0. 1. 0. 0. 0. 0. 0. 0. 0. 9. 18. 1. 0. 0. 0. 0. 0. 1. 27. 12. 0.
    0. 0. 0. 0. 0. 2. 3. 0. 0. 0. 0. 5. 29. 57. 22. 46. 38. 4. 21. 14.
    43. 118. 52. 8. 9. 4. 18. 80. 80. 34. 25. 22. 0. 1. 24. 39. 24. 12.
    29. 40. 1. 0. 1. 24. 65. 12. 37. 93. 60. 1. 2. 67. 8. 21. 22. 50.
    22. 21. 118. 57. 10. 21. 114. 43. 1. 12. 112. 82. 67. 26. 59. 20. 5.
    1. 3. 48. 44. 27. 96. 20. 0. 0. 6. 118. 28. 5. 31. 28. 5. 2. 44. 40.
    7. 8. 71. 118. 70. 9. 13. 46. 86. 14. 18. 16. 20. 25. 43. 34. 11.
    14. 16. 1. 0. 0. 51. 111. 10. 49. 51. 3. 1. 0. 77. 14. 15. 83. 93.
    34. 20. 4. 5. 5. 11. 79. 29. 4. 7. 16. 28. 18. 17. 44. 49. 24. 1. 6.
    16. 15. 70. 57. 17. 32. 39. 0. 1. 5. 72. 44. 22. 58. 29. 5. 1. 9.
    49. 106. 14. 2. 7. 18. 6. 12. 7. 34. 114. 50. 15. 16. 4. 114. 75.
    18. 25. 33. 14. 4. 16. 27. 20. 21. 22. 114. 108. 30. 6. 53. 26. 46.
    15. 10. 25. 31. 33. 5. 7. 41. 20. 25. 95. 84. 2. 76. 114. 24. 6. 46.
    56. 12. 7. 20. 114. 18. 10. 31. 84. 35. 2. 8. 6. 14. 67. 75. 39. 28.
    8. 0. 61. 114. 8. 15. 9. 2. 0. 10. 47. 33. 24. 86. 17. 0. 0. 87.
    114. 10. 25. 29. 1. 0. 0. 5. 10. 7. 76. 91. 0. 0. 0. 39. 2. 0. 0. 0.
    0. 1. 15. 106. 5. 0. 4. 4. 2. 77. 103. 10. 20. 14. 23. 11. 5. 122.
    43. 11. 25. 4. 1. 7. 42. 121. 25. 70. 6. 0. 0. 0. 0. 0. 12. 122. 28.
    2. 15. 34. 1. 2. 27. 29. 67. 29. 76. 122. 2. 3. 3. 25. 122. 78. 6.
    7. 10. 4. 3. 61. 9. 5. 0. 0. 0. 0. 48. 122. 28. 80. 60. 10. 0. 0.
    46. 16. 13. 34. 100. 74. 5. 57. 52. 26. 46. 34. 4. 4. 2. 112. 68.
    20. 19. 13. 1. 0. 0. 11. 19. 25. 11. 57. 20. 0. 0. 27. 86. 58. 2.
    11. 28. 10. 1. 28. 122. 4. 3. 60. 64. 12. 2. 58. 31. 58. 3. 16. 38.
    21. 1. 18. 78. 6. 0. 6. 116. 116. 3. 14. 21. 0. 0. 10. 41. 27. 20.
    52. 37. 0. 0. 0. 7. 27. 18. 6. 0. 6. 2. 105. 116. 23. 10. 21. 13.
    84. 7. 31. 63. 35. 9. 28. 97. 13. 1. 0. 21. 116. 45. 46. 60. 0. 0.
    0. 21. 66. 8. 1. 0. 5. 3. 8. 14. 19. 103. 116. 5. 116. 21. 4. 2. 8.
    72. 44. 47. 50. 8. 3. 13. 116. 93. 2. 13. 0. 0. 0. 4. 86. 36. 0. 0.
    4. 56. 56. 21. 5. 40. 21. 2. 17. 2. 92. 75. 8. 46. 27. 20. 11. 2.
    91. 116. 65. 11. 1. 6. 0. 0. 4. 36. 52. 7. 0. 0. 14. 0. 0. 0. 0. 0.
    0. 5. 134. 16. 0. 0. 0. 0. 0. 89. 118. 27. 7. 4. 4. 0. 1. 70. 8. 10.
    30. 31. 37. 19. 1. 3. 39. 1. 0. 0. 0. 0. 0. 6. 134. 21. 2. 3. 0. 0.
    1. 125. 84. 30. 48. 100. 30. 1. 3. 65. 25. 59. 74. 48. 46. 14. 0. 1.
    48. 4. 0. 0. 0. 0. 0. 1. 134. 50. 8. 15. 5. 5. 2. 23. 42. 18. 22.
    134. 58. 59. 35. 13. 102. 86. 19. 30. 28. 37. 17. 4. 19. 6. 0. 0. 0.
    0. 0. 0. 128. 106. 53. 1. 1. 3. 2. 1. 14. 43. 134. 11. 12. 41. 26.
    1. 8. 53. 56. 27. 53. 26. 9. 1. 0. 0. 0. 0. 0. 0. 0. 2. 0. 0. 0. 0.
    0. 0. 23. 15. 0. 0. 0. 0. 0. 0. 69. 14. 0. 0. 0. 0. 0. 4. 77. 10.
    21. 1. 0. 0. 0. 0. 0. 9. 120. 4. 0. 1. 2. 1. 92. 138. 17. 15. 11.
    20. 10. 6. 138. 83. 11. 24. 5. 2. 8. 55. 138. 44. 35. 3. 0. 0. 0. 0.
    0. 6. 138. 33. 2. 8. 17. 1. 5. 42. 68. 66. 30. 85. 138. 4. 17. 12.
    31. 138. 79. 11. 14. 18. 11. 6. 32. 5. 1. 0. 0. 0. 0. 27. 138. 25.
    56. 33. 5. 0. 0. 57. 30. 15. 41. 101. 74. 4. 38. 43. 23. 48. 37. 6.
    8. 3. 97. 60.</data></descriptors>
</opencv_storage>
