<?xml version="1.0"?>
<opencv_storage>
<keypoints type_id="opencv-matrix">
  <rows>33</rows>
  <cols>7</cols>
  <dt>d</dt>
  <data>
    1.7419660568237305e+01 4.4568233489990234e+01 2.0139472484588623e+00
    5.2194396972656250e+01 4.3476779013872147e-02 8258047. -1.
    1.7419660568237305e+01 4.4568233489990234e+01 2.0139472484588623e+00
    3.2877359008789063e+02 4.3476779013872147e-02 8258047. -1.
    2.1506372451782227e+01 4.5705066680908203e+01 6.2137579917907715e+00
    5.5481475830078125e+01 4.7669123858213425e-02 6226688. -1.
    2.1506372451782227e+01 4.5705066680908203e+01 6.2137579917907715e+00
    3.3910534667968750e+02 4.7669123858213425e-02 6226688. -1.
    2.5833482742309570e+01 5.7828258514404297e+01 4.0848298072814941e+00
    2.2788955688476563e+02 5.6464139372110367e-02 9306368. -1.
    2.5833482742309570e+01 5.7828258514404297e+01 4.0848298072814941e+00
    3.3624279785156250e+02 5.6464139372110367e-02 9306368. -1.
    2.6908432006835938e+01 4.7486335754394531e+01 1.2199255943298340e+01
    5.0346923828125000e+01 5.9650722891092300e-02 4850433. -1.
    2.6908432006835938e+01 4.7486335754394531e+01 1.2199255943298340e+01
    3.2968530273437500e+02 5.9650722891092300e-02 4850433. -1.
    3.1033967971801758e+01 7.0445640563964844e+01 2.5599658489227295e+00
    3.1803982543945313e+02 6.1408713459968567e-02 8913663. -1.
    3.4011672973632813e+01 5.1947353363037109e+01 4.7357912063598633e+00
    1.8115139770507813e+02 3.5400342196226120e-02 3277312. -1.
    3.5932380676269531e+01 3.2348392486572266e+01 4.0218129158020020e+00
    4.5086334228515625e+01 4.7460574656724930e-02 8192256. -1.
    3.8576404571533203e+01 2.9548849105834961e+01 3.1225380897521973e+00
    4.6849639892578125e+01 4.7888372093439102e-02 6554623. -1.
    3.8576404571533203e+01 2.9548849105834961e+01 3.1225380897521973e+00
    2.0771424865722656e+02 4.7888372093439102e-02 6554623. -1.
    3.9473487854003906e+01 6.2029426574707031e+01 5.6249995231628418e+00
    8.0185241699218750e+00 6.3246697187423706e-02 15729152. -1.
    4.7811107635498047e+01 3.1646667480468750e+01 4.7709164619445801e+00
    1.8020013427734375e+02 4.6534057706594467e-02 3801600. -1.
    4.9612010955810547e+01 6.6528564453125000e+01 3.0148246288299561e+00
    3.7999938964843750e+01 2.9477233067154884e-02 4064255. -1.
    4.9690097808837891e+01 4.4752517700195313e+01 8.1557874679565430e+00
    1.3418618774414063e+02 4.7746997326612473e-02 9175297. -1.
    4.9690097808837891e+01 4.4752517700195313e+01 8.1557874679565430e+00
    1.8224658203125000e+02 4.7746997326612473e-02 9175297. -1.
    5.7008827209472656e+01 2.1894634246826172e+01 2.8649742603302002e+00
    1.3492868041992188e+02 4.8642855137586594e-02 328703. -1.
    5.7008827209472656e+01 2.1894634246826172e+01 2.8649742603302002e+00
    3.2789993286132813e+02 4.8642855137586594e-02 328703. -1.
    5.9423358917236328e+01 2.5148132324218750e+01 3.4682445526123047e+00
    1.3806881713867188e+02 4.6952977776527405e-02 14156799. -1.
    5.9423358917236328e+01 2.5148132324218750e+01 3.4682445526123047e+00
    3.2971405029296875e+02 4.6952977776527405e-02 14156799. -1.
    6.0713222503662109e+01 7.1914398193359375e+01 2.3670532703399658e+00
    1.8648809814453125e+02 3.1002316623926163e-02 3277567. -1.
    6.1542900085449219e+01 2.7936002731323242e+01 3.4602513313293457e+00
    1.3352349853515625e+02 4.7220796346664429e-02 14025727. -1.
    6.1542900085449219e+01 2.7936002731323242e+01 3.4602513313293457e+00
    3.3178997802734375e+02 4.7220796346664429e-02 14025727. -1.
    6.1638656616210938e+01 7.7931739807128906e+01 5.1056818962097168e+00
    2.2900100708007813e+02 5.6838396936655045e-02 8716800. -1.
    6.1852535247802734e+01 6.9171493530273438e+01 2.8713304996490479e+00
    1.9778680419921875e+02 3.2475080341100693e-02 525311. -1.
    6.4833656311035156e+01 3.2627216339111328e+01 4.8458437919616699e+00
    1.3861099243164063e+02 5.0961095839738846e-02 4915712. -1.
    6.7545944213867188e+01 3.8987770080566406e+01 6.5384936332702637e+00
    1.2755966186523438e+02 4.9370098859071732e-02 9896704. -1.
    7.2135093688964844e+01 6.6202468872070313e+01 4.0289525985717773e+00
    1.9895831298828125e+02 6.1906382441520691e-02 8323328. -1.
    7.2135093688964844e+01 6.6202468872070313e+01 4.0289525985717773e+00
    3.0662033081054688e+02 6.1906382441520691e-02 8323328. -1.
    7.6621246337890625e+01 4.5135723114013672e+01 6.9218306541442871e+00
    1.2357162475585938e+02 5.8480687439441681e-02 14025472. -1.
    7.6621246337890625e+01 4.5135723114013672e+01 6.9218306541442871e+00
    2.0247195434570313e+02 5.8480687439441681e-02 14025472. -1.</data></keypoints>
