<?xml version="1.0"?>
<opencv_storage>
<keypoints type_id="opencv-matrix">
  <rows>20</rows>
  <cols>7</cols>
  <dt>d</dt>
  <data>
    1.2334042549133301e+01 3.0343358993530273e+01 4.9932723045349121e+00
    2.3460968017578125e+01 7.6915010809898376e-02 7143936. -1.
    1.2334042549133301e+01 3.0343358993530273e+01 4.9932723045349121e+00
    3.4031469726562500e+02 7.6915010809898376e-02 7143936. -1.
    1.2774763107299805e+01 3.0457107543945313e+01 5.8032698631286621e+00
    2.2527038574218750e+01 7.7058859169483185e-02 1245952. -1.
    1.2774763107299805e+01 3.0457107543945313e+01 5.8032698631286621e+00
    3.4041241455078125e+02 7.7058859169483185e-02 1245952. -1.
    2.2938884735107422e+01 1.8145709991455078e+01 1.8374370336532593e+00
    5.0779418945312500e+01 5.8207437396049500e-02 1638911. -1.
    2.2938884735107422e+01 1.8145709991455078e+01 1.8374370336532593e+00
    2.3263369750976563e+02 5.8207437396049500e-02 1638911. -1.
    2.6444627761840820e+01 4.4532424926757813e+01 2.2960441112518311e+00
    1.0558117675781250e+02 5.6050624698400497e-02 1049343. -1.
    3.0379217147827148e+01 2.4693992614746094e+01 1.9731138229370117e+01
    4.6869934082031250e+01 8.3248950541019440e-02 6226434. -1.
    3.0379217147827148e+01 2.4693992614746094e+01 1.9731138229370117e+01
    1.2949501037597656e+02 8.3248950541019440e-02 6226434. -1.
    3.0601978302001953e+01 4.4818500518798828e+01 1.1060889244079590e+01
    2.3745678710937500e+02 5.5744677782058716e-02 14483969. -1.
    3.0601978302001953e+01 4.4818500518798828e+01 1.1060889244079590e+01
    3.0610360717773438e+02 5.5744677782058716e-02 14483969. -1.
    3.0789756774902344e+01 1.0701318740844727e+01 2.7860925197601318e+00
    7.1537719726562500e+01 7.5586885213851929e-02 15074047. -1.
    3.0789756774902344e+01 1.0701318740844727e+01 2.7860925197601318e+00
    1.1242163085937500e+02 7.5586885213851929e-02 15074047. -1.
    3.0796642303466797e+01 4.9567871093750000e+01 3.8903720378875732e+00
    2.4718009948730469e+02 7.7522054314613342e-02 5767424. -1.
    3.0796642303466797e+01 4.9567871093750000e+01 3.8903720378875732e+00
    2.8853811645507813e+02 7.7522054314613342e-02 5767424. -1.
    3.5079959869384766e+01 4.4512062072753906e+01 2.3012084960937500e+00
    7.4383361816406250e+01 5.6038886308670044e-02 1245951. -1.
    3.8336303710937500e+01 1.7979877471923828e+01 1.8341811895370483e+00
    1.2887788391113281e+02 5.8061961084604263e-02 1507839. -1.
    3.8336303710937500e+01 1.7979877471923828e+01 1.8341811895370483e+00
    3.0874865722656250e+02 5.8061961084604263e-02 1507839. -1.
    4.8839584350585938e+01 3.0361202239990234e+01 5.6204929351806641e+00
    1.5427621459960938e+02 7.6834022998809814e-02 15663616. -1.
    4.8839584350585938e+01 3.0361202239990234e+01 5.6204929351806641e+00
    2.0288690185546875e+02 7.6834022998809814e-02 15663616. -1.</data></keypoints>
<descriptors type_id="opencv-matrix">
  <rows>20</rows>
  <cols>128</cols>
  <dt>f</dt>
  <data>
    17. 0. 0. 0. 0. 0. 0. 3. 139. 3. 1. 0. 1. 1. 1. 69. 82. 78. 35. 6.
    10. 5. 1. 35. 19. 117. 28. 1. 2. 0. 1. 7. 35. 2. 0. 0. 0. 0. 0. 2.
    139. 30. 1. 0. 3. 8. 3. 45. 55. 40. 29. 12. 99. 97. 5. 18. 37. 139.
    37. 6. 26. 36. 4. 1. 15. 9. 0. 0. 0. 0. 0. 0. 122. 139. 11. 0. 1. 1.
    0. 2. 21. 139. 46. 2. 37. 81. 3. 1. 35. 53. 11. 0. 12. 106. 55. 11.
    0. 1. 0. 0. 0. 0. 0. 0. 1. 57. 5. 0. 0. 0. 0. 0. 0. 139. 58. 0. 0.
    2. 0. 0. 1. 103. 121. 0. 0. 9. 12. 1. 0. 0. 0. 0. 0. 0. 0. 1. 0. 0.
    0. 0. 0. 0. 3. 52. 2. 1. 0. 0. 0. 0. 43. 137. 10. 2. 0. 0. 0. 0.
    114. 120. 14. 0. 0. 0. 0. 0. 0. 9. 95. 1. 0. 1. 1. 0. 9. 137. 19.
    11. 5. 34. 40. 6. 41. 137. 106. 54. 7. 15. 8. 1. 11. 43. 36. 3. 0.
    0. 0. 0. 0. 2. 137. 48. 1. 5. 7. 0. 1. 41. 63. 23. 6. 81. 137. 8. 3.
    19. 137. 54. 7. 24. 27. 3. 1. 18. 16. 4. 0. 0. 0. 0. 0. 0. 137. 83.
    0. 1. 4. 1. 0. 0. 61. 37. 0. 5. 85. 52. 8. 14. 137. 2. 1. 5. 15. 17.
    9. 72. 19. 0. 0. 0. 0. 0. 0. 7. 136. 4. 1. 0. 0. 0. 0. 104. 112. 75.
    18. 2. 1. 0. 1. 88. 17. 59. 8. 3. 23. 7. 11. 19. 49. 2. 0. 0. 0. 0.
    0. 5. 136. 28. 1. 1. 5. 6. 2. 56. 47. 100. 49. 16. 63. 48. 3. 16.
    45. 136. 24. 5. 22. 10. 1. 1. 23. 13. 0. 0. 0. 0. 0. 0. 127. 136.
    11. 0. 2. 2. 0. 3. 18. 136. 43. 3. 38. 73. 12. 3. 71. 86. 17. 1. 5.
    33. 30. 20. 0. 2. 0. 0. 0. 0. 0. 0. 1. 76. 8. 0. 0. 0. 0. 0. 0. 136.
    81. 0. 0. 1. 1. 0. 3. 79. 136. 0. 0. 2. 5. 3. 0. 0. 0. 0. 0. 0. 0.
    2. 1. 0. 0. 0. 0. 0. 6. 69. 3. 0. 0. 0. 0. 0. 67. 137. 4. 0. 0. 0.
    0. 0. 137. 102. 21. 0. 0. 0. 0. 0. 0. 15. 104. 1. 0. 1. 2. 1. 13.
    137. 42. 24. 8. 26. 21. 3. 41. 137. 111. 35. 3. 3. 1. 1. 41. 70. 52.
    6. 0. 0. 0. 0. 0. 3. 137. 54. 1. 8. 14. 1. 1. 38. 93. 34. 9. 60.
    104. 14. 5. 24. 137. 39. 5. 20. 6. 1. 1. 24. 20. 8. 0. 0. 0. 0. 0.
    0. 137. 114. 0. 0. 4. 2. 0. 0. 74. 54. 0. 1. 29. 33. 17. 37. 100. 6.
    6. 38. 22. 3. 5. 47. 134. 0. 0. 0. 5. 3. 1. 101. 53. 4. 0. 5. 79.
    14. 2. 27. 122. 17. 0. 1. 7. 0. 0. 25. 13. 2. 0. 0. 0. 0. 0. 5. 134.
    0. 0. 0. 14. 4. 1. 79. 42. 12. 1. 8. 134. 17. 1. 11. 134. 57. 1. 3.
    18. 0. 0. 4. 29. 7. 0. 0. 0. 0. 0. 1. 134. 7. 0. 5. 21. 0. 0. 20.
    42. 3. 1. 30. 134. 1. 0. 10. 134. 10. 1. 2. 18. 0. 0. 45. 29. 3. 5.
    0. 0. 0. 0. 6. 134. 41. 0. 5. 23. 0. 0. 0. 27. 27. 9. 41. 134. 2. 0.
    1. 69. 96. 83. 7. 7. 0. 0. 8. 4. 17. 134. 1. 0. 0. 0. 1. 0. 0. 0. 1.
    5. 13. 136. 2. 11. 0. 0. 6. 67. 95. 84. 8. 136. 2. 0. 1. 26. 24. 8.
    34. 19. 0. 0. 0. 136. 50. 0. 4. 0. 0. 0. 5. 30. 3. 7. 0. 20. 1. 0.
    38. 136. 12. 1. 2. 136. 2. 0. 8. 42. 4. 1. 22. 20. 0. 0. 15. 136.
    10. 0. 4. 0. 0. 0. 1. 28. 8. 0. 0. 17. 0. 0. 3. 136. 65. 1. 2. 136.
    22. 1. 9. 41. 14. 1. 5. 14. 5. 1. 67. 136. 0. 0. 0. 0. 0. 0. 3. 11.
    2. 0. 0. 5. 0. 0. 20. 120. 21. 0. 0. 76. 16. 1. 22. 55. 5. 0. 4. 6.
    4. 1. 90. 136. 0. 0. 0. 0. 0. 0. 0. 9. 39. 65. 13. 27. 17. 0. 2. 59.
    89. 11. 1. 99. 54. 0. 5. 16. 15. 2. 1. 5. 3. 0. 34. 125. 53. 1. 0.
    0. 0. 34. 48. 16. 4. 2. 0. 20. 8. 14. 99. 122. 11. 0. 1. 125. 40. 2.
    25. 39. 1. 0. 2. 11. 4. 1. 95. 125. 0. 0. 0. 15. 12. 125. 115. 1. 0.
    0. 4. 44. 11. 53. 74. 13. 1. 10. 34. 125. 4. 0. 21. 52. 0. 3. 43. 7.
    0. 0. 71. 125. 0. 0. 1. 55. 9. 36. 21. 0. 0. 0. 81. 62. 3. 2. 0. 0.
    0. 5. 76. 51. 0. 0. 48. 64. 0. 2. 46. 1. 0. 0. 88. 125. 0. 0. 0. 0.
    0. 0. 0. 0. 0. 0. 0. 0. 0. 0. 0. 0. 0. 18. 4. 0. 0. 0. 0. 0. 0. 17.
    5. 0. 0. 0. 0. 0. 0. 0. 0. 25. 3. 0. 0. 0. 0. 0. 2. 142. 22. 2. 1.
    3. 16. 142. 142. 12. 6. 3. 10. 109. 117. 142. 66. 0. 0. 0. 2. 32. 6.
    0. 0. 53. 9. 0. 0. 0. 0. 0. 2. 142. 142. 130. 11. 5. 9. 19. 59. 21.
    88. 142. 106. 142. 69. 27. 16. 0. 0. 0. 6. 63. 10. 0. 0. 1. 0. 0. 0.
    0. 0. 0. 0. 4. 38. 64. 1. 0. 0. 0. 0. 0. 25. 88. 7. 1. 0. 0. 0. 0.
    0. 0. 0. 0. 0. 0. 0. 0. 0. 0. 0. 0. 0. 0. 0. 0. 0. 0. 0. 0. 4. 22.
    3. 0. 0. 0. 0. 0. 10. 64. 5. 0. 0. 0. 0. 0. 0. 1. 0. 21. 2. 0. 0. 0.
    0. 0. 1. 143. 50. 11. 5. 2. 13. 94. 122. 28. 15. 20. 89. 143. 122.
    143. 65. 0. 0. 0. 32. 64. 8. 3. 0. 17. 2. 0. 0. 0. 0. 0. 1. 143.
    143. 143. 18. 2. 1. 3. 22. 21. 69. 143. 143. 128. 13. 6. 11. 0. 0.
    2. 53. 64. 0. 0. 0. 0. 0. 0. 0. 0. 0. 0. 0. 0. 5. 33. 1. 0. 0. 0. 0.
    0. 6. 55. 6. 0. 0. 0. 0. 0. 0. 0. 0. 0. 0. 0. 0. 0. 0. 0. 0. 0. 0.
    0. 0. 0. 0. 0. 0. 0. 0. 16. 13. 0. 0. 0. 0. 0. 4. 85. 19. 0. 0. 0.
    0. 0. 20. 33. 0. 9. 0. 0. 0. 0. 0. 0. 2. 75. 4. 0. 0. 0. 2. 69. 130.
    8. 3. 0. 0. 0. 48. 130. 88. 0. 0. 0. 0. 45. 130. 94. 3. 43. 8. 0. 0.
    0. 0. 0. 1. 130. 105. 5. 0. 0. 1. 7. 41. 62. 124. 18. 6. 3. 35. 85.
    22. 4. 10. 13. 60. 130. 101. 53. 3. 10. 6. 0. 0. 0. 0. 0. 0. 71.
    115. 22. 0. 0. 0. 0. 0. 26. 105. 130. 27. 1. 0. 0. 0. 2. 11. 100.
    130. 41. 1. 0. 0. 9. 0. 0. 0. 0. 0. 0. 7. 65. 0. 0. 0. 0. 0. 27.
    128. 27. 0. 0. 0. 1. 23. 128. 111. 2. 0. 0. 1. 38. 128. 105. 10. 41.
    1. 0. 0. 0. 0. 0. 7. 128. 33. 4. 1. 0. 0. 4. 100. 80. 16. 71. 36. 3.
    6. 19. 123. 6. 2. 50. 95. 128. 63. 14. 10. 10. 2. 0. 0. 0. 0. 0. 0.
    91. 128. 60. 1. 0. 0. 0. 5. 13. 84. 128. 50. 0. 0. 0. 5. 0. 2. 94.
