<?xml version="1.0"?>
<opencv_storage>
<keypoints type_id="opencv-matrix">
  <rows>27</rows>
  <cols>7</cols>
  <dt>d</dt>
  <data>
    11.473678588867188 24.681497573852539 1.9174747467041016
    339.93002319335938 0.050553597509860992 4719103. -1.
    15.531970024108887 24.07432746887207 3.7819211483001709
    41.17376708984375 0.080775141716003418 3735808. -1.
    15.531970024108887 24.07432746887207 3.7819211483001709
    336.13275146484375 0.080775141716003418 3735808. -1.
    18.114950180053711 14.222634315490723 3.348585844039917
    150.08903503417969 0.090048111975193024 11666431. -1.
    19.922134399414063 33.211994171142578 2.4314875602722168
    134.10459899902344 0.082386136054992676 5178111. -1.
    22.565446853637695 14.599715232849121 2.3288211822509766
    66.16632080078125 0.082467801868915558 2097919. -1.
    22.565446853637695 14.599715232849121 2.3288211822509766
    159.72433471679688 0.082467801868915558 2097919. -1.
    23.014633178710938 25.770074844360352 3.1718261241912842
    118.98863220214844 0.086570486426353455 7734271. -1.
    23.014633178710938 25.770074844360352 3.1718261241912842
    287.8809814453125 0.086570486426353455 7734271. -1.
    23.142278671264648 36.427158355712891 3.227243185043335
    240.37918090820313 0.084990069270133972 8979455. -1.
    23.789150238037109 23.388637542724609 16.405479431152344
    103.08599853515625 0.040224384516477585 9568514. -1.
    23.789150238037109 23.388637542724609 16.405479431152344
    334.79299926757813 0.040224384516477585 9568514. -1.
    24.285665512084961 31.303249359130859 3.6928791999816895
    292.97711181640625 0.09859514981508255 2031872. -1.
    25.713212966918945 39.132919311523438 2.523531436920166
    240.0499267578125 0.059519242495298386 7865087. -1.
    26.033737182617188 21.655261993408203 3.8545043468475342
    115.33425903320313 0.10408053547143936 5112064. -1.
    26.47504997253418 35.204841613769531 2.3136289119720459
    81.34320068359375 0.084636375308036804 1639167. -1.
    26.47504997253418 35.204841613769531 2.3136289119720459
    237.04933166503906 0.084636375308036804 1639167. -1.
    27.508466720581055 27.341339111328125 3.1424446105957031
    107.93307495117188 0.086159899830818176 7013375. -1.
    27.508466720581055 27.341339111328125 3.1424446105957031
    298.114990234375 0.086159899830818176 7013375. -1. 30.31226921081543
    19.471405029296875 2.4645960330963135 315.83218383789063
    0.074705243110656738 6161151. -1. 31.902315139770508
    31.322452545166016 2.7187337875366211 242.8045654296875
    0.06794806569814682 13304575. -1. 32.87060546875 17.526081085205078
    2.1207005977630615 41.762542724609375 0.088525034487247467 11993599.
    -1. 32.87060546875 17.526081085205078 2.1207005977630615
    143.33183288574219 0.088525034487247467 11993599. -1.
    32.920322418212891 21.355373382568359 3.0014393329620361
    320.69979858398438 0.063964731991291046 3736575. -1.
    34.959064483642578 28.446052551269531 3.4393653869628906
    156.71783447265625 0.085450559854507446 13566975. -1.
    37.102863311767578 19.226346969604492 3.4796111583709717
    59.09912109375 0.093623273074626923 14418943. -1. 37.102863311767578
    19.226346969604492 3.4796111583709717 240.22232055664063
    0.093623273074626923 14418943. -1.</data></keypoints>
<descriptors type_id="opencv-matrix">
  <rows>27</rows>
  <cols>128</cols>
  <dt>f</dt>
  <data>
    0. 0. 0. 1. 0. 0. 0. 0. 1. 1. 6. 5. 0. 0. 0. 1. 5. 2. 2. 2. 1. 2.
    26. 23. 5. 9. 6. 8. 3. 6. 97. 26. 0. 0. 0. 5. 8. 1. 0. 0. 47. 9. 17.
    31. 27. 6. 0. 6. 160. 11. 6. 2. 1. 1. 71. 160. 17. 0. 1. 2. 0. 2.
    160. 148. 0. 0. 0. 0. 7. 4. 0. 0. 71. 6. 0. 3. 38. 42. 2. 6. 160.
    81. 1. 1. 2. 6. 4. 44. 86. 21. 20. 92. 5. 0. 20. 28. 0. 0. 0. 0. 1.
    1. 0. 0. 18. 4. 0. 0. 18. 16. 1. 1. 160. 112. 2. 5. 7. 4. 1. 1. 70.
    43. 15. 160. 96. 1. 0. 0. 74. 72. 7. 0. 0. 1. 16. 39. 33. 86. 16. 2.
    17. 27. 108. 40. 9. 5. 22. 79. 97. 60. 63. 30. 10. 27. 65. 27. 7. 8.
    85. 73. 40. 76. 9. 0. 0. 0. 0. 1. 117. 117. 17. 4. 17. 10. 2. 23.
    28. 12. 40. 57. 98. 68. 49. 14. 2. 4. 117. 100. 8. 13. 75. 38. 17.
    20. 3. 1. 1. 1. 0. 0. 84. 117. 77. 6. 5. 1. 1. 4. 7. 84. 117. 57.
    65. 16. 9. 2. 5. 30. 55. 39. 14. 31. 107. 27. 0. 1. 0. 0. 1. 2. 1.
    0. 1. 24. 15. 0. 0. 2. 3. 1. 1. 55. 58. 0. 0. 0. 1. 1. 2. 58. 87. 2.
    0. 0. 6. 3. 1. 0. 0. 1. 0. 0. 0. 1. 18. 0. 0. 0. 0. 0. 13. 37. 115.
    0. 0. 0. 6. 13. 35. 117. 14. 0. 1. 4. 90. 105. 44. 19. 23. 1. 0. 3.
    3. 1. 0. 10. 117. 8. 5. 2. 0. 0. 58. 117. 58. 3. 20. 46. 21. 6. 91.
    117. 12. 25. 67. 72. 51. 54. 33. 8. 42. 3. 0. 0. 2. 2. 1. 5. 117.
    71. 39. 19. 5. 1. 3. 28. 23. 95. 102. 63. 35. 23. 7. 10. 16. 54. 36.
    40. 74. 117. 11. 3. 27. 2. 0. 0. 0. 0. 0. 1. 117. 20. 4. 6. 20. 21.
    1. 7. 23. 109. 31. 16. 59. 74. 9. 6. 43. 115. 7. 0. 8. 71. 16. 8.
    75. 73. 66. 2. 22. 79. 23. 4. 42. 44. 39. 3. 11. 88. 117. 49. 45.
    19. 55. 32. 14. 6. 60. 89. 1. 1. 72. 73. 85. 13. 34. 25. 30. 93.
    117. 4. 6. 10. 17. 17. 117. 117. 82. 12. 20. 6. 17. 33. 30. 12. 74.
    116. 117. 9. 6. 10. 0. 1. 117. 74. 34. 1. 0. 0. 17. 7. 1. 0. 1. 8.
    31. 20. 94. 117. 81. 22. 4. 0. 2. 16. 7. 20. 81. 117. 70. 1. 0. 1.
    0. 0. 1. 13. 15. 0. 0. 0. 0. 1. 0. 0. 0. 0. 1. 0. 0. 8. 13. 1. 0. 0.
    0. 0. 0. 1. 12. 8. 0. 0. 0. 0. 0. 0. 0. 1. 0. 0. 0. 0. 3. 72. 50.
    29. 45. 13. 20. 2. 26. 125. 19. 1. 2. 37. 92. 5. 8. 12. 1. 6. 74.
    106. 73. 2. 1. 0. 0. 2. 32. 18. 4. 1. 17. 30. 14. 8. 125. 102. 4. 3.
    125. 110. 9. 5. 9. 11. 3. 14. 56. 16. 2. 62. 125. 7. 0. 2. 0. 0. 0.
    16. 58. 1. 0. 0. 14. 2. 1. 20. 107. 125. 5. 7. 125. 11. 2. 16. 41.
    30. 5. 44. 42. 7. 2. 95. 125. 0. 0. 3. 0. 0. 0. 13. 25. 0. 0. 0. 5.
    4. 3. 43. 63. 24. 55. 26. 37. 0. 0. 22. 71. 11. 44. 105. 6. 1. 1.
    67. 93. 1. 1. 4. 1. 1. 0. 4. 2. 0. 0. 0. 0. 0. 1. 11. 26. 6. 0. 0.
    61. 5. 14. 22. 24. 9. 0. 13. 129. 5. 3. 3. 2. 1. 45. 127. 6. 0. 18.
    43. 12. 3. 103. 47. 0. 0. 0. 0. 16. 20. 12. 10. 84. 4. 0. 0. 22. 59.
    61. 22. 129. 29. 1. 13. 22. 2. 13. 38. 18. 4. 19. 129. 129. 2. 2. 3.
    56. 4. 0. 0. 0. 3. 29. 91. 26. 5. 3. 2. 1. 41. 129. 83. 81. 5. 7. 8.
    45. 18. 88. 97. 7. 1. 1. 26. 129. 51. 36. 19. 72. 72. 9. 0. 0. 0. 1.
    15. 24. 65. 110. 33. 1. 5. 21. 14. 24. 58. 85. 28. 11. 12. 15. 7.
    16. 12. 2. 2. 30. 64. 44. 11. 76. 45. 5. 1. 23. 62. 19. 3. 2. 3. 14.
    5. 14. 117. 129. 3. 40. 22. 7. 1. 1. 11. 129. 66. 39. 8. 23. 22. 4.
    1. 22. 57. 46. 125. 129. 10. 2. 4. 5. 1. 12. 32. 129. 51. 1. 13. 30.
    1. 94. 99. 80. 7. 8. 6. 40. 16. 15. 6. 19. 54. 98. 42. 7. 9. 0. 16.
    78. 8. 14. 21. 19. 8. 60. 21. 95. 10. 0. 0. 18. 56. 129. 94. 29. 4.
    2. 2. 1. 28. 22. 19. 32. 72. 98. 34. 1. 4. 0. 0. 0. 0. 1. 14. 27. 7.
    10. 7. 0. 0. 0. 0. 18. 25. 24. 83. 51. 3. 0. 0. 0. 3. 1. 16. 74. 64.
    7. 0. 0. 0. 20. 15. 22. 71. 51. 12. 15. 13. 74. 38. 41. 25. 33. 6.
    3. 34. 12. 37. 24. 69. 104. 21. 6. 5. 46. 55. 8. 4. 6. 60. 42. 5.
    43. 25. 4. 68. 119. 34. 3. 9. 119. 69. 3. 12. 59. 17. 3. 22. 44. 16.
    4. 20. 119. 79. 5. 22. 119. 31. 3. 29. 23. 11. 4. 46. 27. 31. 7. 3.
    49. 119. 43. 21. 119. 10. 4. 17. 21. 41. 63. 77. 21. 3. 3. 41. 106.
    56. 69. 38. 41. 2. 3. 82. 33. 6. 14. 44. 47. 22. 12. 29. 9. 12. 17.
    48. 4. 52. 71. 28. 6. 15. 43. 21. 0. 22. 41. 80. 37. 29. 60. 5. 1.
    0. 1. 92. 45. 3. 7. 3. 11. 2. 4. 4. 1. 0. 6. 95. 32. 41. 48. 5. 0.
    8. 23. 113. 4. 27. 35. 7. 2. 96. 56. 17. 6. 7. 12. 29. 14. 19. 38.
    65. 11. 4. 9. 71. 47. 2. 9. 85. 109. 49. 52. 45. 16. 2. 4. 60. 23.
    49. 65. 84. 77. 7. 7. 26. 37. 111. 45. 35. 30. 27. 3. 2. 21. 16. 6.
    61. 119. 35. 5. 20. 119. 30. 4. 23. 38. 12. 5. 55. 42. 11. 5. 61.
    119. 27. 4. 22. 119. 53. 6. 20. 29. 11. 3. 71. 11. 71. 18. 3. 32.
    37. 13. 17. 75. 15. 4. 16. 15. 25. 24. 82. 16. 2. 4. 45. 88. 35. 38.
    42. 43. 10. 5. 8. 22. 20. 11. 100. 0. 0. 1. 0. 0. 0. 0. 0. 1. 0. 0.
    0. 0. 0. 12. 12. 0. 0. 0. 0. 0. 0. 59. 9. 0. 0. 0. 0. 0. 6. 49. 1.
    10. 5. 6. 14. 10. 0. 0. 1. 129. 13. 6. 10. 2. 0. 48. 108. 14. 1. 42.
