<?xml version="1.0"?>
<opencv_storage>
<keypoints type_id="opencv-matrix">
  <rows>27</rows>
  <cols>7</cols>
  <dt>d</dt>
  <data>
    1.0884965896606445e+01 2.4631362915039063e+01 2.1675622463226318e+00
    3.1340423583984375e+02 4.7563564032316208e-02 13631999. -1.
    1.2198464393615723e+01 2.1492488861083984e+01 2.1359262466430664e+00
    3.2192019653320313e+02 5.9898212552070618e-02 12517887. -1.
    1.3459242820739746e+01 2.7142812728881836e+01 2.7148194313049316e+00
    3.0978298950195313e+02 5.6900519877672195e-02 13173503. -1.
    1.7124328613281250e+01 1.9363740921020508e+01 1.9970391988754272e+00
    2.4297842407226563e+02 8.8204927742481232e-02 7668223. -1.
    1.7124328613281250e+01 1.9363740921020508e+01 1.9970391988754272e+00
    2.7709783935546875e+02 8.8204927742481232e-02 7668223. -1.
    1.7124328613281250e+01 1.9363740921020508e+01 1.9970391988754272e+00
    3.0527783203125000e+02 8.8204927742481232e-02 7668223. -1.
    1.8203903198242188e+01 3.2834144592285156e+01 4.9449381828308105e+00
    5.0880126953125000e+00 8.1773735582828522e-02 6423040. -1.
    2.0354043960571289e+01 1.5092658042907715e+01 2.0852382183074951e+00
    1.2838645935058594e+02 6.4829796552658081e-02 10813951. -1.
    2.3967683792114258e+01 1.9273843765258789e+01 3.3278763294219971e+00
    8.7346862792968750e+01 5.3266514092683792e-02 11207679. -1.
    2.3967683792114258e+01 1.9273843765258789e+01 3.3278763294219971e+00
    3.5995822143554688e+02 5.3266514092683792e-02 11207679. -1.
    2.3968109130859375e+01 2.3677362442016602e+01 2.0369293689727783e+00
    8.9646209716796875e+01 7.1088865399360657e-02 9110015. -1.
    2.3968109130859375e+01 2.3677362442016602e+01 2.0369293689727783e+00
    2.1946481323242188e+02 7.1088865399360657e-02 9110015. -1.
    2.3968109130859375e+01 2.3677362442016602e+01 2.0369293689727783e+00
    3.1842614746093750e+02 7.1088865399360657e-02 9110015. -1.
    2.4472873687744141e+01 3.1450330734252930e+01 3.2611045837402344e+00
    1.3315490722656250e+01 1.0519379377365112e-01 9700351. -1.
    2.4472873687744141e+01 3.1450330734252930e+01 3.2611045837402344e+00
    1.7122137451171875e+02 1.0519379377365112e-01 9700351. -1.
    2.4473991394042969e+01 3.5558681488037109e+01 2.0224502086639404e+00
    2.6988226318359375e+02 6.4185291528701782e-02 8585727. -1.
    2.5343887329101563e+01 3.9255203247070313e+01 3.5661513805389404e+00
    2.7151473999023438e+02 5.6509457528591156e-02 16188415. -1.
    2.7066780090332031e+01 2.8293607711791992e+01 1.8021802902221680e+00
    3.0901953125000000e+02 5.2022773772478104e-02 262655. -1.
    2.7689346313476563e+01 1.9496236801147461e+01 1.8918126821517944e+00
    1.7995635986328125e+02 5.3403481841087341e-02 3736063. -1.
    3.0381647109985352e+01 1.4135900497436523e+01 2.0271084308624268e+00
    1.0222018432617188e+02 6.2136784195899963e-02 8782335. -1.
    3.0616331100463867e+01 1.9359214782714844e+01 1.9510072469711304e+00
    2.6632910156250000e+02 8.4353551268577576e-02 5964287. -1.
    3.0616331100463867e+01 1.9359214782714844e+01 1.9510072469711304e+00
    3.4238812255859375e+02 8.4353551268577576e-02 5964287. -1.
    3.0666963577270508e+01 3.2354614257812500e+01 4.9644007682800293e+00
    2.4156311035156250e+02 7.1933947503566742e-02 6685184. -1.
    3.2548851013183594e+01 1.7029262542724609e+01 1.8212336301803589e+00
    2.8300430297851563e+02 5.7959459722042084e-02 983551. -1.
    3.2548851013183594e+01 1.7029262542724609e+01 1.8212336301803589e+00
    3.3151495361328125e+02 5.7959459722042084e-02 983551. -1.
    3.3953849792480469e+01 3.0936140060424805e+01 2.6715028285980225e+00
    1.0702908325195313e+02 5.0779469311237335e-02 11993855. -1.
    3.3953849792480469e+01 3.0936140060424805e+01 2.6715028285980225e+00
    2.2810723876953125e+02 5.0779469311237335e-02 11993855. -1.</data></keypoints>
<descriptors type_id="opencv-matrix">
  <rows>27</rows>
  <cols>128</cols>
  <dt>f</dt>
  <data>
    0. 0. 0. 1. 0. 0. 0. 0. 3. 2. 5. 5. 0. 0. 0. 2. 16. 2. 2. 0. 0. 0.
    11. 102. 1. 1. 12. 13. 3. 1. 87. 111. 0. 0. 0. 5. 8. 0. 0. 0. 49.
    15. 18. 44. 38. 0. 0. 4. 138. 16. 7. 14. 25. 1. 3. 138. 28. 2. 21.
    95. 86. 1. 16. 73. 0. 0. 0. 3. 22. 0. 0. 0. 93. 11. 1. 19. 115. 3.
    2. 6. 138. 58. 0. 6. 54. 12. 1. 23. 52. 41. 6. 19. 138. 67. 6. 13.
    0. 0. 0. 2. 12. 4. 7. 12. 19. 2. 0. 4. 37. 16. 98. 124. 138. 75. 1.
    0. 6. 40. 92. 69. 19. 70. 14. 0. 20. 105. 35. 0. 0. 0. 0. 0. 0. 0.
    0. 0. 4. 0. 0. 0. 0. 0. 4. 45. 2. 0. 5. 3. 0. 0. 71. 123. 1. 4. 30.
    3. 0. 6. 127. 44. 7. 6. 9. 15. 4. 0. 0. 1. 127. 13. 5. 4. 6. 0. 3.
    127. 33. 0. 23. 79. 71. 3. 26. 127. 8. 13. 112. 32. 8. 17. 45. 39.
    22. 12. 6. 20. 59. 3. 0. 0. 127. 68. 4. 7. 29. 4. 0. 16. 86. 27. 2.
    26. 127. 45. 1. 18. 51. 63. 39. 26. 33. 31. 29. 40. 9. 3. 0. 1. 62.
    10. 5. 7. 127. 99. 0. 0. 17. 6. 18. 38. 57. 90. 6. 0. 44. 108. 20.
    3. 2. 29. 36. 9. 6. 59. 99. 13. 0. 0. 0. 1. 2. 0. 0. 0. 22. 7. 8.
    23. 14. 0. 0. 3. 116. 8. 4. 11. 10. 1. 12. 116. 7. 5. 25. 35. 17. 4.
    47. 56. 0. 0. 0. 2. 9. 1. 0. 0. 74. 5. 1. 23. 70. 5. 11. 14. 132.
    20. 1. 12. 53. 13. 5. 45. 36. 31. 14. 27. 74. 39. 14. 19. 1. 0. 0.
    1. 4. 2. 14. 55. 17. 0. 0. 2. 18. 17. 132. 132. 119. 36. 1. 0. 9.
    81. 132. 83. 11. 37. 25. 4. 14. 88. 63. 4. 85. 16. 0. 0. 0. 0. 6.
    132. 32. 14. 2. 21. 5. 8. 62. 132. 1. 9. 44. 71. 18. 105. 57. 17. 1.
    26. 47. 9. 11. 85. 27. 1. 5. 0. 4. 27. 9. 15. 57. 106. 0. 1. 86. 64.
    1. 1. 78. 55. 4. 30. 97. 8. 2. 46. 53. 4. 6. 16. 5. 1. 20. 106. 9.
    0. 33. 1. 4. 79. 94. 4. 1. 38. 52. 10. 45. 80. 30. 11. 35. 79. 38.
    40. 39. 15. 37. 67. 49. 20. 88. 40. 2. 1. 55. 55. 1. 2. 40. 25. 1.
    6. 106. 68. 3. 2. 65. 72. 40. 14. 36. 62. 26. 22. 33. 19. 46. 82.
    45. 16. 28. 57. 97. 5. 0. 26. 68. 4. 3. 55. 54. 20. 1. 1. 8. 46. 22.
    37. 1. 5. 11. 15. 10. 102. 106. 9. 1. 1. 45. 48. 1. 5. 90. 80. 5. 1.
    28. 106. 15. 0. 6. 34. 32. 1. 2. 25. 3. 0. 11. 110. 0. 3. 48. 87. 3.
    5. 58. 42. 2. 68. 46. 10. 1. 43. 60. 2. 3. 24. 1. 0. 9. 110. 27. 1.
    56. 1. 1. 77. 80. 3. 0. 67. 58. 16. 19. 94. 29. 10. 37. 62. 22. 75.
    17. 15. 48. 62. 49. 21. 71. 80. 1. 3. 41. 56. 1. 5. 47. 20. 0. 8.
    98. 74. 1. 4. 62. 80. 38. 14. 36. 78. 24. 13. 29. 24. 52. 73. 50.
    15. 22. 62. 87. 7. 0. 40. 53. 2. 1. 77. 13. 70. 18. 2. 16. 52. 3. 0.
    10. 36. 14. 1. 3. 88. 102. 9. 6. 2. 7. 12. 16. 12. 110. 80. 7. 0. 0.
    110. 60. 8. 7. 36. 27. 0. 1. 20. 9. 1. 27. 104. 0. 10. 61. 51. 9. 2.
    68. 34. 2. 63. 73. 1. 0. 32. 76. 4. 3. 30. 6. 0. 14. 104. 40. 0. 85.
    2. 1. 54. 93. 3. 1. 44. 51. 22. 23. 61. 45. 12. 36. 67. 28. 57. 37.
    14. 50. 76. 42. 19. 100. 64. 5. 2. 58. 34. 1. 2. 83. 26. 1. 6. 100.
    62. 2. 4. 45. 90. 42. 12. 44. 76. 31. 11. 31. 24. 59. 72. 46. 17.
    29. 58. 104. 3. 0. 16. 65. 8. 5. 71. 23. 72. 6. 0. 5. 62. 11. 1. 0.
    28. 38. 1. 3. 89. 96. 3. 8. 19. 26. 2. 0. 8. 104. 95. 9. 7. 2. 6.
    30. 44. 22. 62. 61. 75. 4. 1. 1. 0. 0. 9. 85. 85. 2. 0. 0. 1. 8. 44.
    39. 13. 9. 7. 12. 11. 28. 40. 4. 3. 3. 9. 39. 54. 21. 5. 39. 34. 4.
    1. 3. 6. 2. 10. 139. 97. 9. 4. 12. 8. 10. 95. 71. 37. 31. 59. 138.
    31. 19. 43. 92. 50. 49. 52. 23. 48. 29. 19. 24. 12. 0. 0. 0. 1. 1.
    3. 138. 139. 108. 18. 5. 1. 0. 8. 23. 60. 139. 139. 61. 9. 2. 3. 27.
    65. 139. 83. 6. 2. 2. 5. 0. 2. 0. 0. 0. 0. 0. 0. 0. 17. 25. 4. 1. 0.
    0. 0. 0. 3. 35. 28. 8. 13. 12. 2. 5. 9. 17. 4. 1. 3. 15. 14. 1. 76.
    128. 4. 1. 9. 15. 0. 44. 112. 123. 1. 0. 2. 24. 18. 23. 46. 26. 85.
    14. 19. 6. 10. 0. 9. 87. 63. 6. 17. 32. 3. 26. 33. 74. 10. 15. 10.
    17. 10. 128. 66. 33. 2. 9. 1. 2. 39. 80. 15. 9. 99. 128. 6. 1. 18.
    34. 16. 29. 43. 22. 25. 52. 54. 14. 0. 0. 0. 3. 20. 74. 20. 128. 61.
    0. 0. 8. 2. 14. 35. 75. 53. 2. 2. 123. 87. 9. 3. 34. 58. 37. 19. 21.
    44. 37. 11. 1. 0. 0. 0. 0. 1. 7. 1. 39. 76. 4. 0. 0. 0. 2. 2. 18.
    128. 60. 0. 4. 36. 10. 0. 0. 23. 74. 5. 1. 41. 59. 2. 114. 46. 4. 2.
    6. 3. 0. 49. 34. 19. 10. 15. 38. 27. 12. 34. 35. 29. 13. 6. 14. 38.
