<?xml version="1.0"?>
<opencv_storage>
<keypoints type_id="opencv-matrix">
  <rows>20</rows>
  <cols>7</cols>
  <dt>d</dt>
  <data>
    1.5044982910156250e+01 3.5858570098876953e+01 3.1562716960906982e+00
    2.7065835571289063e+02 8.2420684397220612e-02 7341055. -1.
    1.7104244232177734e+01 1.6656169891357422e+01 1.8767216205596924e+00
    4.0788269042968750e+01 5.7765204459428787e-02 3211775. -1.
    1.7104244232177734e+01 1.6656169891357422e+01 1.8767216205596924e+00
    2.2127030944824219e+02 5.7765204459428787e-02 3211775. -1.
    2.0003364562988281e+01 2.5378280639648438e+01 3.0146081447601318e+00
    1.9024047851562500e+00 6.5492033958435059e-02 4064255. -1.
    2.0003364562988281e+01 2.5378280639648438e+01 3.0146081447601318e+00
    2.4777030944824219e+02 6.5492033958435059e-02 4064255. -1.
    2.0003364562988281e+01 2.5378280639648438e+01 3.0146081447601318e+00
    2.8091961669921875e+02 6.5492033958435059e-02 4064255. -1.
    2.0088289260864258e+01 3.1947637557983398e+01 4.1324176788330078e+00
    1.3331327819824219e+02 6.6005453467369080e-02 10158336. -1.
    2.0088289260864258e+01 3.1947637557983398e+01 4.1324176788330078e+00
    3.2612713623046875e+02 6.6005453467369080e-02 10158336. -1.
    2.6043973922729492e+01 3.0731790542602539e+01 3.5390393733978271e+00
    2.1476782226562500e+02 1.0134401917457581e-01 15664127. -1.
    2.6043973922729492e+01 3.0731790542602539e+01 3.5390393733978271e+00
    2.4296690368652344e+02 1.0134401917457581e-01 15664127. -1.
    2.6043973922729492e+01 3.0731790542602539e+01 3.5390393733978271e+00
    2.8725738525390625e+02 1.0134401917457581e-01 15664127. -1.
    2.6043973922729492e+01 3.0731790542602539e+01 3.5390393733978271e+00
    3.2830078125000000e+02 1.0134401917457581e-01 15664127. -1.
    2.6131690979003906e+01 2.1830135345458984e+01 1.0042249679565430e+01
    2.5359652709960938e+02 6.7305214703083038e-02 7537153. -1.
    3.1862947463989258e+01 3.1139122009277344e+01 3.7064685821533203e+00
    2.1764898681640625e+02 5.5427577346563339e-02 2294016. -1.
    3.2026988983154297e+01 2.5368585586547852e+01 3.0208127498626709e+00
    1.7904747009277344e+02 6.4958848059177399e-02 4195327. -1.
    3.2026988983154297e+01 2.5368585586547852e+01 3.0208127498626709e+00
    2.6304040527343750e+02 6.4958848059177399e-02 4195327. -1.
    3.2026988983154297e+01 2.5368585586547852e+01 3.0208127498626709e+00
    2.9071856689453125e+02 6.4958848059177399e-02 4195327. -1.
    3.6455127716064453e+01 1.8740350723266602e+01 1.8783155679702759e+00
    1.4771505737304688e+02 6.2148302793502808e-02 3211775. -1.
    3.6455127716064453e+01 1.8740350723266602e+01 1.8783155679702759e+00
    3.2899169921875000e+02 6.2148302793502808e-02 3211775. -1.
    3.7035140991210938e+01 2.9471603393554688e+01 1.9331111907958984e+00
    1.3945800781250000e+01 6.6876731812953949e-02 5308927. -1.</data></keypoints>
<descriptors type_id="opencv-matrix">
  <rows>20</rows>
  <cols>128</cols>
  <dt>f</dt>
  <data>
    2. 0. 0. 0. 0. 0. 0. 4. 6. 0. 0. 0. 0. 10. 39. 37. 0. 0. 0. 0. 2.
    42. 31. 5. 0. 0. 0. 1. 1. 4. 15. 5. 33. 0. 0. 0. 0. 0. 0. 7. 131. 6.
    1. 4. 12. 39. 53. 117. 20. 4. 5. 23. 107. 131. 55. 35. 10. 15. 23.
    2. 6. 13. 68. 71. 42. 3. 0. 0. 0. 0. 0. 0. 131. 75. 26. 72. 17. 4.
    1. 8. 28. 27. 62. 131. 109. 19. 5. 12. 94. 52. 75. 19. 5. 1. 14. 85.
    12. 7. 1. 1. 1. 0. 0. 0. 45. 49. 19. 67. 25. 1. 0. 2. 38. 6. 13.
    111. 48. 4. 53. 131. 105. 28. 4. 3. 8. 22. 88. 131. 4. 0. 0. 0. 0.
    0. 0. 2. 117. 0. 0. 1. 1. 0. 0. 57. 78. 1. 1. 81. 66. 0. 0. 43. 65.
    0. 0. 58. 32. 0. 0. 93. 17. 1. 0. 0. 0. 0. 0. 5. 135. 5. 0. 2. 13.
    1. 0. 66. 75. 1. 0. 52. 135. 3. 0. 24. 135. 1. 0. 13. 27. 0. 0. 82.
    18. 5. 0. 0. 0. 0. 0. 0. 135. 56. 0. 0. 16. 1. 0. 5. 78. 21. 0. 3.
    135. 22. 0. 3. 135. 57. 0. 0. 27. 4. 0. 9. 5. 2. 0. 0. 0. 0. 0. 0.
    129. 47. 0. 0. 2. 1. 0. 0. 71. 27. 0. 0. 102. 64. 0. 2. 92. 113. 0.
    0. 33. 31. 0. 0. 34. 34. 0. 0. 88. 113. 0. 0. 99. 65. 0. 2. 72. 28.
    0. 0. 2. 1. 0. 0. 126. 48. 0. 0. 0. 0. 0. 0. 4. 2. 0. 0. 28. 4. 0.
    7. 136. 61. 0. 0. 136. 24. 0. 2. 78. 22. 0. 2. 15. 1. 0. 4. 136. 59.
    0. 0. 0. 0. 0. 0. 17. 5. 0. 0. 27. 0. 0. 78. 136. 1. 0. 12. 136. 3.
    0. 23. 76. 2. 0. 50. 13. 1. 0. 64. 136. 5. 0. 2. 0. 0. 0. 5. 17. 1.
    0. 0. 32. 0. 0. 94. 70. 0. 0. 55. 69. 0. 0. 41. 77. 1. 1. 81. 1. 0.
    0. 56. 121. 0. 0. 1. 0. 0. 0. 2. 4. 0. 0. 0. 46. 0. 0. 6. 5. 0. 0.
    57. 41. 0. 2. 30. 8. 0. 2. 107. 17. 0. 7. 5. 0. 0. 70. 115. 0. 1.
    11. 1. 0. 41. 114. 18. 106. 6. 0. 6. 28. 0. 0. 17. 115. 43. 13. 12.
    23. 0. 0. 66. 55. 19. 103. 89. 0. 0. 4. 53. 0. 38. 115. 28. 1. 6. 8.
    2. 67. 43. 6. 12. 29. 0. 0. 2. 40. 112. 100. 35. 45. 1. 0. 0. 61.
    91. 115. 73. 1. 0. 11. 26. 21. 28. 49. 30. 32. 35. 54. 30. 13. 21.
    4. 5. 7. 9. 32. 45. 2. 15. 23. 19. 47. 100. 33. 4. 69. 115. 38. 3.
    5. 30. 15. 6. 20. 60. 89. 88. 30. 8. 6. 6. 13. 12. 61. 97. 34. 5. 2.
    8. 14. 44. 19. 12. 16. 6. 33. 23. 2. 23. 11. 0. 0. 51. 73. 8. 1. 4.
    2. 0. 2. 67. 36. 1. 11. 11. 47. 56. 3. 5. 90. 51. 70. 39. 14. 1. 0.
    7. 72. 114. 9. 33. 13. 0. 2. 107. 114. 31. 6. 29. 5. 0. 11. 94. 9.
    0. 39. 19. 9. 14. 23. 43. 114. 88. 114. 18. 1. 9. 25. 32. 44. 71.
    83. 6. 0. 0. 43. 114. 44. 24. 15. 13. 0. 0. 91. 114. 2. 1. 47. 86.
    43. 25. 12. 3. 4. 35. 83. 2. 6. 18. 14. 2. 6. 114. 52. 1. 1. 33. 63.
    11. 0. 35. 12. 0. 0. 34. 114. 19. 0. 3. 6. 3. 5. 1. 8. 28. 15. 38.
    5. 4. 30. 3. 0. 1. 75. 53. 0. 3. 31. 2. 0. 15. 95. 14. 0. 9. 7. 0.
    0. 46. 57. 0. 23. 18. 51. 67. 45. 15. 1. 10. 104. 30. 56. 3. 0. 0.
    35. 103. 15. 11. 21. 1. 0. 46. 117. 57. 2. 23. 10. 0. 2. 117. 68. 0.
    40. 6. 10. 53. 33. 2. 26. 117. 117. 92. 2. 0. 4. 20. 50. 106. 84.
    117. 0. 0. 2. 28. 48. 21. 11. 8. 0. 0. 56. 117. 25. 1. 101. 61. 14.
    4. 10. 2. 16. 85. 34. 38. 38. 32. 48. 41. 38. 40. 117. 51. 2. 6. 15.
    6. 0. 26. 31. 6. 1. 39. 82. 11. 0. 2. 1. 2. 11. 20. 32. 54. 90. 18.
    12. 21. 13. 2. 9. 48. 77. 14. 15. 5. 1. 0. 2. 12. 19. 11. 0. 0. 0.
    0. 0. 11. 5. 0. 12. 11. 6. 10. 38. 119. 105. 43. 28. 12. 9. 76. 119.
    110. 68. 22. 119. 17. 2. 12. 33. 51. 41. 48. 6. 2. 1. 2. 23. 119.
    24. 7. 5. 26. 51. 31. 35. 119. 32. 1. 11. 3. 10. 68. 119. 119. 34.
    10. 117. 52. 41. 20. 31. 36. 29. 36. 8. 20. 60. 62. 57. 46. 4. 3. 0.
    26. 119. 51. 7. 4. 0. 0. 0. 0. 39. 118. 41. 15. 7. 0. 0. 3. 17. 82.
    28. 7. 8. 1. 0. 1. 24. 18. 2. 0. 0. 0. 9. 0. 0. 0. 0. 0. 6. 19. 58.
    12. 13. 2. 0. 0. 3. 85. 60. 34. 12. 0. 0. 0. 39. 121. 5. 20. 13. 0.
    2. 41. 121. 53. 38. 20. 2. 1. 5. 16. 68. 73. 40. 49. 39. 29. 81. 56.
    38. 17. 121. 121. 63. 8. 10. 5. 7. 44. 17. 121. 77. 7. 11. 17. 15.
    15. 31. 121. 41. 5. 7. 7. 8. 14. 23. 45. 57. 37. 121. 61. 6. 6. 121.
    120. 76. 29. 33. 21. 5. 29. 21. 90. 121. 100. 13. 7. 6. 9. 0. 17.
    11. 0. 0. 0. 0. 0. 0. 14. 33. 12. 13. 4. 1. 0. 2. 20. 38. 13. 14.
    21. 12. 1. 16. 14. 45. 22. 1. 5. 23. 18. 1. 0. 4. 6. 2. 2. 1. 1. 16.
    10. 41. 12. 1. 3. 10. 24. 18. 45. 114. 16. 1. 11. 17. 36. 17. 29.
    60. 45. 20. 8. 12. 11. 18. 2. 6. 35. 23. 1. 0. 5. 105. 15. 24. 21.
    6. 22. 83. 114. 13. 12. 28. 15. 26. 114. 114. 61. 35. 27. 6. 0. 4.
    45. 105. 71. 32. 3. 0. 6. 34. 47. 20. 30. 114. 74. 26. 13. 7. 11.
    46. 110. 37. 19. 31. 51. 33. 32. 65. 114. 33. 1. 0. 6. 66. 66. 41.
    104. 44. 18. 0. 0. 7. 50. 18. 31. 79. 73. 10. 0. 2. 13. 60. 96. 7.
    25. 46. 12. 0. 0. 86. 85. 3. 0. 17. 96. 58. 2. 4. 29. 23. 6. 5. 6.
    1. 0. 0. 7. 39. 16. 77. 85. 3. 2. 17. 18. 19. 38. 75. 59. 10. 2. 33.
    46. 12. 43. 8. 0. 1. 23. 53. 35. 16. 5. 5. 29. 12. 1. 2. 5. 94. 24.
    13. 42. 7. 12. 100. 112. 70. 10. 7. 15. 28. 57. 112. 112. 90. 7. 1.
    0. 12. 80. 70. 71. 14. 11. 1. 9. 41. 19. 3. 1. 112. 112. 28. 12. 13.
    13. 11. 45. 74. 41. 36. 48. 34. 16. 23. 112. 95. 2. 1. 17. 36. 16.
    3. 79. 14. 4. 0. 0. 5. 18. 21. 12. 90. 39. 2. 0. 2. 29. 54. 54. 64.
    75. 66. 5. 0. 2. 16. 100. 5. 5. 76. 95. 10. 0. 3. 28. 36. 35. 11.
    63. 66. 26. 7. 5. 65. 25. 45. 51. 35. 7. 3. 35. 92. 71. 14. 2. 0. 3.
