<?xml version="1.0"?>
<opencv_storage>
<keypoints type_id="opencv-matrix">
  <rows>24</rows>
  <cols>7</cols>
  <dt>d</dt>
  <data>
    2.0553848266601563e+01 2.7688220977783203e+01 1.9357655048370361e+00
    1.0446655273437500e+02 3.0531225726008415e-02 5439999. -1.
    2.0553848266601563e+01 2.7688220977783203e+01 1.9357655048370361e+00
    3.1158798217773438e+02 3.0531225726008415e-02 5439999. -1.
    2.2510648727416992e+01 4.3802085876464844e+01 6.8459014892578125e+00
    3.0655584716796875e+02 5.3719263523817062e-02 13239040. -1.
    2.7265308380126953e+01 1.5543664932250977e+01 2.3138871192932129e+00
    7.0079071044921875e+01 4.8406343907117844e-02 1639167. -1.
    2.8275009155273438e+01 1.9131093978881836e+01 2.5697934627532959e+00
    6.4682006835937500e+01 3.6945592612028122e-02 9175807. -1.
    2.9499971389770508e+01 4.5413417816162109e+01 1.8415567874908447e+00
    1.0383987426757813e+02 7.2667986154556274e-02 1835519. -1.
    3.1943834304809570e+01 2.5758148193359375e+01 2.1950649261474609e+01
    4.8953430175781250e+01 7.3611408472061157e-02 13959682. -1.
    3.1943834304809570e+01 2.5758148193359375e+01 2.1950649261474609e+01
    1.2919166564941406e+02 7.3611408472061157e-02 13959682. -1.
    3.2225429534912109e+01 3.9369155883789063e+01 7.2350463867187500e+00
    2.7025003051757813e+02 9.2933692038059235e-02 524545. -1.
    3.2268535614013672e+01 1.3806242942810059e+01 5.0862131118774414e+00
    7.0729431152343750e+01 4.5741047710180283e-02 8454656. -1.
    3.2268535614013672e+01 1.3806242942810059e+01 5.0862131118774414e+00
    1.0705534362792969e+02 4.5741047710180283e-02 8454656. -1.
    3.2433017730712891e+01 3.4294010162353516e+01 2.1177945137023926e+00
    2.6437551879882813e+02 5.6805547326803207e-02 11928063. -1.
    3.2433017730712891e+01 3.4294010162353516e+01 2.1177945137023926e+00
    2.7697988891601563e+02 5.6805547326803207e-02 11928063. -1.
    3.5206489562988281e+01 4.5365463256835938e+01 1.9826599359512329e+00
    7.7740295410156250e+01 6.6755384206771851e-02 7143935. -1.
    3.5840637207031250e+01 3.6435325622558594e+01 2.8817729949951172e+00
    2.6931152343750000e+02 8.2281112670898438e-02 787455. -1.
    3.6712707519531250e+01 1.8913816452026367e+01 2.4738998413085938e+00
    1.1237747192382813e+02 3.5176523029804230e-02 6423295. -1.
    3.6712707519531250e+01 1.8913816452026367e+01 2.4738998413085938e+00
    2.9263027954101563e+02 3.5176523029804230e-02 6423295. -1.
    4.2722599029541016e+01 2.3818704605102539e+01 3.2566268444061279e+00
    1.4389892578125000e+02 3.0445490032434464e-02 9634815. -1.
    4.2722599029541016e+01 2.3818704605102539e+01 3.2566268444061279e+00
    3.1663021850585938e+02 3.0445490032434464e-02 9634815. -1.
    4.5160030364990234e+01 2.0743986129760742e+01 2.4076488018035889e+00
    1.3917037963867188e+02 5.2812021225690842e-02 4522751. -1.
    4.6406906127929688e+01 3.4036815643310547e+01 2.0318863391876221e+00
    1.4193603515625000e+01 6.7734271287918091e-02 8913407. -1.
    4.8856105804443359e+01 3.5336849212646484e+01 2.0097835063934326e+00
    1.9564729309082031e+02 5.7035755366086960e-02 8126975. -1.
    5.3413486480712891e+01 3.2287185668945313e+01 2.2404286861419678e+00
    1.6296873474121094e+02 8.5717149078845978e-02 15991295. -1.
    5.3413486480712891e+01 3.2287185668945313e+01 2.2404286861419678e+00
    1.9706262207031250e+02 8.5717149078845978e-02 15991295. -1.</data></keypoints>
<descriptors type_id="opencv-matrix">
  <rows>24</rows>
  <cols>128</cols>
  <dt>f</dt>
  <data>
    1. 17. 33. 57. 12. 1. 0. 0. 49. 14. 3. 3. 6. 4. 5. 37. 46. 4. 9. 49.
    24. 1. 0. 24. 1. 21. 40. 55. 16. 13. 15. 1. 17. 38. 22. 20. 7. 21.
    6. 1. 121. 42. 3. 7. 3. 0. 1. 14. 32. 2. 4. 114. 95. 0. 0. 7. 0. 7.
    46. 109. 32. 3. 2. 0. 13. 12. 10. 1. 4. 119. 103. 10. 91. 13. 4. 13.
    8. 23. 88. 49. 9. 3. 3. 88. 68. 54. 87. 5. 0. 0. 7. 39. 19. 27. 121.
    18. 0. 116. 121. 0. 0. 19. 31. 1. 1. 58. 121. 1. 1. 15. 62. 12. 0.
    9. 121. 13. 3. 34. 85. 3. 4. 11. 118. 26. 1. 2. 90. 12. 0. 0. 10. 6.
    1. 9. 118. 118. 0. 2. 40. 35. 2. 1. 118. 118. 0. 2. 103. 72. 9. 2.
    109. 37. 0. 16. 118. 7. 1. 2. 73. 5. 8. 7. 95. 118. 0. 0. 22. 57.
    72. 35. 98. 52. 13. 15. 5. 17. 7. 3. 39. 51. 72. 100. 7. 4. 9. 20.
    59. 5. 5. 24. 19. 12. 57. 15. 59. 82. 0. 0. 1. 36. 118. 24. 6. 3. 7.
    8. 2. 22. 28. 4. 0. 1. 78. 93. 9. 3. 12. 2. 1. 1. 10. 34. 46. 26.
    68. 1. 1. 3. 0. 3. 18. 78. 97. 8. 0. 0. 2. 2. 29. 51. 31. 3. 0. 3.
    77. 30. 2. 9. 21. 14. 5. 8. 31. 10. 3. 7. 5. 0. 0. 0. 0. 0. 0. 6.
    63. 0. 0. 0. 0. 0. 5. 122. 40. 3. 0. 0. 0. 0. 95. 122. 5. 1. 0. 0.
    0. 18. 122. 25. 39. 1. 0. 0. 0. 0. 0. 12. 122. 8. 1. 10. 2. 0. 0.
    122. 60. 51. 50. 79. 12. 1. 2. 49. 30. 103. 25. 6. 0. 1. 10. 13. 44.
    10. 0. 0. 0. 0. 0. 1. 122. 73. 3. 17. 16. 5. 0. 5. 43. 50. 35. 107.
    84. 50. 45. 25. 102. 122. 20. 9. 2. 3. 27. 59. 10. 7. 0. 0. 0. 0. 0.
    0. 69. 122. 22. 0. 2. 3. 0. 0. 12. 122. 76. 0. 7. 27. 42. 21. 12.
    26. 97. 14. 0. 1. 28. 45. 151. 50. 0. 0. 0. 0. 1. 36. 130. 103. 0.
    0. 0. 0. 34. 70. 33. 6. 1. 25. 20. 1. 9. 53. 7. 3. 1. 12. 15. 8. 21.
    12. 151. 32. 0. 0. 0. 0. 0. 31. 151. 72. 0. 1. 5. 0. 0. 24. 74. 13.
    9. 46. 65. 2. 0. 6. 44. 44. 9. 10. 5. 1. 2. 7. 151. 15. 0. 0. 0. 0.
    0. 10. 151. 31. 0. 0. 6. 2. 0. 10. 74. 8. 3. 8. 82. 41. 11. 8. 47.
    18. 16. 4. 7. 8. 14. 34. 119. 21. 0. 0. 0. 0. 0. 0. 151. 92. 0. 0.
    1. 1. 0. 0. 71. 36. 7. 14. 59. 20. 2. 1. 4. 12. 58. 13. 19. 7. 2. 4.
    157. 97. 0. 0. 0. 0. 34. 74. 54. 12. 1. 33. 17. 1. 30. 97. 11. 4. 4.
    33. 28. 16. 35. 25. 20. 4. 2. 2. 9. 13. 28. 41. 157. 40. 0. 1. 4. 0.
    0. 70. 118. 20. 12. 66. 77. 4. 1. 23. 84. 54. 11. 16. 7. 2. 8. 20.
    16. 3. 7. 7. 5. 13. 8. 21. 157. 17. 0. 0. 8. 2. 0. 23. 100. 10. 10.
    19. 101. 44. 19. 19. 76. 29. 45. 12. 7. 8. 19. 52. 13. 13. 41. 64.
    2. 1. 0. 3. 157. 84. 0. 0. 3. 1. 0. 0. 86. 39. 18. 24. 96. 31. 1. 1.
    17. 41. 83. 14. 24. 9. 1. 9. 13. 14. 25. 23. 2. 1. 11. 30. 6. 10.
    31. 23. 6. 5. 0. 0. 104. 99. 11. 7. 7. 3. 0. 0. 132. 100. 0. 0. 23.
    20. 0. 0. 15. 13. 7. 7. 40. 29. 7. 14. 38. 12. 0. 2. 12. 4. 4. 4.
    106. 33. 0. 4. 19. 7. 17. 17. 132. 62. 0. 0. 28. 4. 1. 22. 19. 10.
    17. 23. 132. 7. 0. 1. 20. 1. 0. 0. 1. 1. 71. 76. 34. 1. 0. 0. 2. 4.
    116. 132. 132. 2. 0. 3. 35. 2. 11. 132. 13. 0. 1. 18. 132. 3. 0. 6.
    2. 0. 0. 1. 0. 1. 88. 52. 24. 0. 0. 0. 0. 0. 55. 91. 65. 0. 0. 18.
    44. 0. 2. 74. 2. 0. 0. 50. 132. 0. 0. 2. 0. 0. 0. 0. 0. 0. 0. 0. 0.
    0. 0. 0. 0. 0. 13. 4. 0. 0. 0. 0. 0. 0. 18. 6. 0. 0. 0. 0. 0. 0. 0.
    0. 13. 1. 0. 0. 0. 0. 0. 1. 140. 21. 3. 4. 2. 9. 140. 140. 19. 6. 4.
    32. 126. 113. 140. 93. 0. 0. 0. 4. 45. 8. 0. 0. 28. 4. 0. 0. 0. 0.
    0. 1. 140. 140. 122. 25. 3. 4. 14. 61. 29. 70. 140. 140. 140. 42.
    24. 22. 0. 0. 1. 16. 67. 5. 0. 0. 0. 0. 0. 0. 0. 0. 0. 0. 3. 21. 46.
    2. 0. 0. 0. 0. 0. 11. 83. 13. 0. 0. 0. 0. 0. 0. 0. 1. 0. 0. 0. 0. 0.
    0. 0. 0. 0. 0. 0. 0. 1. 0. 0. 0. 0. 7. 27. 6. 0. 0. 0. 0. 0. 25. 64.
    3. 0. 0. 0. 0. 0. 1. 0. 0. 21. 2. 0. 0. 0. 0. 0. 1. 141. 70. 15. 5.
    5. 34. 97. 121. 30. 23. 25. 68. 141. 141. 141. 47. 0. 0. 0. 18. 68.
    12. 1. 0. 12. 1. 0. 0. 0. 0. 0. 1. 141. 141. 141. 14. 3. 4. 2. 14.
    17. 79. 141. 141. 137. 25. 3. 5. 0. 0. 2. 31. 55. 1. 0. 0. 0. 0. 0.
    0. 0. 0. 0. 0. 0. 3. 18. 0. 0. 0. 0. 0. 0. 4. 30. 2. 0. 0. 0. 0. 0.
    0. 0. 0. 0. 0. 0. 0. 22. 0. 0. 0. 0. 0. 1. 65. 23. 3. 6. 0. 0. 0.
    43. 116. 8. 8. 6. 0. 0. 14. 116. 90. 2. 0. 0. 0. 2. 116. 91. 5. 114.
    5. 0. 1. 1. 0. 0. 84. 65. 23. 63. 38. 21. 9. 5. 78. 116. 85. 50. 8.
    2. 3. 10. 27. 34. 4. 1. 2. 18. 65. 21. 10. 116. 80. 0. 0. 1. 1. 0.
    7. 67. 69. 6. 11. 23. 38. 66. 24. 116. 24. 10. 3. 2. 8. 53. 92. 35.
    9. 20. 57. 20. 4. 1. 5. 25. 68. 1. 0. 0. 0. 0. 0. 29. 116. 39. 0. 0.
    0. 8. 4. 9. 84. 116. 14. 0. 0. 8. 11. 2. 4. 86. 116. 2. 0. 0. 0. 1.
    0. 0. 0. 0. 0. 0. 3. 11. 0. 0. 0. 0. 0. 1. 109. 6. 0. 0. 0. 0. 1.
    58. 159. 1. 1. 0. 0. 1. 3. 144. 112. 29. 0. 0. 0. 0. 0. 0. 17. 159.
