<?xml version="1.0"?>
<opencv_storage>
<keypoints type_id="opencv-matrix">
  <rows>14</rows>
  <cols>7</cols>
  <dt>d</dt>
  <data>
    1.6003326416015625e+01 3.5557403564453125e+01 2.5049693584442139e+00
    3.0979492187500000e+01 7.2602808475494385e-02 7340799. -1.
    2.3599874496459961e+01 5.8895446777343750e+01 3.0017685890197754e+00
    9.7065551757812500e+01 6.3809119164943695e-02 3736575. -1.
    2.4732570648193359e+01 6.2213169097900391e+01 5.1609601974487305e+00
    2.4497000122070313e+02 7.0894420146942139e-02 9503232. -1.
    2.7756988525390625e+01 4.3599590301513672e+01 1.0085231781005859e+01
    2.7857971191406250e+02 6.7216463387012482e-02 7799297. -1.
    2.8026327133178711e+01 2.2055582046508789e+01 1.0842956542968750e+01
    1.0698608398437500e+01 1.0211588442325592e-01 13042177. -1.
    2.8026327133178711e+01 2.2055582046508789e+01 1.0842956542968750e+01
    8.4280944824218750e+01 1.0211588442325592e-01 13042177. -1.
    4.7327510833740234e+01 5.7810913085937500e+01 2.5517289638519287e+00
    7.5302764892578125e+01 7.0187047123908997e-02 8717055. -1.
    4.7327510833740234e+01 5.7810913085937500e+01 2.5517289638519287e+00
    2.4509878540039063e+02 7.0187047123908997e-02 8717055. -1.
    5.6953281402587891e+01 4.5248489379882813e+01 1.3824627876281738e+01
    1.9361518859863281e+02 7.8624017536640167e-02 13894401. -1.
    5.6953281402587891e+01 4.5248489379882813e+01 1.3824627876281738e+01
    2.7148956298828125e+02 7.8624017536640167e-02 13894401. -1.
    5.7756149291992188e+01 5.6016399383544922e+01 3.2824959754943848e+00
    1.8840310668945313e+02 6.4866796135902405e-02 10224639. -1.
    5.7756149291992188e+01 5.6016399383544922e+01 3.2824959754943848e+00
    2.9172277832031250e+02 6.4866796135902405e-02 10224639. -1.
    5.9465969085693359e+01 2.2215702056884766e+01 1.0980994224548340e+01
    9.6663787841796875e+01 1.0356409102678299e-01 13959681. -1.
    5.9465969085693359e+01 2.2215702056884766e+01 1.0980994224548340e+01
    1.7627642822265625e+02 1.0356409102678299e-01 13959681. -1.</data></keypoints>
<descriptors type_id="opencv-matrix">
  <rows>14</rows>
  <cols>128</cols>
  <dt>f</dt>
  <data>
    2. 2. 0. 0. 0. 0. 0. 2. 69. 68. 0. 0. 0. 0. 1. 39. 129. 129. 0. 0.
    0. 0. 1. 21. 25. 90. 3. 2. 9. 9. 0. 0. 17. 0. 0. 0. 0. 0. 0. 8. 128.
    2. 0. 0. 4. 2. 8. 129. 71. 108. 14. 14. 44. 10. 16. 68. 62. 129. 7.
    3. 2. 0. 0. 0. 28. 6. 0. 0. 0. 0. 0. 1. 129. 81. 0. 0. 8. 3. 1. 19.
    49. 56. 5. 11. 119. 79. 1. 6. 78. 129. 3. 4. 22. 28. 0. 0. 5. 4. 0.
    0. 0. 0. 0. 0. 73. 117. 0. 0. 0. 0. 0. 0. 57. 125. 0. 0. 32. 58. 0.
    0. 25. 63. 0. 0. 42. 85. 0. 0. 5. 10. 0. 0. 119. 30. 0. 1. 71. 100.
    0. 0. 7. 5. 0. 20. 40. 32. 0. 0. 33. 117. 3. 14. 0. 0. 0. 0. 32. 98.
    1. 0. 13. 1. 0. 8. 119. 29. 0. 7. 119. 11. 1. 2. 11. 2. 2. 119. 42.
    7. 30. 25. 18. 45. 10. 94. 0. 0. 13. 30. 102. 112. 2. 1. 21. 2. 2.
    85. 119. 4. 9. 8. 119. 24. 4. 13. 17. 0. 4. 40. 25. 8. 74. 119. 63.
    0. 0. 8. 0. 0. 68. 93. 37. 3. 0. 0. 3. 0. 11. 22. 9. 5. 101. 29. 36.
    1. 15. 41. 19. 0. 34. 79. 5. 0. 4. 87. 110. 0. 0. 4. 0. 0. 7. 15.
    12. 0. 0. 0. 1. 0. 0. 0. 0. 0. 0. 2. 1. 0. 0. 0. 0. 0. 25. 21. 0. 0.
    0. 0. 0. 1. 66. 58. 0. 0. 0. 0. 0. 28. 90. 12. 24. 0. 0. 0. 0. 0. 0.
    11. 108. 5. 2. 4. 1. 1. 81. 126. 7. 3. 15. 62. 18. 9. 127. 101. 9.
    23. 33. 23. 4. 29. 82. 42. 49. 1. 0. 0. 0. 0. 0. 2. 127. 28. 11. 32.
    18. 1. 4. 19. 60. 9. 29. 127. 43. 4. 9. 87. 63. 7. 7. 17. 2. 8. 94.
    127. 38. 0. 0. 0. 0. 0. 0. 21. 127. 2. 0. 16. 38. 1. 0. 46. 127. 1.
    0. 16. 50. 3. 2. 127. 110. 0. 0. 1. 1. 1. 10. 127. 1. 0. 0. 0. 0. 0.
    7. 22. 0. 0. 0. 0. 0. 1. 75. 39. 0. 0. 0. 0. 0. 14. 139. 8. 0. 0. 0.
    0. 1. 25. 85. 1. 43. 8. 0. 0. 0. 0. 5. 73. 88. 5. 0. 0. 0. 0. 83.
    140. 21. 0. 0. 0. 0. 13. 140. 91. 6. 0. 0. 0. 64. 140. 140. 19. 68.
    59. 0. 0. 0. 0. 0. 5. 140. 42. 0. 0. 0. 1. 3. 27. 108. 11. 0. 1. 8.
    11. 17. 27. 35. 7. 0. 0. 140. 59. 7. 8. 52. 26. 0. 0. 0. 0. 0. 0.
    140. 63. 3. 0. 0. 0. 0. 10. 77. 32. 25. 9. 9. 4. 0. 5. 22. 19. 27.
    25. 92. 14. 0. 1. 0. 0. 0. 0. 0. 0. 0. 1. 0. 0. 0. 0. 0. 0. 18. 15.
    0. 0. 0. 0. 0. 0. 73. 25. 0. 0. 0. 0. 0. 7. 100. 19. 20. 0. 0. 0. 0.
    0. 0. 12. 106. 4. 1. 0. 0. 0. 90. 150. 12. 3. 10. 2. 0. 0. 150. 150.
    0. 0. 11. 10. 15. 38. 150. 56. 55. 1. 0. 0. 0. 0. 0. 7. 150. 49. 5.
    0. 0. 0. 6. 53. 54. 35. 58. 10. 0. 1. 34. 34. 0. 2. 45. 26. 23. 10.
    19. 7. 36. 7. 0. 0. 0. 0. 0. 2. 150. 107. 22. 0. 0. 0. 0. 3. 22. 52.
    150. 22. 0. 0. 1. 3. 0. 4. 150. 40. 4. 1. 2. 1. 22. 0. 0. 0. 0. 0.
    0. 4. 152. 0. 0. 0. 1. 0. 4. 82. 88. 1. 0. 6. 39. 23. 39. 42. 4. 1.
    0. 23. 73. 54. 33. 6. 44. 2. 0. 0. 0. 0. 0. 4. 152. 45. 7. 2. 3. 0.
    0. 41. 94. 24. 29. 30. 53. 2. 0. 11. 5. 4. 7. 70. 152. 1. 0. 2. 19.
    11. 0. 0. 0. 0. 0. 0. 120. 152. 88. 1. 0. 0. 0. 1. 14. 138. 152. 22.
    5. 0. 0. 0. 0. 15. 129. 111. 56. 1. 0. 0. 0. 1. 0. 0. 0. 0. 0. 0. 0.
    19. 19. 0. 0. 0. 0. 0. 0. 46. 74. 0. 0. 0. 0. 0. 0. 11. 88. 16. 0.
    0. 0. 0. 0. 0. 1. 119. 13. 0. 0. 0. 0. 0. 1. 139. 43. 9. 2. 0. 0. 0.
    0. 139. 26. 17. 1. 0. 0. 0. 0. 14. 1. 1. 0. 0. 5. 6. 16. 139. 36. 0.
    0. 0. 60. 17. 18. 118. 31. 54. 27. 17. 4. 0. 0. 7. 86. 133. 15. 4.
    0. 0. 0. 0. 11. 7. 0. 0. 31. 7. 4. 139. 106. 0. 0. 5. 139. 18. 4.
    18. 37. 10. 2. 31. 18. 0. 0. 28. 139. 36. 1. 3. 0. 0. 0. 3. 31. 3.
    0. 0. 50. 0. 0. 40. 75. 0. 0. 23. 139. 0. 0. 23. 50. 0. 0. 61. 4. 0.
    0. 67. 139. 0. 0. 1. 0. 0. 0. 5. 12. 0. 0. 0. 4. 0. 0. 0. 0. 0. 0.
    3. 91. 0. 0. 0. 0. 0. 0. 95. 69. 0. 0. 71. 62. 0. 0. 81. 18. 0. 0.
    83. 69. 0. 0. 22. 23. 1. 0. 0. 0. 0. 0. 4. 138. 19. 1. 4. 8. 0. 0.
    64. 49. 7. 2. 85. 138. 5. 3. 28. 50. 0. 0. 30. 47. 4. 4. 138. 14. 5.
    0. 0. 0. 0. 0. 1. 115. 112. 12. 5. 4. 0. 1. 20. 23. 42. 20. 27. 78.
    15. 46. 109. 16. 0. 0. 0. 10. 6. 50. 138. 1. 0. 0. 0. 0. 0. 10. 54.
    16. 13. 1. 0. 0. 0. 38. 138. 9. 6. 1. 0. 0. 0. 49. 138. 2. 0. 0. 0.
    0. 0. 23. 123. 0. 0. 0. 0. 0. 0. 0. 1. 0. 0. 0. 0. 0. 0. 15. 19. 0.
    0. 0. 0. 0. 0. 53. 46. 0. 0. 0. 0. 2. 33. 50. 16. 11. 0. 0. 0. 0. 0.
    0. 12. 81. 1. 0. 0. 0. 0. 69. 137. 9. 0. 0. 0. 0. 4. 137. 119. 0. 0.
    0. 0. 55. 114. 130. 19. 23. 3. 0. 0. 0. 0. 0. 4. 137. 70. 4. 0. 0.
    0. 8. 59. 65. 23. 48. 16. 1. 5. 67. 39. 0. 0. 39. 68. 137. 56. 24.
    3. 3. 2. 0. 0. 0. 0. 0. 0. 77. 131. 51. 1. 0. 0. 0. 1. 19. 56. 137.
    66. 0. 0. 1. 2. 0. 0. 137. 123. 16. 0. 0. 0. 34. 9. 0. 0. 0. 0. 0.
    14. 141. 9. 0. 0. 0. 0. 32. 96. 38. 0. 0. 0. 12. 37. 146. 63. 1. 0.
    0. 0. 133. 115. 53. 2. 48. 15. 0. 0. 0. 0. 0. 0. 146. 58. 5. 0. 0.
    0. 0. 28. 100. 31. 36. 9. 37. 4. 4. 22. 5. 3. 9. 33. 146. 17. 1. 1.
    15. 13. 0. 0. 0. 0. 0. 0. 85. 146. 61. 0. 0. 0. 0. 1. 14. 90. 146.
    30. 6. 0. 0. 0. 0. 3. 96. 142. 92. 0. 0. 0. 0. 1. 0. 0. 0. 0. 0. 0.
    0. 13. 9. 0. 0. 0. 0. 0. 0. 6. 40. 2. 0. 0. 0. 0. 0. 0. 13. 11. 0.
    0. 0. 0. 1. 0. 0. 0. 0. 0. 1. 3. 1. 0. 0. 0. 0. 3. 27. 13. 0. 0. 0.
    0. 0. 11. 25. 4. 7. 0. 0. 0. 0. 1. 14. 54. 27. 2. 0. 0. 0. 0. 0. 11.
    114. 8. 0. 0. 0. 14. 99. 99. 14. 1. 0. 0. 0. 120. 130. 28. 31. 3. 5.
    5. 1. 51. 113. 72. 24. 2. 0. 0. 0. 0. 26. 73. 130. 21. 0. 0. 0. 1.
    53. 130. 95. 3. 0. 0. 0. 56. 130. 73. 1. 0. 1. 1. 1. 120. 130. 4.
    96. 1. 0. 0. 0. 0. 30. 130. 27. 0. 0. 0. 0. 0. 100. 130. 15. 0. 0.
    0. 0. 1. 25. 63. 0. 0. 0. 0. 0. 9. 31. 4. 12. 98. 45. 3. 3. 6. 0. 0.
    144. 37. 32. 4. 4. 9. 3. 31. 144. 11. 2. 0. 0. 0. 0. 19. 12. 14. 1.
    0. 0. 0. 0. 0. 38. 16. 8. 0. 0. 0. 0. 3. 144. 44. 21. 4. 0. 0. 0.
    29. 111. 80. 144. 27. 0. 0. 0. 6. 16. 111. 36. 1. 0. 0. 0. 0. 29.
    11. 0. 0. 0. 0. 0. 1. 118. 108. 96. 23. 0. 0. 0. 3. 18. 122. 144.
    86. 0. 0. 0. 0. 34. 144. 84. 2. 0. 0. 0. 0. 1. 3. 0. 0. 0. 0. 0. 0.
    1. 14. 26. 4. 0. 0. 0. 0. 2. 26. 24. 9. 0. 0. 0. 0. 3. 91. 72. 1. 0.
    0. 0. 0. 0. 0. 0. 0. 0. 0. 0. 1. 0. 0. 0. 0. 0. 0. 12. 11. 0. 0. 0.
    0. 0. 0. 52. 8. 0. 0. 0. 0. 0. 12. 37. 1. 17. 0. 0. 0. 0. 0. 0. 9.
    108. 1. 0. 0. 0. 1. 90. 156. 13. 0. 0. 0. 3. 20. 156. 89. 1. 0. 0.
